step,team_reward,collision,mean_form_error,min_dyn_distance,d0_px,d0_py,d0_pz,d0_des_x,d0_des_y,d0_des_z,d0_track_err,d1_px,d1_py,d1_pz,d1_des_x,d1_des_y,d1_des_z,d1_track_err,d2_px,d2_py,d2_pz,d2_des_x,d2_des_y,d2_des_z,d2_track_err,d3_px,d3_py,d3_pz,d3_des_x,d3_des_y,d3_des_z,d3_track_err,d4_px,d4_py,d4_pz,d4_des_x,d4_des_y,d4_des_z,d4_track_err
0,-0.0023238614667207003,0,2.511739694455173e-05,inf,0.0,0.0,1.0000288,0.0,0.0,1.0,2.8848648071289062e-05,0.8,0.0,1.0000018,0.8,0.0,1.0,1.7881393432617188e-06,4.898587e-17,0.8,0.999974,4.898587e-17,0.8,1.0,2.5987625122070312e-05,-0.8,9.797174e-17,1.0000681,-0.8,9.797174e-17,1.0,6.80685043334961e-05,-1.4695762e-16,-0.8,0.9999991,-1.4695762e-16,-0.8,1.0,8.940696716308594e-07
1,-0.0023262992035597563,0,3.42493258358445e-05,inf,-7.5363474e-08,-7.535432e-08,1.0000519,0.0,0.0,1.0,5.1856150093954057e-05,0.79999995,-8.065184e-08,1.0000092,0.8,0.0,1.0,9.179662811220624e-06,8.856685e-08,0.79999995,0.999971,4.898587e-17,0.8,1.0,2.9027658456470817e-05,-0.79999995,-5.1456276e-08,1.0000782,-0.8,9.797174e-17,1.0,7.820133032510057e-05,-7.750692e-08,-0.79999995,0.999997,-1.4695762e-16,-0.8,1.0,2.981835677928757e-06
2,-0.0023299010936170816,0,5.2206993132131174e-05,inf,-2.2650764e-07,-3.7801266e-07,1.0000699,0.0,0.0,1.0,6.985803338466212e-05,0.79999965,-3.820321e-07,1.0000068,0.8,0.0,1.0,6.815050710429205e-06,2.4538323e-07,0.79999965,0.9999468,4.898587e-17,0.8,1.0,5.3228715842124075e-05,-0.79999965,-3.528587e-07,1.0000998,-0.8,9.797174e-17,1.0,9.977944137062877e-05,-2.2100328e-07,-0.7999998,0.99996865,-1.4695762e-16,-0.8,1.0,3.135372753604315e-05
3,-0.002334313467144966,0,6.159387703519315e-05,inf,-3.7763695e-07,-1.14733e-06,1.0000874,0.0,0.0,1.0,8.738876204006374e-05,0.799999,-1.0137135e-06,1.0000143,0.8,0.0,1.0,1.4376740182342473e-05,4.018834e-07,0.7999988,0.9999386,4.898587e-17,0.8,1.0,6.140566983958706e-05,-0.79999894,-1.0823683e-06,1.0001066,-0.8,9.797174e-17,1.0,0.00010658400424290448,-5.402934e-07,-0.7999995,0.9999618,-1.4695762e-16,-0.8,1.0,3.821416248683818e-05
4,-0.0023396164178848267,0,7.566834392491728e-05,inf,-3.7529486e-07,-2.5299312e-06,1.0001019,0.0,0.0,1.0,0.00010195602953899652,0.7999981,-2.0792713e-06,1.0000093,0.8,0.0,1.0,9.717005013953894e-06,4.180785e-07,0.7999973,0.9999125,4.898587e-17,0.8,1.0,8.75417172210291e-05,-0.7999974,-2.6164369e-06,1.0001187,-0.8,9.797174e-17,1.0,0.00011879023077199236,-1.0016992e-06,-0.799999,0.9999397,-1.4695762e-16,-0.8,1.0,6.033672616467811e-05
5,-0.002344591310247779,0,8.622977475170046e-05,inf,-1.3864488e-07,-4.6145005e-06,1.0001166,0.0,0.0,1.0,0.00011667804938042536,0.7999969,-3.89255e-06,1.0000154,0.8,0.0,1.0,1.6162961401278153e-05,1.4128864e-08,0.7999946,0.9998988,4.898587e-17,0.8,1.0,0.00010135392949450761,-0.7999947,-5.134163e-06,1.0001254,-0.8,9.797174e-17,1.0,0.00012562527263071388,-1.7125144e-06,-0.7999983,0.9999287,-1.4695762e-16,-0.8,1.0,7.132867176551372e-05
6,-0.002348823007196188,0,9.673428576206788e-05,inf,3.304315e-07,-7.5495664e-06,1.0001298,0.0,0.0,1.0,0.00013003866479266435,0.79999554,-6.5071727e-06,1.0000103,0.8,0.0,1.0,1.2939504813402891e-05,-1.0609198e-06,0.79999024,0.99987686,4.898587e-17,0.8,1.0,0.00012353512283880264,-0.79999065,-8.943018e-06,1.0001274,-0.8,9.797174e-17,1.0,0.00012809042527806014,-2.6482658e-06,-0.7999974,0.999911,-1.4695762e-16,-0.8,1.0,8.906774746719748e-05
7,-0.0023534621577709913,0,0.00010717417899286374,inf,9.549981e-07,-1.1414308e-05,1.0001421,0.0,0.0,1.0,0.0001425583759555593,0.799994,-1.0243629e-05,1.0000099,0.8,0.0,1.0,1.5461944713024423e-05,-3.1152015e-06,0.7999838,0.9998618,4.898587e-17,0.8,1.0,0.00013920558558311313,-0.7999847,-1.43032385e-05,1.0001281,-0.8,9.797174e-17,1.0,0.0001298524293815717,-3.738565e-06,-0.79999614,0.99989134,-1.4695762e-16,-0.8,1.0,0.00010879257024498656
8,-0.0023586309980601072,0,0.00011595252726692706,inf,1.7370241e-06,-1.6219383e-05,1.0001554,0.0,0.0,1.0,0.00015630242705810815,0.79999244,-1.5166348e-05,1.0000012,0.8,0.0,1.0,1.6992378732538782e-05,-6.416779e-06,0.7999751,0.99984574,4.898587e-17,0.8,1.0,0.000156387613969855,-0.7999765,-2.1435719e-05,1.0001192,-0.8,9.797174e-17,1.0,0.00012337687076069415,-4.987503e-06,-0.7999944,0.9998735,-1.4695762e-16,-0.8,1.0,0.00012670329306274652
9,-0.002363300183787942,0,0.00012596992019098252,inf,2.5949234e-06,-2.1853946e-05,1.0001634,0.0,0.0,1.0,0.0001649109908612445,0.79999113,-2.1567072e-05,0.99999255,0.8,0.0,1.0,2.4485168978571892e-05,-1.14317345e-05,0.79996365,0.99983656,4.898587e-17,0.8,1.0,0.00016782119928393513,-0.7999656,-3.068943e-05,1.0001109,-0.8,9.797174e-17,1.0,0.00012006502947770059,-6.4610185e-06,-0.7999922,0.99984777,-1.4695762e-16,-0.8,1.0,0.00015256725600920618
10,-0.002367950277402997,0,0.0001380410831188783,inf,3.5335652e-06,-2.821455e-05,1.0001779,0.0,0.0,1.0,0.00018011890642810613,0.79999024,-2.9524477e-05,0.99997586,0.8,0.0,1.0,3.936981374863535e-05,-1.8568027e-05,0.7999495,0.99982774,4.898587e-17,0.8,1.0,0.00018046092009171844,-0.7999517,-4.2150034e-05,1.0000976,-0.8,9.797174e-17,1.0,0.00011681355681503192,-8.178486e-06,-0.7999892,0.9998271,-1.4695762e-16,-0.8,1.0,0.00017344224033877254
11,-0.0023725428618490696,0,0.0001515343610662967,inf,4.4708518e-06,-3.502156e-05,1.0001853,0.0,0.0,1.0,0.00018858557450585067,0.79998994,-3.939362e-05,0.99996346,0.8,0.0,1.0,5.466558286570944e-05,-2.8460136e-05,0.79993254,0.9998247,4.898587e-17,0.8,1.0,0.0001899780036183074,-0.7999339,-5.6003035e-05,1.000087,-0.8,9.797174e-17,1.0,0.00012279543443582952,-1.0198159e-05,-0.7999855,0.99979913,-1.4695762e-16,-0.8,1.0,0.00020164721354376525
12,-0.0023776439484208822,0,0.00016905521624721587,inf,5.40446e-06,-4.1990388e-05,1.0002018,0.0,0.0,1.0,0.0002062140847556293,0.7999906,-5.1164792e-05,0.99994135,0.8,0.0,1.0,7.839937461540103e-05,-4.144919e-05,0.79991275,0.99981976,4.898587e-17,0.8,1.0,0.00020450088777579367,-0.79991215,-7.23257e-05,1.0000734,-0.8,9.797174e-17,1.0,0.00013543374370783567,-1.2717375e-05,-0.7999808,0.9997805,-1.4695762e-16,-0.8,1.0,0.0002207279612775892
13,-0.0023849981371313334,0,0.00018783802806865424,inf,6.4061196e-06,-4.88822e-05,1.0002095,0.0,0.0,1.0,0.00021517461573239416,0.7999926,-6.531608e-05,0.99992913,0.8,0.0,1.0,9.666107507655397e-05,-5.8229547e-05,0.7998902,0.99982005,4.898587e-17,0.8,1.0,0.00021869070769753307,-0.7998858,-9.132715e-05,1.0000653,-0.8,9.797174e-17,1.0,0.00016015753499232233,-1.5761396e-05,-0.7999752,0.99975324,-1.4695762e-16,-0.8,1.0,0.00024850619956851006
14,-0.0023915108758956194,0,0.00021169660612940788,inf,7.480764e-06,-5.5352175e-05,1.0002295,0.0,0.0,1.0,0.00023617774422746152,0.7999963,-8.167921e-05,0.9999036,0.8,0.0,1.0,0.0001263898448087275,-7.923679e-05,0.79986507,0.9998173,4.898587e-17,0.8,1.0,0.00024054852838162333,-0.7998548,-0.000112938294,1.000048,-0.8,9.797174e-17,1.0,0.00019011883705388755,-1.956431e-05,-0.7999683,0.9997374,-1.4695762e-16,-0.8,1.0,0.00026524803251959383
15,-0.002398882294073701,0,0.0002369629219174385,inf,8.687664e-06,-6.123819e-05,1.0002375,0.0,0.0,1.0,0.0002453878114465624,0.8000026,-0.00010089537,0.9998926,0.8,0.0,1.0,0.00014738667232450098,-0.00010523875,0.79983723,0.9998197,4.898587e-17,0.8,1.0,0.0002647303626872599,-0.79981834,-0.00013752333,1.000039,-0.8,9.797174e-17,1.0,0.00023116661759559065,-2.4092542e-05,-0.7999603,0.9997075,-1.4695762e-16,-0.8,1.0,0.0002961432619486004
16,-0.002404948929324746,0,0.00026792814605869353,inf,1.0210727e-05,-6.6109125e-05,1.0002588,0.0,0.0,1.0,0.0002673085546121001,0.8000114,-0.00012262544,0.9998652,0.8,0.0,1.0,0.00018260497017763555,-0.00013658838,0.799807,0.9998182,4.898587e-17,0.8,1.0,0.00029825232923030853,-0.7997767,-0.00016486486,1.0000161,-0.8,9.797174e-17,1.0,0.000278063933365047,-2.9648938e-05,-0.7999508,0.9996919,-1.4695762e-16,-0.8,1.0,0.00031341088470071554
17,-0.002411437686532736,0,0.00030090639484114945,inf,1.2074465e-05,-6.9885726e-05,1.0002683,0.0,0.0,1.0,0.00027755400515161455,0.8000239,-0.00014764848,0.9998538,0.8,0.0,1.0,0.00020916206995025277,-0.00017418047,0.7997745,0.9998233,4.898587e-17,0.8,1.0,0.0003352830826770514,-0.79972863,-0.0001954668,1.0000031,-0.8,9.797174e-17,1.0,0.0003344606957398355,-3.6129422e-05,-0.79993993,0.99965906,-1.4695762e-16,-0.8,1.0,0.00034807214979082346
18,-0.0024171913973987103,0,0.0003391200734768063,inf,1.4484902e-05,-7.208296e-05,1.000288,0.0,0.0,1.0,0.0002972462389152497,0.80003995,-0.00017567533,0.9998262,0.8,0.0,1.0,0.00025033089332282543,-0.00021823311,0.7997402,0.99982387,4.898587e-17,0.8,1.0,0.00038229930214583874,-0.79967487,-0.00022891049,0.99997675,-0.8,9.797174e-17,1.0,0.00039831968024373055,-4.3910797e-05,-0.7999273,0.99964255,-1.4695762e-16,-0.8,1.0,0.0003674041945487261
19,-0.0024230252020061016,0,0.00038085837149992585,inf,1.7454262e-05,-7.248404e-05,1.0003,0.0,0.0,1.0,0.0003091738326475024,0.80006063,-0.00020769089,0.99981165,0.8,0.0,1.0,0.00028685538563877344,-0.0002696995,0.7997044,0.9998301,4.898587e-17,0.8,1.0,0.0004347380599938333,-0.7996143,-0.00026551707,0.9999591,-0.8,9.797174e-17,1.0,0.0004700393183156848,-5.28358e-05,-0.79991317,0.99960953,-1.4695762e-16,-0.8,1.0,0.00040348523180000484
20,-0.002428027568385005,0,0.00042771283187903464,inf,2.1025096e-05,-7.060064e-05,1.0003192,0.0,0.0,1.0,0.0003276313073001802,0.800086,-0.00024342332,0.99978447,0.8,0.0,1.0,0.00033631219412200153,-0.00032864406,0.7996674,0.99983245,4.898587e-17,0.8,1.0,0.0004966871929354966,-0.7995475,-0.00030496955,0.99993217,-0.8,9.797174e-17,1.0,0.0005498912069015205,-6.329289e-05,-0.799897,0.9995894,-1.4695762e-16,-0.8,1.0,0.0004280422581359744
21,-0.002433495596051216,0,0.0004788282385561615,inf,2.5072812e-05,-6.620194e-05,1.000334,0.0,0.0,1.0,0.00034144349046982825,0.80011725,-0.0002838136,0.99976724,0.8,0.0,1.0,0.00038531978498212993,-0.00039605176,0.79962975,0.99984,4.898587e-17,0.8,1.0,0.0005652837571687996,-0.79947394,-0.00034744476,0.99991035,-0.8,9.797174e-17,1.0,0.0006367922760546207,-7.514584e-05,-0.7998791,0.999557,-1.4695762e-16,-0.8,1.0,0.00046530168037861586
22,-0.0024397429078817368,0,0.0005349955754354596,inf,2.9612342e-05,-5.8841113e-05,1.000353,0.0,0.0,1.0,0.00035907261190004647,0.8001543,-0.00032866315,0.9997409,0.8,0.0,1.0,0.0004460566851776093,-0.00047200735,0.7995918,0.9998448,4.898587e-17,0.8,1.0,0.000643066712655127,-0.79939383,-0.00039277767,0.999884,-0.8,9.797174e-17,1.0,0.0007315609254874289,-8.874944e-05,-0.799859,0.99953365,-1.4695762e-16,-0.8,1.0,0.0004952208255417645
23,-0.0024480882566422224,0,0.0005960025009699166,inf,3.469199e-05,-4.8239737e-05,1.0003698,0.0,0.0,1.0,0.0003745306166820228,0.8001984,-0.0003788129,0.99972117,0.8,0.0,1.0,0.0005104841548018157,-0.00055742357,0.7995541,0.9998535,4.898587e-17,0.8,1.0,0.0007287075277417898,-0.79930687,-0.00044100994,0.99986005,-0.8,9.797174e-17,1.0,0.0008333802688866854,-0.00010402466,-0.79983675,0.9995035,-1.4695762e-16,-0.8,1.0,0.0005329098203219473
24,-0.002456935588270426,0,0.000662552542053163,inf,4.031705e-05,-3.3987697e-05,1.0003892,0.0,0.0,1.0,0.00039277414907701313,0.80024964,-0.0004342097,0.9996962,0.8,0.0,1.0,0.0005857881624251604,-0.0006524582,0.7995172,0.99986035,4.898587e-17,0.8,1.0,0.0008235887507908046,-0.7992131,-0.0004920675,0.999834,-0.8,9.797174e-17,1.0,0.000942814105655998,-0.000121251534,-0.79981226,0.99947804,-1.4695762e-16,-0.8,1.0,0.000567797280382365
25,-0.0024644446093589067,0,0.0007345714839175344,inf,4.6539273e-05,-1.5788639e-05,1.0004072,0.0,0.0,1.0,0.0004101736703887582,0.8003089,-0.00049554737,0.99967515,0.8,0.0,1.0,0.0006682014209218323,-0.00075791485,0.79948163,0.9998695,4.898587e-17,0.8,1.0,0.0009274578187614679,-0.7991125,-0.00054591766,0.9998085,-0.8,9.797174e-17,1.0,0.0010594251798465848,-0.00014057152,-0.7997853,0.99944925,-1.4695762e-16,-0.8,1.0,0.0006075992714613676
26,-0.002473044442012906,0,0.0008129446650855243,inf,5.3361535e-05,6.7658893e-06,1.0004275,0.0,0.0,1.0,0.0004308552306611091,0.80037653,-0.00056291826,0.99965173,0.8,0.0,1.0,0.0007615367067046463,-0.0008740679,0.79944783,0.99987763,4.898587e-17,0.8,1.0,0.001041090115904808,-0.79900503,-0.0006025453,0.99978256,-0.8,9.797174e-17,1.0,0.0011833537137135863,-0.00016220497,-0.79975605,0.99942213,-1.4695762e-16,-0.8,1.0,0.0006478874129243195
27,-0.0024812151677906513,0,0.000897597405128181,inf,6.0836534e-05,3.3977853e-05,1.0004468,0.0,0.0,1.0,0.0004521975351963192,0.80045336,-0.00063688477,0.99963033,0.8,0.0,1.0,0.0008647575159557164,-0.0010016202,0.79941636,0.99988693,4.898587e-17,0.8,1.0,0.0011647633509710431,-0.7988907,-0.0006618734,0.9997562,-0.8,9.797174e-17,1.0,0.0013145559933036566,-0.00018633968,-0.79972446,0.9993935,-1.4695762e-16,-0.8,1.0,0.0006917124846950173
28,-0.0024889635387808084,0,0.0009893469978123903,inf,6.896368e-05,6.624297e-05,1.000468,0.0,0.0,1.0,0.00047768480726517737,0.8005398,-0.000717652,0.99960816,0.8,0.0,1.0,0.0009797579841688275,-0.001140953,0.79938793,0.9998959,4.898587e-17,0.8,1.0,0.0012989452807232738,-0.79876953,-0.0007237643,0.9997306,-0.8,9.797174e-17,1.0,0.0014527542516589165,-0.00021331945,-0.7996905,0.9993654,-1.4695762e-16,-0.8,1.0,0.0007375925779342651
29,-0.0024967442732304335,0,0.0010883704526349902,inf,7.7802404e-05,0.00010373242,1.0004891,0.0,0.0,1.0,0.0005060116527602077,0.80063653,-0.0008056846,0.9995867,0.8,0.0,1.0,0.0011068417225033045,-0.0012925401,0.79936296,0.99990547,4.898587e-17,0.8,1.0,0.001444103429093957,-0.7986415,-0.0007881201,0.9997042,-0.8,9.797174e-17,1.0,0.0015981828328222036,-0.0002433566,-0.7996542,0.9993366,-1.4695762e-16,-0.8,1.0,0.0007867129752412438
30,-0.0025041005574166775,0,0.0011952599743381143,inf,8.734626e-05,0.00014680329,1.0005116,0.0,0.0,1.0,0.0005394094041548669,0.8007439,-0.00090127345,0.99956536,0.8,0.0,1.0,0.0012468118220567703,-0.0014568508,0.79934216,0.9999155,4.898587e-17,0.8,1.0,0.0016007288359105587,-0.7985066,-0.0008548067,0.9996787,-0.8,9.797174e-17,1.0,0.0017504780553281307,-0.0002767748,-0.79961544,0.99930775,-1.4695762e-16,-0.8,1.0,0.0008388715796172619
31,-0.002511476632207632,0,0.0013101756339892745,inf,9.765804e-05,0.00019565439,1.0005342,0.0,0.0,1.0,0.0005772024160251021,0.80086243,-0.0010048312,0.99954426,0.8,0.0,1.0,0.0014004105469211936,-0.0016342916,0.79932606,0.9999259,4.898587e-17,0.8,1.0,0.0017693518893793225,-0.79836506,-0.00092373294,0.99965286,-0.8,9.797174e-17,1.0,0.0019096769392490387,-0.00031380812,-0.79957443,0.99927884,-1.4695762e-16,-0.8,1.0,0.0008942361455410719
32,-0.0025188797153532505,0,0.0014336915919557214,inf,0.00010872792,0.0002506212,1.0005578,0.0,0.0,1.0,0.0006210890132933855,0.80099267,-0.0011166716,0.9995232,0.8,0.0,1.0,0.0015683232340961695,-0.0018251865,0.7993153,0.99993664,4.898587e-17,0.8,1.0,0.0019504324300214648,-0.7982168,-0.0009947602,0.99962807,-0.8,9.797174e-17,1.0,0.002075489377602935,-0.00035476702,-0.799531,0.99924994,-1.4695762e-16,-0.8,1.0,0.0009531238465569913
33,-0.0025262769777327776,0,0.0015660354401916265,inf,0.0001206194,0.0003119109,1.0005815,0.0,0.0,1.0,0.0006708077853545547,0.8011351,-0.0012372187,0.9995026,0.8,0.0,1.0,0.0017511694459244609,-0.0020299726,0.7993103,0.9999481,4.898587e-17,0.8,1.0,0.002144562778994441,-0.7980621,-0.0010677946,0.999603,-0.8,9.797174e-17,1.0,0.002247970551252365,-0.0003998875,-0.79948527,0.9992211,-1.4695762e-16,-0.8,1.0,0.0010156669886782765
34,-0.0025337031111121178,0,0.0017078241799026728,inf,0.00013346653,0.00037987318,1.0006064,0.0,0.0,1.0,0.0007279143901541829,0.8012902,-0.0013667891,0.99948215,0.8,0.0,1.0,0.0019495891174301505,-0.0022489333,0.79931176,0.9999595,4.898587e-17,0.8,1.0,0.002352240262553096,-0.7979008,-0.0011428532,0.9995787,-0.8,9.797174e-17,1.0,0.0024269947316497564,-0.00044947132,-0.7994373,0.999192,-1.4695762e-16,-0.8,1.0,0.0010823822813108563
35,-0.00254071201197803,0,0.0018591845873743296,inf,0.00014731594,0.00045470215,1.0006313,0.0,0.0,1.0,0.0007918564369902015,0.8014585,-0.0015058042,0.99946207,0.8,0.0,1.0,0.0021642413921654224,-0.002482511,0.79932004,0.9999714,4.898587e-17,0.8,1.0,0.0025741092395037413,-0.79773325,-0.0012198479,0.9995544,-0.8,9.797174e-17,1.0,0.00261243456043303,-0.0005037626,-0.7993871,0.999163,-1.4695762e-16,-0.8,1.0,0.001153280958533287
36,-0.0025477830786257982,0,0.0020206805784255266,inf,0.00016230496,0.0005365872,1.0006572,0.0,0.0,1.0,0.000863818044308573,0.8016404,-0.0016545999,0.9994422,0.8,0.0,1.0,0.002395759802311659,-0.0027310164,0.79933566,0.9999834,4.898587e-17,0.8,1.0,0.0028107103426009417,-0.7975593,-0.0012987911,0.9995309,-0.8,9.797174e-17,1.0,0.0028042602352797985,-0.00056306174,-0.7993348,0.99913365,-1.4695762e-16,-0.8,1.0,0.001228853827342391
37,-0.002555066952481866,0,0.0021924255415797234,inf,0.00017847963,0.0006257251,1.0006831,0.0,0.0,1.0,0.0009433824452571571,0.8018365,-0.0018135866,0.9994225,0.8,0.0,1.0,0.0026448566932231188,-0.0029947083,0.79935914,0.9999955,4.898587e-17,0.8,1.0,0.0030625169165432453,-0.79737926,-0.001379599,0.9995075,-0.8,9.797174e-17,1.0,0.003002370474860072,-0.000627614,-0.7992805,0.9991045,-1.4695762e-16,-0.8,1.0,0.0013090005377307534
38,-0.0025619755033403635,0,0.002374937292188406,inf,0.00019597834,0.00072230987,1.0007099,0.0,0.0,1.0,0.0010315447580069304,0.80204713,-0.001983127,0.9994031,0.8,0.0,1.0,0.002912003779783845,-0.0032739453,0.7993909,1.0000081,4.898587e-17,0.8,1.0,0.003330133156850934,-0.79719305,-0.0014622764,0.9994845,-0.8,9.797174e-17,1.0,0.003206718945875764,-0.0006977164,-0.7992243,0.99907506,-1.4695762e-16,-0.8,1.0,0.0013942861696705222
39,-0.002569417702034116,0,0.0025683282874524593,inf,0.00021484452,0.0008265288,1.0007365,0.0,0.0,1.0,0.0011276983423158526,0.8022729,-0.0021636384,0.9993839,0.8,0.0,1.0,0.00319796334952116,-0.0035689613,0.79943144,1.0000207,4.898587e-17,0.8,1.0,0.0036140261217951775,-0.7970008,-0.0015467451,0.9994615,-0.8,9.797174e-17,1.0,0.003417243482545018,-0.0007736149,-0.79916626,0.99904567,-1.4695762e-16,-0.8,1.0,0.0014847101410850883
40,-0.00257555628195405,0,0.002773038577288389,inf,0.00023521658,0.0009385752,1.0007638,0.0,0.0,1.0,0.0012327209115028381,0.80251426,-0.0023554643,0.9993649,0.8,0.0,1.0,0.0035032795276492834,-0.003880064,0.79948115,1.0000334,4.898587e-17,0.8,1.0,0.003914744593203068,-0.79680264,-0.0016330127,0.999439,-0.8,9.797174e-17,1.0,0.0036338185891509056,-0.0008556191,-0.79910636,0.9990163,-1.4695762e-16,-0.8,1.0,0.0015806308947503567
41,-0.0025831491220742464,0,0.0029892537277191877,inf,0.00025714462,0.0010584989,1.0007911,0.0,0.0,1.0,0.001346231554634869,0.80277157,-0.0025590456,0.99934614,0.8,0.0,1.0,0.003828547429293394,-0.004207538,0.7995404,1.000046,4.898587e-17,0.8,1.0,0.004232816398143768,-0.7965987,-0.0017209976,0.99941653,-0.8,9.797174e-17,1.0,0.0038563425187021494,-0.0009439575,-0.7990447,0.9989868,-1.4695762e-16,-0.8,1.0,0.0016823305049911141
42,-0.002589442301541567,0,0.0032173071522265673,inf,0.00028076486,0.0011864798,1.0008188,0.0,0.0,1.0,0.001468698843382299,0.80304515,-0.0027747161,0.99932736,0.8,0.0,1.0,0.004174252040684223,-0.0045516994,0.7996096,1.0000587,4.898587e-17,0.8,1.0,0.004568788222968578,-0.7963889,-0.0018107074,0.9993944,-0.8,9.797174e-17,1.0,0.004084770102053881,-0.0010389431,-0.7989815,0.9989572,-1.4695762e-16,-0.8,1.0,0.0017900255043059587
43,-0.0025967282708734274,0,0.0034574251621961594,inf,0.00030612678,0.0013225682,1.0008467,0.0,0.0,1.0,0.0015999609604477882,0.8033355,-0.0030029393,0.99930906,0.8,0.0,1.0,0.004540972877293825,-0.0049128286,0.79968923,1.0000713,4.898587e-17,0.8,1.0,0.0049231648445129395,-0.7961735,-0.0019020633,0.99937224,-0.8,9.797174e-17,1.0,0.004319029860198498,-0.0011408109,-0.79891664,0.9989276,-1.4695762e-16,-0.8,1.0,0.0019039971521124244
44,-0.0026032922323793173,0,0.0037098689936101437,inf,0.00033336497,0.0014669363,1.0008749,0.0,0.0,1.0,0.001740242587402463,0.8036429,-0.0032440508,0.9992909,0.8,0.0,1.0,0.00492925476282835,-0.005291068,0.7997797,1.0000837,4.898587e-17,0.8,1.0,0.00529631320387125,-0.79595244,-0.0019950715,0.9993505,-0.8,9.797174e-17,1.0,0.004559059161692858,-0.0012498747,-0.7988503,0.99889797,-1.4695762e-16,-0.8,1.0,0.0020244752522557974
45,-0.0026096231304109097,0,0.003974881488829851,inf,0.00036252858,0.0016196355,1.0009029,0.0,0.0,1.0,0.0018894069362431765,0.80396795,-0.003498518,0.9992732,0.8,0.0,1.0,0.00533970445394516,-0.0056867395,0.7998814,1.0000964,4.898587e-17,0.8,1.0,0.005688793957233429,-0.795726,-0.0020896876,0.99932814,-0.8,9.797174e-17,1.0,0.004804722964763641,-0.0013663677,-0.79878247,0.9988683,-1.4695762e-16,-0.8,1.0,0.0021517782006412745
46,-0.0026165011804550886,0,0.004252729006111622,inf,0.00039375472,0.0017808492,1.0009313,0.0,0.0,1.0,0.00204785680398345,0.80431074,-0.003766694,0.99925596,0.8,0.0,1.0,0.005772690288722515,-0.0060999934,0.79999465,1.0001092,4.898587e-17,0.8,1.0,0.0061009731143713,-0.7954941,-0.00218596,0.999306,-0.8,9.797174e-17,1.0,0.005056031513959169,-0.0014904372,-0.79871327,0.9988385,-1.4695762e-16,-0.8,1.0,0.0022860958706587553
47,-0.0026230057701468468,0,0.00454359408468008,inf,0.00042709048,0.0019506223,1.0009593,0.0,0.0,1.0,0.0022152981255203485,0.80467176,-0.0040490204,0.99923915,0.8,0.0,1.0,0.006228863261640072,-0.0065311273,0.8001198,1.0001223,4.898587e-17,0.8,1.0,0.006533370818942785,-0.7952569,-0.0022838458,0.99928343,-0.8,9.797174e-17,1.0,0.005312853492796421,-0.001622328,-0.7986428,0.9988087,-1.4695762e-16,-0.8,1.0,0.0024275858886539936
48,-0.0026296002324670553,0,0.004847793374210596,inf,0.0004626734,0.0021291396,1.0009876,0.0,0.0,1.0,0.002392227528616786,0.8050514,-0.0043458594,0.9992227,0.8,0.0,1.0,0.006708731409162283,-0.006980273,0.80025715,1.0001352,4.898587e-17,0.8,1.0,0.0069863153621554375,-0.79501444,-0.002383393,0.99926114,-0.8,9.797174e-17,1.0,0.005575158633291721,-0.0017621892,-0.79857105,0.9987788,-1.4695762e-16,-0.8,1.0,0.002576533006504178
49,-0.0026362857315689325,0,0.005165445618331432,inf,0.0005005503,0.0023164477,1.0010157,0.0,0.0,1.0,0.0025783816818147898,0.8054497,-0.004657655,0.99920666,0.8,0.0,1.0,0.0072126626037061214,-0.0074477335,0.8004071,1.0001485,4.898587e-17,0.8,1.0,0.007460330612957478,-0.7947669,-0.0024845595,0.99923843,-0.8,9.797174e-17,1.0,0.005842812359333038,-0.0019102651,-0.79849815,0.9987491,-1.4695762e-16,-0.8,1.0,0.0027330382727086544
50,-0.0026430643629282713,0,0.005496825557202101,inf,0.0005408578,0.0025127267,1.0010438,0.0,0.0,1.0,0.002774136606603861,0.8058671,-0.0049847555,0.999191,0.8,0.0,1.0,0.007741106674075127,-0.007933636,0.80056995,1.0001615,4.898587e-17,0.8,1.0,0.007955721579492092,-0.7945143,-0.0025873913,0.9992158,-0.8,9.797174e-17,1.0,0.0061157699674367905,-0.002066699,-0.7984242,0.9987192,-1.4695762e-16,-0.8,1.0,0.0028973931912332773
51,-0.002649940550327301,0,0.005842165555804968,inf,0.0005836432,0.0027180277,1.0010717,0.0,0.0,1.0,0.0029794019646942616,0.8063038,-0.005327624,0.9991757,0.8,0.0,1.0,0.008294620551168919,-0.008438293,0.800746,1.0001748,4.898587e-17,0.8,1.0,0.008473007939755917,-0.7942567,-0.0026918487,0.9991927,-0.8,9.797174e-17,1.0,0.006394024007022381,-0.0022317388,-0.79834914,0.9986895,-1.4695762e-16,-0.8,1.0,0.003069773782044649
52,-0.0026555336080491543,0,0.0062016588635742664,inf,0.00062904175,0.002932526,1.0010996,0.0,0.0,1.0,0.0031944471411406994,0.80676013,-0.0056866067,0.99916077,0.8,0.0,1.0,0.008873614482581615,-0.00896183,0.8009357,1.0001876,4.898587e-17,0.8,1.0,0.009012497030198574,-0.79399425,-0.0027979775,0.99916977,-0.8,9.797174e-17,1.0,0.006677362602204084,-0.002405532,-0.7982732,0.9986597,-1.4695762e-16,-0.8,1.0,0.003250373527407646
53,-0.0026626023463904858,0,0.006575469858944416,inf,0.0006771073,0.003156297,1.0011274,0.0,0.0,1.0,0.003419302636757493,0.80723625,-0.0060620024,0.99914616,0.8,0.0,1.0,0.009478402324020863,-0.0095043825,0.80113906,1.0002005,4.898587e-17,0.8,1.0,0.00957449246197939,-0.793727,-0.0029057413,0.99914676,-0.8,9.797174e-17,1.0,0.006965793203562498,-0.0025883277,-0.7981963,0.99863017,-1.4695762e-16,-0.8,1.0,0.003439360996708274
54,-0.002668390516191721,0,0.006963829044252634,inf,0.00072796195,0.0033894705,1.0011548,0.0,0.0,1.0,0.0036540329456329346,0.8077325,-0.006454184,0.9991319,0.8,0.0,1.0,0.010109489783644676,-0.010066126,0.80135655,1.0002134,4.898587e-17,0.8,1.0,0.01015936117619276,-0.793455,-0.0030151797,0.9991234,-0.8,9.797174e-17,1.0,0.00725926086306572,-0.0027802675,-0.7981186,0.99860066,-1.4695762e-16,-0.8,1.0,0.003637001384049654
55,-0.0026747395750135183,0,0.007366888225078583,inf,0.00078166684,0.0036321476,1.0011822,0.0,0.0,1.0,0.0038988578598946333,0.8082492,-0.0068634376,0.99911803,0.8,0.0,1.0,0.010767234489321709,-0.010647153,0.8015883,1.000226,4.898587e-17,0.8,1.0,0.010767338797450066,-0.79317844,-0.0031262627,0.99910027,-0.8,9.797174e-17,1.0,0.007557571865618229,-0.0029816062,-0.7980401,0.99857146,-1.4695762e-16,-0.8,1.0,0.0038434360176324844
56,-0.002680947072803974,0,0.007784822024405003,inf,0.0008383473,0.003884471,1.0012094,0.0,0.0,1.0,0.004153858404606581,0.8087863,-0.0072901123,0.99910444,0.8,0.0,1.0,0.011451906524598598,-0.011247654,0.80183464,1.0002385,4.898587e-17,0.8,1.0,0.011398793198168278,-0.79289746,-0.0032390344,0.9990772,-0.8,9.797174e-17,1.0,0.007860604673624039,-0.0031924816,-0.7979609,0.99854225,-1.4695762e-16,-0.8,1.0,0.004058946389704943
57,-0.002687939442694187,0,0.008217768743634224,inf,0.0008980603,0.004146527,1.0012363,0.0,0.0,1.0,0.0044191270135343075,0.8093441,-0.007734499,0.999091,0.8,0.0,1.0,0.0121639184653759,-0.011867717,0.80209583,1.0002508,4.898587e-17,0.8,1.0,0.012053964659571648,-0.7926122,-0.0033534626,0.9990543,-0.8,9.797174e-17,1.0,0.008168223313987255,-0.0034131494,-0.79788107,0.99851346,-1.4695762e-16,-0.8,1.0,0.004283610265702009
58,-0.0026945960707962513,0,0.008665937930345535,inf,0.0009609323,0.0044184634,1.0012631,0.0,0.0,1.0,0.004694862756878138,0.80992275,-0.0081969565,0.9990778,0.8,0.0,1.0,0.012903541326522827,-0.012507573,0.8023721,1.0002632,4.898587e-17,0.8,1.0,0.01273324154317379,-0.7923229,-0.0034695899,0.9990314,-0.8,9.797174e-17,1.0,0.008480249904096127,-0.00364375,-0.79780054,0.9984848,-1.4695762e-16,-0.8,1.0,0.004517792258411646
59,-0.0027018291875720024,0,0.009129460901021957,inf,0.0010270186,0.0047003627,1.0012897,0.0,0.0,1.0,0.004981121048331261,0.81052244,-0.008677772,0.9990648,0.8,0.0,1.0,0.013671129010617733,-0.013167286,0.8026636,1.0002754,4.898587e-17,0.8,1.0,0.0134368184953928,-0.79202956,-0.003587385,0.99900866,-0.8,9.797174e-17,1.0,0.008796601556241512,-0.003884531,-0.7977194,0.9984565,-1.4695762e-16,-0.8,1.0,0.004761632531881332
60,-0.002708729589357972,0,0.009608554653823376,inf,0.0010964478,0.004992378,1.0013162,0.0,0.0,1.0,0.005278104916214943,0.81114334,-0.009177312,0.99905187,0.8,0.0,1.0,0.014467057771980762,-0.013847081,0.8029709,1.0002877,4.898587e-17,0.8,1.0,0.014165115542709827,-0.79173255,-0.0037068927,0.9989859,-0.8,9.797174e-17,1.0,0.00911703985184431,-0.0041356306,-0.7976376,0.9984283,-1.4695762e-16,-0.8,1.0,0.005015456583350897
61,-0.0027162106707692146,0,0.010103333741426468,inf,0.0011692725,0.005294584,1.0013424,0.0,0.0,1.0,0.0055858660489320755,0.81178564,-0.009695873,0.9990392,0.8,0.0,1.0,0.015291635878384113,-0.014547021,0.8032939,1.0002998,4.898587e-17,0.8,1.0,0.01491828728467226,-0.7914319,-0.003828082,0.9989633,-0.8,9.797174e-17,1.0,0.009441474452614784,-0.004397301,-0.7975551,0.99840057,-1.4695762e-16,-0.8,1.0,0.005279401782900095
62,-0.002722521312534809,0,0.01061400305479765,inf,0.0012456226,0.0056071416,1.0013685,0.0,0.0,1.0,0.005904613994061947,0.8124494,-0.010233815,0.9990266,0.8,0.0,1.0,0.016145143657922745,-0.01526733,0.8036331,1.000312,4.898587e-17,0.8,1.0,0.015696750953793526,-0.79112786,-0.0039509987,0.99894065,-0.8,9.797174e-17,1.0,0.009769733063876629,-0.0046696775,-0.79747194,0.9983729,-1.4695762e-16,-0.8,1.0,0.0055537777952849865
63,-0.0027291502337902784,0,0.011140679940581322,inf,0.0013255493,0.0059301197,1.0013944,0.0,0.0,1.0,0.006234398577362299,0.81313497,-0.010791443,0.9990142,0.8,0.0,1.0,0.017028039321303368,-0.01600807,0.80398864,1.0003238,4.898587e-17,0.8,1.0,0.016500674188137054,-0.7908205,-0.0040756124,0.9989183,-0.8,9.797174e-17,1.0,0.010101708583533764,-0.0049528577,-0.7973882,0.99834573,-1.4695762e-16,-0.8,1.0,0.0058385771699249744
64,-0.0027354462072253227,0,0.011683463118970394,inf,0.0014091834,0.0062636817,1.00142,0.0,0.0,1.0,0.006575406063348055,0.81384236,-0.01136896,0.9990019,0.8,0.0,1.0,0.017940456047654152,-0.016769348,0.8043606,1.0003356,4.898587e-17,0.8,1.0,0.01733027957379818,-0.79051006,-0.0042019715,0.9988961,-0.8,9.797174e-17,1.0,0.010437161661684513,-0.005247001,-0.79730386,0.998319,-1.4695762e-16,-0.8,1.0,0.006134015042334795
65,-0.002742793643847108,0,0.012242523953318596,inf,0.001496577,0.0066079013,1.0014455,0.0,0.0,1.0,0.006927746348083019,0.8145717,-0.011966652,0.9989898,0.8,0.0,1.0,0.01888265646994114,-0.017551357,0.80474937,1.0003474,4.898587e-17,0.8,1.0,0.01818590611219406,-0.7901966,-0.0043300427,0.9988741,-0.8,9.797174e-17,1.0,0.010776074603199959,-0.005552164,-0.797219,0.9982924,-1.4695762e-16,-0.8,1.0,0.006440233904868364
66,-0.002749878913164139,0,0.012817944400012493,inf,0.0015878599,0.006962768,1.0014707,0.0,0.0,1.0,0.00729138869792223,0.81532305,-0.012584864,0.9989778,0.8,0.0,1.0,0.019854959100484848,-0.018354148,0.8051549,1.0003588,4.898587e-17,0.8,1.0,0.019067684188485146,-0.7898803,-0.004459867,0.99885195,-0.8,9.797174e-17,1.0,0.01111834030598402,-0.005868505,-0.7971337,0.99826604,-1.4695762e-16,-0.8,1.0,0.006757351104170084
67,-0.0027572261169552803,0,0.013409847393631935,inf,0.001683091,0.007328375,1.0014958,0.0,0.0,1.0,0.007666511926800013,0.8160966,-0.013223904,0.99896574,0.8,0.0,1.0,0.02085765078663826,-0.019177755,0.8055775,1.00037,4.898587e-17,0.8,1.0,0.019975779578089714,-0.78956115,-0.0045914184,0.9988302,-0.8,9.797174e-17,1.0,0.011463827453553677,-0.0061961175,-0.797048,0.99824005,-1.4695762e-16,-0.8,1.0,0.007085465360432863
68,-0.002764251083135605,0,0.014018381014466286,inf,0.001782403,0.0077047194,1.0015208,0.0,0.0,1.0,0.008053096011281013,0.81689256,-0.013883979,0.99895376,0.8,0.0,1.0,0.021891044452786446,-0.020022294,0.80601734,1.000381,4.898587e-17,0.8,1.0,0.020910419523715973,-0.7892392,-0.0047247396,0.99880856,-0.8,9.797174e-17,1.0,0.011812585406005383,-0.0065351585,-0.7969618,0.99821454,-1.4695762e-16,-0.8,1.0,0.007424754556268454
69,-0.002771619940176606,0,0.014643589965999126,inf,0.00188585,0.008091883,1.0015457,0.0,0.0,1.0,0.008451277390122414,0.8177109,-0.014565364,0.9989417,0.8,0.0,1.0,0.022955272346735,-0.020887798,0.8064745,1.0003917,4.898587e-17,0.8,1.0,0.02187173068523407,-0.78891474,-0.0048597986,0.99878716,-0.8,9.797174e-17,1.0,0.01216436829417944,-0.0068856864,-0.79687536,0.99818915,-1.4695762e-16,-0.8,1.0,0.007775301579385996
70,-0.0027791273314505816,0,0.015285630710422993,inf,0.001993473,0.008489843,1.0015703,0.0,0.0,1.0,0.008861002512276173,0.8185518,-0.01526829,0.99892986,0.8,0.0,1.0,0.024050652980804443,-0.021774381,0.80694926,1.0004023,4.898587e-17,0.8,1.0,0.022859957069158554,-0.7885876,-0.004996639,0.9987658,-0.8,9.797174e-17,1.0,0.012519266456365585,-0.0072478787,-0.7967886,0.9981642,-1.4695762e-16,-0.8,1.0,0.008137280121445656
71,-0.00278677511960268,0,0.01594456657767296,inf,0.0021054042,0.008898704,1.0015949,0.0,0.0,1.0,0.009282423183321953,0.8194152,-0.015993018,0.9989179,0.8,0.0,1.0,0.025177322328090668,-0.022682063,0.8074418,1.0004126,4.898587e-17,0.8,1.0,0.023875216022133827,-0.7882581,-0.0051352326,0.99874467,-0.8,9.797174e-17,1.0,0.012877093628048897,-0.007621794,-0.79670155,0.99813944,-1.4695762e-16,-0.8,1.0,0.008510774001479149
72,-0.0027944378089159727,0,0.016620513051748276,inf,0.0022216816,0.009318437,1.0016192,0.0,0.0,1.0,0.009715504013001919,0.82030135,-0.016739782,0.998906,0.8,0.0,1.0,0.02633555792272091,-0.023610972,0.80795217,1.0004228,4.898587e-17,0.8,1.0,0.024917734786868095,-0.78792614,-0.005275622,0.9987237,-0.8,9.797174e-17,1.0,0.013237809762358665,-0.008007608,-0.7966142,0.9981151,-1.4695762e-16,-0.8,1.0,0.008895957842469215
73,-0.0028022436890751123,0,0.01731356605887413,inf,0.0023423964,0.009749148,1.0016437,0.0,0.0,1.0,0.010160429403185844,0.8212102,-0.017508846,0.99889416,0.8,0.0,1.0,0.027525531128048897,-0.02456112,0.8084807,1.0004327,4.898587e-17,0.8,1.0,0.025987643748521805,-0.7875919,-0.0054177786,0.9987029,-0.8,9.797174e-17,1.0,0.013601348735392094,-0.008405381,-0.79652685,0.998091,-1.4695762e-16,-0.8,1.0,0.00929288100451231
74,-0.002810194157063961,0,0.018023822456598282,inf,0.002467542,0.0101908045,1.0016677,0.0,0.0,1.0,0.0106170903891325,0.8221419,-0.018300442,0.9988824,0.8,0.0,1.0,0.02874748222529888,-0.025532642,0.80902743,1.0004426,4.898587e-17,0.8,1.0,0.027085164561867714,-0.7872554,-0.005561746,0.9986822,-0.8,9.797174e-17,1.0,0.013967626728117466,-0.008815289,-0.79643923,0.99806726,-1.4695762e-16,-0.8,1.0,0.009701750241219997
75,-0.002817833563312888,0,0.018751392140984535,inf,0.002597211,0.010643516,1.0016919,0.0,0.0,1.0,0.011085692793130875,0.8230965,-0.019114831,0.9988706,0.8,0.0,1.0,0.030001677572727203,-0.026525544,0.80959266,1.0004522,4.898587e-17,0.8,1.0,0.02821042202413082,-0.7869168,-0.0057074963,0.99866176,-0.8,9.797174e-17,1.0,0.01433656271547079,-0.00923739,-0.7963516,0.9980438,-1.4695762e-16,-0.8,1.0,0.010122599080204964
76,-0.002825720002874732,0,0.019496332854032516,inf,0.002731396,0.011107248,1.0017159,0.0,0.0,1.0,0.01156614813953638,0.82407415,-0.019952249,0.99885887,0.8,0.0,1.0,0.03128831461071968,-0.027539963,0.81017655,1.0004616,4.898587e-17,0.8,1.0,0.029363660141825676,-0.78657615,-0.005855073,0.99864143,-0.8,9.797174e-17,1.0,0.014708079397678375,-0.009671703,-0.7962639,0.99802077,-1.4695762e-16,-0.8,1.0,0.010555468499660492
77,-0.0028337552212178707,0,0.02025872841477394,inf,0.002870186,0.011582102,1.00174,0.0,0.0,1.0,0.012058630585670471,0.82507473,-0.020812958,0.9988471,0.8,0.0,1.0,0.032607514411211014,-0.028575903,0.8107791,1.0004709,4.898587e-17,0.8,1.0,0.030544927343726158,-0.78623354,-0.006004448,0.9986212,-0.8,9.797174e-17,1.0,0.015082110650837421,-0.01011829,-0.79617614,0.99799794,-1.4695762e-16,-0.8,1.0,0.011000457219779491
78,-0.0028419343288987875,0,0.021038666367530823,inf,0.0030135808,0.012068061,1.0017638,0.0,0.0,1.0,0.012563074938952923,0.82609856,-0.021697193,0.9988354,0.8,0.0,1.0,0.03395966440439224,-0.029633498,0.81140053,1.0004799,4.898587e-17,0.8,1.0,0.031754471361637115,-0.785889,-0.0061556674,0.9986014,-0.8,9.797174e-17,1.0,0.015458596870303154,-0.01057717,-0.79608846,0.99797565,-1.4695762e-16,-0.8,1.0,0.011457521468400955
79,-0.0028498771134763956,0,0.021836217492818832,inf,0.0031616641,0.012565214,1.0017879,0.0,0.0,1.0,0.013079652562737465,0.8271455,-0.022605216,0.9988236,0.8,0.0,1.0,0.03534484654664993,-0.030712754,0.81204087,1.0004889,4.898587e-17,0.8,1.0,0.03299234062433243,-0.7855427,-0.006308701,0.9985816,-0.8,9.797174e-17,1.0,0.015837445855140686,-0.011048404,-0.79600084,0.99795353,-1.4695762e-16,-0.8,1.0,0.0119268037378788
80,-0.002858430612832308,0,0.02265143021941185,inf,0.0033144413,0.013073558,1.001812,0.0,0.0,1.0,0.013608332723379135,0.8282156,-0.023537232,0.99881184,0.8,0.0,1.0,0.03676319494843483,-0.031813793,0.8127004,1.0004976,4.898587e-17,0.8,1.0,0.03425878658890724,-0.7851947,-0.006463598,0.9985623,-0.8,9.797174e-17,1.0,0.016218585893511772,-0.011532009,-0.79591334,0.99793196,-1.4695762e-16,-0.8,1.0,0.012408260256052017
81,-0.002866686088964343,0,0.023484405130147934,inf,0.003471984,0.013593152,1.0018358,0.0,0.0,1.0,0.01414915919303894,0.8293089,-0.024493534,0.9988001,0.8,0.0,1.0,0.03821498900651932,-0.032936662,0.81337917,1.0005063,4.898587e-17,0.8,1.0,0.03555392846465111,-0.78484505,-0.006620325,0.9985429,-0.8,9.797174e-17,1.0,0.016601944342255592,-0.012028045,-0.795826,0.99791056,-1.4695762e-16,-0.8,1.0,0.012902009300887585
82,-0.0028755534440279007,0,0.024335168302059174,inf,0.0036343057,0.0141240135,1.0018599,0.0,0.0,1.0,0.01470221672207117,0.8304254,-0.025474308,0.9987883,0.8,0.0,1.0,0.03970027342438698,-0.034081437,0.8140773,1.0005147,4.898587e-17,0.8,1.0,0.03687790408730507,-0.78449386,-0.0067789345,0.998524,-0.8,9.797174e-17,1.0,0.01698743924498558,-0.012536531,-0.79573894,0.9978897,-1.4695762e-16,-0.8,1.0,0.013408011756837368
83,-0.002884125569835305,0,0.02520383521914482,inf,0.003801477,0.014666199,1.0018839,0.0,0.0,1.0,0.015267533250153065,0.8315651,-0.026479851,0.9987766,0.8,0.0,1.0,0.041219327598810196,-0.03524819,0.81479496,1.0005232,4.898587e-17,0.8,1.0,0.03823086619377136,-0.7841412,-0.006939392,0.9985051,-0.8,9.797174e-17,1.0,0.017375048249959946,-0.013057529,-0.7956521,0.997869,-1.4695762e-16,-0.8,1.0,0.013926398009061813
84,-0.002893312368541956,0,0.026090413331985474,inf,0.0039735087,0.01521972,1.0019078,0.0,0.0,1.0,0.01584514044225216,0.83272797,-0.027510354,0.998765,0.8,0.0,1.0,0.04277223348617554,-0.03643699,0.8155322,1.0005313,4.898587e-17,0.8,1.0,0.03961294889450073,-0.7837872,-0.007101749,0.9984866,-0.8,9.797174e-17,1.0,0.01776459440588951,-0.013591052,-0.79556555,0.99784875,-1.4695762e-16,-0.8,1.0,0.014457146637141705
85,-0.0029022085946053267,0,0.02699502930045128,inf,0.0041504726,0.015784636,1.0019317,0.0,0.0,1.0,0.01643509976565838,0.8339141,-0.028566118,0.9987534,0.8,0.0,1.0,0.0443592444062233,-0.037647918,0.8162893,1.0005397,4.898587e-17,0.8,1.0,0.04102436080574989,-0.7834319,-0.007265973,0.998468,-0.8,9.797174e-17,1.0,0.018156105652451515,-0.014137164,-0.79547936,0.9978288,-1.4695762e-16,-0.8,1.0,0.015000330284237862
86,-0.0029117227531969547,0,0.027917707338929176,inf,0.0043323794,0.01636096,1.0019555,0.0,0.0,1.0,0.017037445679306984,0.8351234,-0.029647317,0.9987419,0.8,0.0,1.0,0.04598043113946915,-0.03888103,0.81706625,1.0005476,4.898587e-17,0.8,1.0,0.042465172708034515,-0.78307533,-0.0074321157,0.9984498,-0.8,9.797174e-17,1.0,0.01854950748383999,-0.01469588,-0.7953935,0.9978092,-1.4695762e-16,-0.8,1.0,0.0155559740960598
87,-0.002920948900282383,0,0.02885853685438633,inf,0.004519301,0.016948752,1.0019792,0.0,0.0,1.0,0.01765224151313305,0.836356,-0.03075426,0.99873054,0.8,0.0,1.0,0.04763604700565338,-0.040136408,0.8178633,1.0005558,4.898587e-17,0.8,1.0,0.04393559694290161,-0.7827177,-0.007600146,0.99843156,-0.8,9.797174e-17,1.0,0.018944665789604187,-0.015267266,-0.7953082,0.9977898,-1.4695762e-16,-0.8,1.0,0.01612413488328457
88,-0.0029307969380170107,0,0.029817555099725723,inf,0.0047112475,0.017548019,1.002003,0.0,0.0,1.0,0.018279513344168663,0.83761173,-0.03188712,0.9987192,0.8,0.0,1.0,0.04932616651058197,-0.04141412,0.8186804,1.0005635,4.898587e-17,0.8,1.0,0.04543571174144745,-0.782359,-0.007770115,0.9984136,-0.8,9.797174e-17,1.0,0.019341573119163513,-0.015851334,-0.7952233,0.99777085,-1.4695762e-16,-0.8,1.0,0.016704818233847618
89,-0.002940354635939002,0,0.030794858932495117,inf,0.0049082916,0.018158827,1.0020264,0.0,0.0,1.0,0.01891932263970375,0.83889073,-0.033046205,0.998708,0.8,0.0,1.0,0.05105104297399521,-0.04271423,0.8195179,1.0005715,4.898587e-17,0.8,1.0,0.04696573689579964,-0.7819994,-0.007941992,0.99839574,-0.8,9.797174e-17,1.0,0.01974007673561573,-0.016448153,-0.7951389,0.99775213,-1.4695762e-16,-0.8,1.0,0.017298124730587006
90,-0.002950545633211732,0,0.031790487468242645,inf,0.0051104417,0.018781181,1.0020499,0.0,0.0,1.0,0.019571702927350998,0.8401929,-0.034231685,0.9986968,0.8,0.0,1.0,0.052810754626989365,-0.044036817,0.82037574,1.0005791,4.898587e-17,0.8,1.0,0.04852573201060295,-0.78163886,-0.008115828,0.99837816,-0.8,9.797174e-17,1.0,0.020140230655670166,-0.017057728,-0.7950551,0.9977337,-1.4695762e-16,-0.8,1.0,0.01790403388440609
91,-0.002960419515147805,0,0.032804541289806366,inf,0.0053177723,0.01941515,1.0020733,0.0,0.0,1.0,0.020236730575561523,0.84151834,-0.035443876,0.99868584,0.8,0.0,1.0,0.05460556223988533,-0.04538195,0.8212542,1.0005869,4.898587e-17,0.8,1.0,0.0501159243285656,-0.7812776,-0.008291595,0.99836063,-0.8,9.797174e-17,1.0,0.020541833713650703,-0.017680138,-0.7949718,0.9977156,-1.4695762e-16,-0.8,1.0,0.01852264814078808
92,-0.002970930887386203,0,0.033837027847766876,inf,0.00553029,0.020060733,1.0020965,0.0,0.0,1.0,0.020914411172270775,0.84286696,-0.036682934,0.9986748,0.8,0.0,1.0,0.05643552914261818,-0.046749692,0.82215333,1.0005944,4.898587e-17,0.8,1.0,0.051736414432525635,-0.7809156,-0.008469342,0.9983434,-0.8,9.797174e-17,1.0,0.020944884046912193,-0.018315382,-0.7948893,0.99769783,-1.4695762e-16,-0.8,1.0,0.019153926521539688
93,-0.002981156576424837,0,0.034888070076704025,inf,0.0057480703,0.020718,1.0021197,0.0,0.0,1.0,0.021604834124445915,0.84423876,-0.037949182,0.998664,0.8,0.0,1.0,0.05830087512731552,-0.048140123,0.8230732,1.000602,4.898587e-17,0.8,1.0,0.05338732525706291,-0.780553,-0.008649042,0.99832624,-0.8,9.797174e-17,1.0,0.021349340677261353,-0.01896354,-0.7948074,0.9976803,-1.4695762e-16,-0.8,1.0,0.01979798637330532
94,-0.0029918754007667303,0,0.0359576940536499,inf,0.0059711197,0.021386959,1.0021427,0.0,0.0,1.0,0.02230800874531269,0.84563375,-0.039242785,0.99865323,0.8,0.0,1.0,0.060201723128557205,-0.049553305,0.824014,1.0006094,4.898587e-17,0.8,1.0,0.05506880581378937,-0.7801898,-0.008830745,0.9983094,-0.8,9.797174e-17,1.0,0.021755099296569824,-0.01962461,-0.7947262,0.997663,-1.4695762e-16,-0.8,1.0,0.020454825833439827
95,-0.0030020379927009344,0,0.03704597055912018,inf,0.006199514,0.022067675,1.0021654,0.0,0.0,1.0,0.023024016991257668,0.8470519,-0.040564034,0.9986426,0.8,0.0,1.0,0.06213827431201935,-0.050989304,0.82497585,1.0006168,4.898587e-17,0.8,1.0,0.05678100138902664,-0.7798262,-0.009014424,0.99829257,-0.8,9.797174e-17,1.0,0.0221620611846447,-0.020298675,-0.79464585,0.99764603,-1.4695762e-16,-0.8,1.0,0.021124498918652534
96,-0.003012839239090681,0,0.03815292567014694,inf,0.0064332574,0.022760147,1.0021882,0.0,0.0,1.0,0.023752881214022636,0.8484931,-0.0419131,0.998632,0.8,0.0,1.0,0.06411051750183105,-0.052448194,0.8259587,1.0006241,4.898587e-17,0.8,1.0,0.058523990213871,-0.7794623,-0.009200128,0.99827605,-0.8,9.797174e-17,1.0,0.022570176050066948,-0.02098573,-0.7945662,0.9976293,-1.4695762e-16,-0.8,1.0,0.021807046607136726
97,-0.003023371798917651,0,0.03927861154079437,inf,0.006672431,0.023464456,1.0022109,0.0,0.0,1.0,0.02449469082057476,0.8499573,-0.04329027,0.99862164,0.8,0.0,1.0,0.06611865758895874,-0.053930037,0.8269629,1.0006313,4.898587e-17,0.8,1.0,0.06029796227812767,-0.77909803,-0.009387833,0.99825966,-0.8,9.797174e-17,1.0,0.02297940105199814,-0.021685703,-0.79448754,0.9976128,-1.4695762e-16,-0.8,1.0,0.02250235341489315
98,-0.0030345413833856583,0,0.040423061698675156,inf,0.006917032,0.02418059,1.0022333,0.0,0.0,1.0,0.025249429047107697,0.8514444,-0.044695698,0.9986113,0.8,0.0,1.0,0.06816276162862778,-0.055434927,0.82798827,1.0006385,4.898587e-17,0.8,1.0,0.06210298836231232,-0.77873355,-0.009577587,0.99824345,-0.8,9.797174e-17,1.0,0.023389697074890137,-0.022398591,-0.79440975,0.99759656,-1.4695762e-16,-0.8,1.0,0.0232104379683733
99,-0.003045551246032119,0,0.04158630594611168,inf,0.007167144,0.024908632,1.0022556,0.0,0.0,1.0,0.026017215102910995,0.85295445,-0.046129692,0.9986011,0.8,0.0,1.0,0.0702429935336113,-0.056962885,0.82903504,1.0006455,4.898587e-17,0.8,1.0,0.06393919140100479,-0.778369,-0.009769367,0.9982274,-0.8,9.797174e-17,1.0,0.02380090020596981,-0.02312432,-0.7943329,0.9975805,-1.4695762e-16,-0.8,1.0,0.0239312332123518
100,-0.0030578342266380787,0,0.04276838153600693,inf,0.007422767,0.025648572,1.0022776,0.0,0.0,1.0,0.026798026636242867,0.8544872,-0.047592394,0.99859095,0.8,0.0,1.0,0.07235933095216751,-0.058514044,0.8301034,1.0006526,4.898587e-17,0.8,1.0,0.0658067837357521,-0.7780044,-0.00996322,0.99821156,-0.8,9.797174e-17,1.0,0.0242130309343338,-0.023862889,-0.7942571,0.9975648,-1.4695762e-16,-0.8,1.0,0.024664726108312607
101,-0.0030693996232002974,0,0.04396933689713478,inf,0.007683982,0.026400493,1.0022997,0.0,0.0,1.0,0.027591992169618607,0.85604274,-0.049084105,0.998581,0.8,0.0,1.0,0.07451208680868149,-0.0600884,0.83119327,1.0006595,4.898587e-17,0.8,1.0,0.06770575791597366,-0.77763987,-0.010159124,0.99819595,-0.8,9.797174e-17,1.0,0.024625973775982857,-0.024614222,-0.7941823,0.99754924,-1.4695762e-16,-0.8,1.0,0.025410864502191544
102,-0.0030819333624094725,0,0.04518919438123703,inf,0.007950788,0.027164383,1.0023215,0.0,0.0,1.0,0.028399083763360977,0.85762095,-0.050604977,0.9985711,0.8,0.0,1.0,0.07670123130083084,-0.061686095,0.8323049,1.0006664,4.898587e-17,0.8,1.0,0.06963636726140976,-0.77727544,-0.010357127,0.99818045,-0.8,9.797174e-17,1.0,0.025039706379175186,-0.025378319,-0.7941087,0.9975339,-1.4695762e-16,-0.8,1.0,0.026169605553150177
103,-0.0030937527772039175,0,0.04642799124121666,inf,0.008223268,0.027940327,1.0023433,0.0,0.0,1.0,0.029219429939985275,0.8592217,-0.052155305,0.9985614,0.8,0.0,1.0,0.07892688363790512,-0.06330713,0.8334383,1.0006732,4.898587e-17,0.8,1.0,0.07159862667322159,-0.77691126,-0.010557207,0.9981652,-0.8,9.797174e-17,1.0,0.02545410767197609,-0.026155103,-0.79403615,0.9975188,-1.4695762e-16,-0.8,1.0,0.026940926909446716
104,-0.0031062201596796513,0,0.04768577218055725,inf,0.008501421,0.028728312,1.0023648,0.0,0.0,1.0,0.030052989721298218,0.86084497,-0.05373524,0.9985517,0.8,0.0,1.0,0.08118917793035507,-0.06495163,0.8345935,1.00068,4.898587e-17,0.8,1.0,0.07359268516302109,-0.7765473,-0.010759413,0.99815005,-0.8,9.797174e-17,1.0,0.0258692167699337,-0.026944574,-0.79396486,0.9975039,-1.4695762e-16,-0.8,1.0,0.02772478573024273
105,-0.003118431894108653,0,0.048962533473968506,inf,0.008785329,0.029528428,1.0023862,0.0,0.0,1.0,0.030899904668331146,0.8624908,-0.055344917,0.9985422,0.8,0.0,1.0,0.08348820358514786,-0.06661958,0.83577055,1.0006865,4.898587e-17,0.8,1.0,0.07561858743429184,-0.7761838,-0.010963724,0.99813527,-0.8,9.797174e-17,1.0,0.026284845545887947,-0.02774666,-0.7938948,0.9974892,-1.4695762e-16,-0.8,1.0,0.02852112427353859
106,-0.0031317591201514006,0,0.05025831609964371,inf,0.009074991,0.030340659,1.0024076,0.0,0.0,1.0,0.03176015242934227,0.8641589,-0.0569845,0.9985328,0.8,0.0,1.0,0.08582396060228348,-0.068311155,0.83696955,1.0006932,4.898587e-17,0.8,1.0,0.07767651975154877,-0.77582073,-0.011170188,0.9981206,-0.8,9.797174e-17,1.0,0.02670098841190338,-0.028561363,-0.7938261,0.99747473,-1.4695762e-16,-0.8,1.0,0.029329944401979446
107,-0.0031443799380213022,0,0.05157313868403435,inf,0.009370487,0.031165088,1.0024287,0.0,0.0,1.0,0.03263383358716965,0.8658494,-0.058654256,0.99852353,0.8,0.0,1.0,0.08819659799337387,-0.07002633,0.83819056,1.0006998,4.898587e-17,0.8,1.0,0.07976650446653366,-0.7754582,-0.011378782,0.9981061,-0.8,9.797174e-17,1.0,0.02711758017539978,-0.029388601,-0.7937587,0.99746037,-1.4695762e-16,-0.8,1.0,0.030151180922985077
108,-0.0031576587352901697,0,0.05290704965591431,inf,0.0096718175,0.032001704,1.0024496,0.0,0.0,1.0,0.03352094814181328,0.86756206,-0.06035435,0.99851435,0.8,0.0,1.0,0.0906062051653862,-0.07176525,0.83943355,1.0007063,4.898587e-17,0.8,1.0,0.08188866823911667,-0.7750963,-0.011589557,0.99809176,-0.8,9.797174e-17,1.0,0.027534600347280502,-0.030228378,-0.7936927,0.99744624,-1.4695762e-16,-0.8,1.0,0.03098481334745884
109,-0.0031702276319265366,0,0.05426003411412239,inf,0.0099790655,0.032850593,1.0024706,0.0,0.0,1.0,0.03442160785198212,0.86929697,-0.062084906,0.9985053,0.8,0.0,1.0,0.09305287897586823,-0.07352788,0.84069866,1.0007128,4.898587e-17,0.8,1.0,0.08404306322336197,-0.77473515,-0.011802493,0.9980777,-0.8,9.797174e-17,1.0,0.02795187383890152,-0.031080622,-0.7936282,0.99743235,-1.4695762e-16,-0.8,1.0,0.031830765306949615
110,-0.0031835816334933043,0,0.055632151663303375,inf,0.010292232,0.03371175,1.0024915,0.0,0.0,1.0,0.03533581271767616,0.871054,-0.0638461,0.9984964,0.8,0.0,1.0,0.09553665667772293,-0.07531422,0.84198594,1.0007191,4.898587e-17,0.8,1.0,0.08622972667217255,-0.7743747,-0.012017638,0.9980638,-0.8,9.797174e-17,1.0,0.028369488194584846,-0.031945325,-0.79356515,0.9974185,-1.4695762e-16,-0.8,1.0,0.03268906846642494
111,-0.003197155427187681,0,0.057023338973522186,inf,0.010611391,0.034585245,1.0025121,0.0,0.0,1.0,0.036263637244701385,0.872833,-0.065638,0.99848765,0.8,0.0,1.0,0.09805753827095032,-0.07712426,0.8432954,1.0007254,4.898587e-17,0.8,1.0,0.0884486734867096,-0.77401525,-0.012234974,0.9980501,-0.8,9.797174e-17,1.0,0.02878723107278347,-0.03282243,-0.7935037,0.997405,-1.4695762e-16,-0.8,1.0,0.03355962038040161
112,-0.003210933180525899,0,0.058433663100004196,inf,0.010936545,0.03547107,1.0025325,0.0,0.0,1.0,0.037205085158348083,0.87463385,-0.06746079,0.998479,0.8,0.0,1.0,0.10061550885438919,-0.07895817,0.84462714,1.000732,4.898587e-17,0.8,1.0,0.09070010483264923,-0.77365667,-0.012454547,0.9980366,-0.8,9.797174e-17,1.0,0.02920517884194851,-0.033711925,-0.7934438,0.9973916,-1.4695762e-16,-0.8,1.0,0.034442439675331116
113,-0.0032244687899947166,0,0.059863120317459106,inf,0.011267777,0.03636932,1.002553,0.0,0.0,1.0,0.0381602942943573,0.87645656,-0.06931455,0.9984705,0.8,0.0,1.0,0.1032107025384903,-0.08081588,0.8459812,1.000738,4.898587e-17,0.8,1.0,0.09298397600650787,-0.77329916,-0.0126763405,0.99802333,-0.8,9.797174e-17,1.0,0.02962317503988743,-0.03461374,-0.79338557,0.9973784,-1.4695762e-16,-0.8,1.0,0.03533743694424629
114,-0.0032384602818638086,0,0.061311691999435425,inf,0.011605086,0.037279975,1.0025733,0.0,0.0,1.0,0.03912922367453575,0.8783009,-0.07119947,0.9984622,0.8,0.0,1.0,0.10584308952093124,-0.082697414,0.8473576,1.0007443,4.898587e-17,0.8,1.0,0.0953003391623497,-0.7729428,-0.012900405,0.99801034,-0.8,9.797174e-17,1.0,0.03004118613898754,-0.03552787,-0.793329,0.9973653,-1.4695762e-16,-0.8,1.0,0.03624463453888893
115,-0.003253047587350011,0,0.06277940422296524,inf,0.011948476,0.038203113,1.0025934,0.0,0.0,1.0,0.0401119627058506,0.8801668,-0.0731156,0.99845403,0.8,0.0,1.0,0.10851266980171204,-0.08460275,0.84875643,1.0007504,4.898587e-17,0.8,1.0,0.09764926135540009,-0.7725876,-0.013126718,0.99799746,-0.8,9.797174e-17,1.0,0.030459174886345863,-0.036454257,-0.79327416,0.9973525,-1.4695762e-16,-0.8,1.0,0.03716395050287247
116,-0.0032673117239028215,0,0.06426627933979034,inf,0.012298018,0.03913873,1.0026133,0.0,0.0,1.0,0.04110852628946304,0.8820542,-0.07506314,0.998446,0.8,0.0,1.0,0.11121951788663864,-0.086532034,0.85017776,1.0007567,4.898587e-17,0.8,1.0,0.10003086179494858,-0.77223366,-0.0133553315,0.9979848,-0.8,9.797174e-17,1.0,0.03087710775434971,-0.03739289,-0.7932212,0.99733984,-1.4695762e-16,-0.8,1.0,0.038095369935035706
117,-0.003282264806330204,0,0.06577228009700775,inf,0.01265371,0.040086903,1.0026332,0.0,0.0,1.0,0.04211900010704994,0.883963,-0.077042155,0.9984381,0.8,0.0,1.0,0.11396365612745285,-0.08848518,0.8516216,1.0007628,4.898587e-17,0.8,1.0,0.10244511067867279,-0.77188116,-0.013586228,0.99797237,-0.8,9.797174e-17,1.0,0.03129483014345169,-0.038343694,-0.79317,0.9973274,-1.4695762e-16,-0.8,1.0,0.03903884068131447
118,-0.003296976676210761,0,0.06729751080274582,inf,0.013015622,0.041047625,1.0026529,0.0,0.0,1.0,0.043143387883901596,0.88589305,-0.079052836,0.9984304,0.8,0.0,1.0,0.11674513667821884,-0.09046237,0.85308814,1.0007691,4.898587e-17,0.8,1.0,0.10489223897457123,-0.77153003,-0.013819456,0.99796015,-0.8,9.797174e-17,1.0,0.03171243146061897,-0.03930667,-0.7931206,0.99731505,-1.4695762e-16,-0.8,1.0,0.039994366466999054
119,-0.003311916720122099,0,0.06884187459945679,inf,0.013383749,0.042020977,1.0026724,0.0,0.0,1.0,0.04418177157640457,0.8878442,-0.08109523,0.9984228,0.8,0.0,1.0,0.11956389993429184,-0.09246353,0.85457724,1.0007751,4.898587e-17,0.8,1.0,0.10737215727567673,-0.7711805,-0.014054999,0.9979481,-0.8,9.797174e-17,1.0,0.032129690051078796,-0.040281747,-0.7930731,0.99730295,-1.4695762e-16,-0.8,1.0,0.04096187278628349
120,-0.0033270837739109993,0,0.07040543854236603,inf,0.013758161,0.04300695,1.0026917,0.0,0.0,1.0,0.04523416981101036,0.88981634,-0.0831695,0.9984154,0.8,0.0,1.0,0.12241997569799423,-0.0944888,0.856089,1.0007812,4.898587e-17,0.8,1.0,0.10988502204418182,-0.77083254,-0.014292906,0.9979363,-0.8,9.797174e-17,1.0,0.032546695321798325,-0.041268915,-0.7930275,0.997291,-1.4695762e-16,-0.8,1.0,0.04194135591387749
121,-0.0033429511822760105,0,0.07198820263147354,inf,0.014138853,0.044005617,1.0027109,0.0,0.0,1.0,0.04630065709352493,0.89180917,-0.08527584,0.9984082,0.8,0.0,1.0,0.12531329691410065,-0.09653815,0.8576236,1.0007871,4.898587e-17,0.8,1.0,0.11243090778589249,-0.7704862,-0.014533145,0.9979247,-0.8,9.797174e-17,1.0,0.03296339884400368,-0.042268105,-0.79298383,0.9972793,-1.4695762e-16,-0.8,1.0,0.04293275624513626
122,-0.003358582267537713,0,0.0735902339220047,inf,0.014525898,0.045016978,1.00273,0.0,0.0,1.0,0.04738124832510948,0.89382267,-0.08741443,0.9984011,0.8,0.0,1.0,0.12824402749538422,-0.09861172,0.8591809,1.0007933,4.898587e-17,0.8,1.0,0.11500991880893707,-0.77014136,-0.014775767,0.9979132,-0.8,9.797174e-17,1.0,0.03337989002466202,-0.043279313,-0.79294205,0.9972677,-1.4695762e-16,-0.8,1.0,0.04393608123064041
123,-0.003374402178451419,0,0.07521147280931473,inf,0.014919289,0.046041112,1.002749,0.0,0.0,1.0,0.04847603291273117,0.8958566,-0.08958535,0.99839413,0.8,0.0,1.0,0.131212055683136,-0.10070943,0.86076117,1.0007992,4.898587e-17,0.8,1.0,0.11762204766273499,-0.7697983,-0.015020754,0.9979019,-0.8,9.797174e-17,1.0,0.033796001225709915,-0.044302467,-0.79290223,0.99725646,-1.4695762e-16,-0.8,1.0,0.044951241463422775
124,-0.003390456782653928,0,0.07685196399688721,inf,0.015319096,0.047078006,1.0027677,0.0,0.0,1.0,0.04958501085639,0.8979109,-0.09178872,0.9983874,0.8,0.0,1.0,0.13421739637851715,-0.10283142,0.8623643,1.0008051,4.898587e-17,0.8,1.0,0.12026742845773697,-0.769457,-0.015268157,0.9978908,-0.8,9.797174e-17,1.0,0.03421172499656677,-0.04533756,-0.7928644,0.99724525,-1.4695762e-16,-0.8,1.0,0.04597825929522514
125,-0.0034072163980454206,0,0.07851171493530273,inf,0.015725313,0.048127733,1.0027863,0.0,0.0,1.0,0.05070825666189194,0.89998525,-0.09402476,0.99838084,0.8,0.0,1.0,0.1372600793838501,-0.104977645,0.86399037,1.000811,4.898587e-17,0.8,1.0,0.12294603884220123,-0.7691174,-0.015517944,0.99787986,-0.8,9.797174e-17,1.0,0.03462710604071617,-0.046384525,-0.79282856,0.9972343,-1.4695762e-16,-0.8,1.0,0.04701705276966095
126,-0.0034237054642289877,0,0.0801907628774643,inf,0.016138013,0.049190305,1.0028046,0.0,0.0,1.0,0.05184580758213997,0.90207964,-0.09629364,0.9983744,0.8,0.0,1.0,0.1403401643037796,-0.10714821,0.8656395,1.0008171,4.898587e-17,0.8,1.0,0.1256580650806427,-0.76877964,-0.015770163,0.99786913,-0.8,9.797174e-17,1.0,0.03504212573170662,-0.04744336,-0.79279476,0.99722356,-1.4695762e-16,-0.8,1.0,0.04806762561202049
127,-0.0034403332974761724,0,0.0818890780210495,inf,0.016557192,0.05026579,1.0028229,0.0,0.0,1.0,0.05299772322177887,0.9041939,-0.09859543,0.9983682,0.8,0.0,1.0,0.14345760643482208,-0.10934302,0.86731166,1.0008228,4.898587e-17,0.8,1.0,0.12840339541435242,-0.7684437,-0.016024802,0.9978587,-0.8,9.797174e-17,1.0,0.035456735640764236,-0.048513986,-0.792763,0.99721307,-1.4695762e-16,-0.8,1.0,0.0491299107670784
128,-0.0034576673060655594,0,0.08360669016838074,inf,0.016982878,0.05135417,1.0028409,0.0,0.0,1.0,0.05416400358080864,0.9063277,-0.10093026,0.9983622,0.8,0.0,1.0,0.14661234617233276,-0.11156222,0.869007,1.0008286,4.898587e-17,0.8,1.0,0.1311822384595871,-0.7681097,-0.016281907,0.9978483,-0.8,9.797174e-17,1.0,0.035870932042598724,-0.049596403,-0.7927333,0.99720275,-1.4695762e-16,-0.8,1.0,0.05020390823483467
129,-0.0034752541687339544,0,0.08534359186887741,inf,0.01741503,0.052455522,1.0028585,0.0,0.0,1.0,0.055344704538583755,0.90848106,-0.103298336,0.9983564,0.8,0.0,1.0,0.14980448782444,-0.11380578,0.8707255,1.0008345,4.898587e-17,0.8,1.0,0.13399457931518555,-0.7677776,-0.016541459,0.9978381,-0.8,9.797174e-17,1.0,0.03628465533256531,-0.050690543,-0.7927058,0.99719274,-1.4695762e-16,-0.8,1.0,0.051289547234773636
130,-0.0034926263615489006,0,0.08709981292486191,inf,0.017853688,0.053569853,1.0028762,0.0,0.0,1.0,0.056539859622716904,0.9106537,-0.105699815,0.99835074,0.8,0.0,1.0,0.1530340164899826,-0.11607377,0.8724672,1.0008404,4.898587e-17,0.8,1.0,0.13684050738811493,-0.76744765,-0.01680351,0.99782807,-0.8,9.797174e-17,1.0,0.036697838455438614,-0.051796395,-0.79268026,0.9971829,-1.4695762e-16,-0.8,1.0,0.05238684266805649
131,-0.003510252572596073,0,0.08887531608343124,inf,0.01829881,0.05469723,1.0028936,0.0,0.0,1.0,0.057749513536691666,0.91284555,-0.10813477,0.9983453,0.8,0.0,1.0,0.15630093216896057,-0.11836613,0.87423223,1.0008461,4.898587e-17,0.8,1.0,0.13971999287605286,-0.7671198,-0.017068045,0.9978183,-0.8,9.797174e-17,1.0,0.03711044043302536,-0.052913893,-0.79265696,0.9971733,-1.4695762e-16,-0.8,1.0,0.05349570885300636
132,-0.003528593573719263,0,0.0906701534986496,inf,0.018750422,0.055837635,1.0029107,0.0,0.0,1.0,0.058973658829927444,0.9150564,-0.110603325,0.99834013,0.8,0.0,1.0,0.1596052199602127,-0.12068299,0.8760206,1.000852,4.898587e-17,0.8,1.0,0.14263324439525604,-0.76679415,-0.017335111,0.9978086,-0.8,9.797174e-17,1.0,0.03752250224351883,-0.054043032,-0.7926358,0.9971639,-1.4695762e-16,-0.8,1.0,0.054616156965494156
133,-0.0035471979063004255,0,0.09248428046703339,inf,0.019208482,0.05699114,1.0029275,0.0,0.0,1.0,0.06021234393119812,0.91728604,-0.11310569,0.9983352,0.8,0.0,1.0,0.16294686496257782,-0.123024315,0.87783235,1.0008577,4.898587e-17,0.8,1.0,0.14558018743991852,-0.76647073,-0.017604694,0.9977991,-0.8,9.797174e-17,1.0,0.037933915853500366,-0.055183742,-0.79261684,0.99715483,-1.4695762e-16,-0.8,1.0,0.0557481087744236
134,-0.0035655975807458162,0,0.09431775659322739,inf,0.019673035,0.05815776,1.0029442,0.0,0.0,1.0,0.06146561726927757,0.9195343,-0.11564201,0.99833035,0.8,0.0,1.0,0.16632592678070068,-0.12539019,0.8796676,1.0008637,4.898587e-17,0.8,1.0,0.14856098592281342,-0.76614964,-0.017876841,0.9977897,-0.8,9.797174e-17,1.0,0.03834468126296997,-0.05633602,-0.7926001,0.997146,-1.4695762e-16,-0.8,1.0,0.05689157545566559
135,-0.0035842598881572485,0,0.09617053717374802,inf,0.020144032,0.059337556,1.0029607,0.0,0.0,1.0,0.06273350864648819,0.92180115,-0.11821235,0.99832577,0.8,0.0,1.0,0.1697423905134201,-0.12778053,0.8815263,1.0008693,4.898587e-17,0.8,1.0,0.15157556533813477,-0.76583093,-0.01815154,0.99778056,-0.8,9.797174e-17,1.0,0.038754742592573166,-0.057499792,-0.7925856,0.9971374,-1.4695762e-16,-0.8,1.0,0.058046478778123856
136,-0.003603508695960045,0,0.09804265201091766,inf,0.020621506,0.060530514,1.0029769,0.0,0.0,1.0,0.06401602923870087,0.9240863,-0.12081684,0.9983215,0.8,0.0,1.0,0.1731962114572525,-0.13019547,0.88340855,1.0008751,4.898587e-17,0.8,1.0,0.1546240895986557,-0.7655147,-0.01842884,0.9977715,-0.8,9.797174e-17,1.0,0.03916410356760025,-0.05867505,-0.79257333,0.9971291,-1.4695762e-16,-0.8,1.0,0.059212829917669296
137,-0.0036225675139576197,0,0.09993407875299454,inf,0.021105412,0.06173671,1.0029927,0.0,0.0,1.0,0.06531322002410889,0.9263895,-0.1234556,0.9983174,0.8,0.0,1.0,0.1766873598098755,-0.13263498,0.8853144,1.000881,4.898587e-17,0.8,1.0,0.15770655870437622,-0.765201,-0.018708756,0.9977626,-0.8,9.797174e-17,1.0,0.03957267478108406,-0.05986173,-0.7925634,0.997121,-1.4695762e-16,-0.8,1.0,0.06039055436849594
138,-0.0036423541605472565,0,0.10184482485055923,inf,0.021595797,0.06295615,1.0030085,0.0,0.0,1.0,0.06662511825561523,0.92871064,-0.12612864,0.9983135,0.8,0.0,1.0,0.1802157163619995,-0.13509913,0.8872439,1.0008867,4.898587e-17,0.8,1.0,0.16082307696342468,-0.7648898,-0.018991368,0.9977538,-0.8,9.797174e-17,1.0,0.03998057171702385,-0.06105983,-0.79255575,0.9971131,-1.4695762e-16,-0.8,1.0,0.06157965585589409
139,-0.003661954076960683,0,0.10377489030361176,inf,0.022092603,0.06418889,1.003024,0.0,0.0,1.0,0.0679517611861229,0.9310495,-0.12883613,0.99830985,0.8,0.0,1.0,0.18378134071826935,-0.13758789,0.8891972,1.0008924,4.898587e-17,0.8,1.0,0.1639736443758011,-0.76458126,-0.019276697,0.9977454,-0.8,9.797174e-17,1.0,0.04038764908909798,-0.062269267,-0.79255044,0.9971055,-1.4695762e-16,-0.8,1.0,0.06278005987405777
140,-0.0036822876427322626,0,0.10572425276041031,inf,0.022595879,0.06543493,1.0030392,0.0,0.0,1.0,0.06929315626621246,0.9334059,-0.13157803,0.99830633,0.8,0.0,1.0,0.18738402426242828,-0.14010134,0.89117414,1.0008982,4.898587e-17,0.8,1.0,0.1671583503484726,-0.76427543,-0.019564817,0.9977369,-0.8,9.797174e-17,1.0,0.04079398885369301,-0.06349004,-0.79254746,0.9970981,-1.4695762e-16,-0.8,1.0,0.06399177014827728
141,-0.0037023129407316446,0,0.10769293457269669,inf,0.023105567,0.06669435,1.0030543,0.0,0.0,1.0,0.07064936310052872,0.9357796,-0.1343545,0.99830306,0.8,0.0,1.0,0.1910238265991211,-0.14263944,0.89317495,1.0009038,4.898587e-17,0.8,1.0,0.1703772246837616,-0.7639724,-0.019855749,0.9977287,-0.8,9.797174e-17,1.0,0.041199494153261185,-0.06472208,-0.7925469,0.9970908,-1.4695762e-16,-0.8,1.0,0.06521472334861755
142,-0.003723075846210122,0,0.1096809059381485,inf,0.023621717,0.06796714,1.003069,0.0,0.0,1.0,0.07202038913965225,0.9381704,-0.13716556,0.9982999,0.8,0.0,1.0,0.19470061361789703,-0.14520225,0.89519954,1.0009094,4.898587e-17,0.8,1.0,0.1736302673816681,-0.7636721,-0.020149572,0.99772054,-0.8,9.797174e-17,1.0,0.04160429537296295,-0.06596539,-0.7925487,0.9970838,-1.4695762e-16,-0.8,1.0,0.06644891947507858
143,-0.003743661567568779,0,0.11168815940618515,inf,0.024144275,0.06925337,1.0030836,0.0,0.0,1.0,0.07340628653764725,0.9405781,-0.14001136,0.9982969,0.8,0.0,1.0,0.1984144151210785,-0.14778967,0.89724815,1.0009149,4.898587e-17,0.8,1.0,0.17691756784915924,-0.76337475,-0.020446308,0.99771273,-0.8,9.797174e-17,1.0,0.04200825095176697,-0.06721988,-0.792553,0.99707687,-1.4695762e-16,-0.8,1.0,0.0676942765712738
144,-0.0037645320408046246,0,0.11371469497680664,inf,0.024673283,0.070553035,1.003098,0.0,0.0,1.0,0.0748070776462555,0.9430025,-0.14289185,0.99829406,0.8,0.0,1.0,0.20216505229473114,-0.15040176,0.89932066,1.0009205,4.898587e-17,0.8,1.0,0.18023908138275146,-0.7630803,-0.020746028,0.99770486,-0.8,9.797174e-17,1.0,0.0424114428460598,-0.068485565,-0.79255974,0.9970702,-1.4695762e-16,-0.8,1.0,0.06895080953836441
145,-0.0037856895942240953,0,0.11576048284769058,inf,0.025208691,0.07186621,1.0031121,0.0,0.0,1.0,0.07622279971837997,0.9454435,-0.14580724,0.99829143,0.8,0.0,1.0,0.20595262944698334,-0.15303843,0.901417,1.0009259,4.898587e-17,0.8,1.0,0.1835947334766388,-0.7627889,-0.02104876,0.9976973,-0.8,9.797174e-17,1.0,0.04281378537416458,-0.06976236,-0.7925689,0.99706364,-1.4695762e-16,-0.8,1.0,0.07021844387054443
146,-0.003807483008131385,0,0.11782549321651459,inf,0.025750544,0.07319289,1.003126,0.0,0.0,1.0,0.07765346765518188,0.9479008,-0.14875747,0.99828887,0.8,0.0,1.0,0.2097768932580948,-0.15569972,0.90353733,1.0009314,4.898587e-17,0.8,1.0,0.1869846135377884,-0.7625005,-0.02135458,0.9976897,-0.8,9.797174e-17,1.0,0.04321535676717758,-0.071050264,-0.7925806,0.9970572,-1.4695762e-16,-0.8,1.0,0.07149718701839447
147,-0.0038291090168058872,0,0.11990976333618164,inf,0.026298787,0.07453314,1.0031399,0.0,0.0,1.0,0.079099141061306,0.9503741,-0.1517427,0.9982865,0.8,0.0,1.0,0.21363790333271027,-0.15838553,0.9056816,1.0009366,4.898587e-17,0.8,1.0,0.1904086470603943,-0.76221526,-0.021663504,0.9976825,-0.8,9.797174e-17,1.0,0.043616119772195816,-0.07234921,-0.79259485,0.99705094,-1.4695762e-16,-0.8,1.0,0.07278696447610855
148,-0.0038510302547365427,0,0.12201324850320816,inf,0.026853465,0.075886965,1.0031534,0.0,0.0,1.0,0.08055981993675232,0.9528634,-0.15476292,0.9982842,0.8,0.0,1.0,0.21753555536270142,-0.16109595,0.90784985,1.000942,4.898587e-17,0.8,1.0,0.19386690855026245,-0.7619331,-0.021975603,0.99767524,-0.8,9.797174e-17,1.0,0.04401616007089615,-0.0736592,-0.7926116,0.9970449,-1.4695762e-16,-0.8,1.0,0.07408777624368668
149,-0.003873248351737857,0,0.12413594871759415,inf,0.027414527,0.07725443,1.0031668,0.0,0.0,1.0,0.08203554898500443,0.9553684,-0.15781827,0.9982821,0.8,0.0,1.0,0.22146984934806824,-0.16383085,0.91004205,1.0009471,4.898587e-17,0.8,1.0,0.19735929369926453,-0.7616541,-0.022290895,0.9976683,-0.8,9.797174e-17,1.0,0.044415440410375595,-0.07498015,-0.792631,0.9970389,-1.4695762e-16,-0.8,1.0,0.07539955526590347
150,-0.003896021982654929,0,0.1262778639793396,inf,0.027982013,0.07863554,1.0031801,0.0,0.0,1.0,0.0835263729095459,0.9578889,-0.16090876,0.99828005,0.8,0.0,1.0,0.22544065117835999,-0.16659029,0.9122582,1.0009524,4.898587e-17,0.8,1.0,0.2008858621120453,-0.76137817,-0.022609452,0.9976614,-0.8,9.797174e-17,1.0,0.0448140949010849,-0.07631206,-0.7926529,0.9970331,-1.4695762e-16,-0.8,1.0,0.07672230899333954
151,-0.00391863938421011,0,0.12843894958496094,inf,0.028555876,0.08003035,1.0031931,0.0,0.0,1.0,0.08503229916095734,0.9604247,-0.1640345,0.99827814,0.8,0.0,1.0,0.22944797575473785,-0.16937417,0.91449827,1.0009574,4.898587e-17,0.8,1.0,0.20444650948047638,-0.7611055,-0.02293129,0.9976548,-0.8,9.797174e-17,1.0,0.0452120415866375,-0.07765486,-0.7926775,0.99702734,-1.4695762e-16,-0.8,1.0,0.0780559629201889
152,-0.003942021168768406,0,0.13061925768852234,inf,0.029136155,0.08143887,1.0032061,0.0,0.0,1.0,0.08655335754156113,0.9629756,-0.16719548,0.9982763,0.8,0.0,1.0,0.2334916591644287,-0.17218256,0.9167623,1.0009625,4.898587e-17,0.8,1.0,0.20804132521152496,-0.76083595,-0.023256484,0.9976481,-0.8,9.797174e-17,1.0,0.045609425753355026,-0.07900855,-0.79270476,0.9970218,-1.4695762e-16,-0.8,1.0,0.07940050959587097
153,-0.003965250216424465,0,0.13281869888305664,inf,0.0297228,0.08286116,1.0032189,0.0,0.0,1.0,0.08808960765600204,0.9655414,-0.17039184,0.9982746,0.8,0.0,1.0,0.23757170140743256,-0.17501535,0.91905016,1.0009674,4.898587e-17,0.8,1.0,0.2116701304912567,-0.7605697,-0.02358505,0.9976418,-0.8,9.797174e-17,1.0,0.04600615054368973,-0.080373056,-0.7927346,0.9970163,-1.4695762e-16,-0.8,1.0,0.08075590431690216
154,-0.0039892494678497314,0,0.1350373476743698,inf,0.030315854,0.08429723,1.0032316,0.0,0.0,1.0,0.08964104950428009,0.96812195,-0.17362359,0.998273,0.8,0.0,1.0,0.241688072681427,-0.1778726,0.921362,1.0009723,4.898587e-17,0.8,1.0,0.21533307433128357,-0.7603066,-0.023917057,0.9976354,-0.8,9.797174e-17,1.0,0.04640241339802742,-0.081748374,-0.7927672,0.997011,-1.4695762e-16,-0.8,1.0,0.08212212473154068
155,-0.004013096448034048,0,0.1372751146554947,inf,0.030915262,0.08574713,1.003244,0.0,0.0,1.0,0.09120772033929825,0.97071695,-0.1768908,0.99827147,0.8,0.0,1.0,0.2458406388759613,-0.1807542,0.92369765,1.000977,4.898587e-17,0.8,1.0,0.2190299928188324,-0.76004684,-0.024252528,0.9976294,-0.8,9.797174e-17,1.0,0.046798087656497955,-0.083134435,-0.7928026,0.9970057,-1.4695762e-16,-0.8,1.0,0.08349911868572235
156,-0.0040377238765358925,0,0.13953202962875366,inf,0.03152107,0.08721087,1.0032564,0.0,0.0,1.0,0.09278964251279831,0.9733262,-0.18019353,0.9982701,0.8,0.0,1.0,0.2500293254852295,-0.18366021,0.9260571,1.0009818,4.898587e-17,0.8,1.0,0.22276091575622559,-0.7597903,-0.02459153,0.9976233,-0.8,9.797174e-17,1.0,0.04719335213303566,-0.08453124,-0.7928406,0.9970006,-1.4695762e-16,-0.8,1.0,0.08488689363002777
157,-0.004062205087393522,0,0.14180807769298553,inf,0.03213322,0.088688515,1.0032687,0.0,0.0,1.0,0.09438686817884445,0.9759496,-0.18353185,0.9982687,0.8,0.0,1.0,0.25425416231155396,-0.18659054,0.92844045,1.0009865,4.898587e-17,0.8,1.0,0.22652582824230194,-0.7595371,-0.024934083,0.99761754,-0.8,9.797174e-17,1.0,0.04758814722299576,-0.08593871,-0.7928815,0.99699545,-1.4695762e-16,-0.8,1.0,0.08628535270690918
158,-0.0040874723345041275,0,0.1441032439470291,inf,0.032751765,0.09018006,1.0032808,0.0,0.0,1.0,0.09599939733743668,0.97858685,-0.18690579,0.99826753,0.8,0.0,1.0,0.25851505994796753,-0.18954523,0.9308476,1.0009911,4.898587e-17,0.8,1.0,0.23032468557357788,-0.75928724,-0.025280258,0.9976117,-0.8,9.797174e-17,1.0,0.04798255115747452,-0.08735685,-0.79292506,0.99699056,-1.4695762e-16,-0.8,1.0,0.08769453316926956
159,-0.0041126674041152,0,0.1464175134897232,inf,0.033376645,0.09168558,1.0032927,0.0,0.0,1.0,0.09762728959321976,0.98123777,-0.19031541,0.99826634,0.8,0.0,1.0,0.2628118693828583,-0.19252418,0.9332785,1.0009955,4.898587e-17,0.8,1.0,0.23415744304656982,-0.7590407,-0.025630075,0.9976062,-0.8,9.797174e-17,1.0,0.048376597464084625,-0.08878558,-0.79297155,0.9969857,-1.4695762e-16,-0.8,1.0,0.08911433070898056
160,-0.004138654563575983,0,0.14875087141990662,inf,0.034007903,0.093205065,1.0033046,0.0,0.0,1.0,0.0992705449461937,0.98390216,-0.19376077,0.9982653,0.8,0.0,1.0,0.2671446204185486,-0.19552745,0.9357332,1.001,4.898587e-17,0.8,1.0,0.23802411556243896,-0.7587976,-0.025983604,0.9976007,-0.8,9.797174e-17,1.0,0.048770323395729065,-0.09022491,-0.79302084,0.99698097,-1.4695762e-16,-0.8,1.0,0.09054478257894516
161,-0.004164168145507574,0,0.15110334753990173,inf,0.034645487,0.09473859,1.0033163,0.0,0.0,1.0,0.10092922300100327,0.9865799,-0.19724195,0.9982643,0.8,0.0,1.0,0.2715132534503937,-0.19855495,0.9382117,1.0010043,4.898587e-17,0.8,1.0,0.24192467331886292,-0.7585578,-0.026340863,0.9975954,-0.8,9.797174e-17,1.0,0.049163807183504105,-0.09167475,-0.793073,0.9969762,-1.4695762e-16,-0.8,1.0,0.0919857993721962
162,-0.004190938081592321,0,0.15347488224506378,inf,0.03528944,0.09628614,1.0033278,0.0,0.0,1.0,0.10260330885648727,0.98927075,-0.20075898,0.9982634,0.8,0.0,1.0,0.27591773867607117,-0.2016067,0.9407138,1.0010087,4.898587e-17,0.8,1.0,0.24585901200771332,-0.75832146,-0.026701808,0.9975901,-0.8,9.797174e-17,1.0,0.04955698922276497,-0.093135126,-0.7931281,0.9969717,-1.4695762e-16,-0.8,1.0,0.09343738853931427
163,-0.004217120818793774,0,0.15586550533771515,inf,0.035939712,0.09784779,1.0033393,0.0,0.0,1.0,0.10429287701845169,0.99197453,-0.20431197,0.9982625,0.8,0.0,1.0,0.2803580164909363,-0.20468265,0.94323975,1.0010129,4.898587e-17,0.8,1.0,0.24982720613479614,-0.7580886,-0.027066503,0.9975851,-0.8,9.797174e-17,1.0,0.049949921667575836,-0.094605945,-0.79318607,0.99696714,-1.4695762e-16,-0.8,1.0,0.0948994904756546
164,-0.004244565032422543,0,0.15827517211437225,inf,0.03659634,0.09942354,1.0033506,0.0,0.0,1.0,0.10599792003631592,0.9946911,-0.20790091,0.9982618,0.8,0.0,1.0,0.28483402729034424,-0.20778282,0.94578934,1.0010171,4.898587e-17,0.8,1.0,0.2538291811943054,-0.7578592,-0.0274349,0.99758,-0.8,9.797174e-17,1.0,0.050342634320259094,-0.09608722,-0.7932469,0.99696285,-1.4695762e-16,-0.8,1.0,0.0963720977306366
165,-0.004271429032087326,0,0.1607038825750351,inf,0.037259273,0.10101345,1.0033618,0.0,0.0,1.0,0.10771849006414413,0.9974202,-0.21152592,0.9982611,0.8,0.0,1.0,0.28934577107429504,-0.21090712,0.9483626,1.0010211,4.898587e-17,0.8,1.0,0.25786489248275757,-0.75763327,-0.027807062,0.9975752,-0.8,9.797174e-17,1.0,0.05073512718081474,-0.09757885,-0.7933109,0.9969584,-1.4695762e-16,-0.8,1.0,0.09785514324903488
166,-0.0042995610274374485,0,0.16315163671970367,inf,0.037928555,0.10261753,1.0033729,0.0,0.0,1.0,0.10945460200309753,1.0001616,-0.215187,0.9982605,0.8,0.0,1.0,0.29389309883117676,-0.2140556,0.9509595,1.0010252,4.898587e-17,0.8,1.0,0.261934369802475,-0.7574109,-0.028182944,0.99757034,-0.8,9.797174e-17,1.0,0.051127444952726364,-0.09908088,-0.79337776,0.99695426,-1.4695762e-16,-0.8,1.0,0.09934864193201065
167,-0.004327118396759033,0,0.1656184047460556,inf,0.038604133,0.10423583,1.0033839,0.0,0.0,1.0,0.1112062856554985,1.0029154,-0.21888426,0.99825996,0.8,0.0,1.0,0.29847612977027893,-0.21722817,0.9535801,1.0010291,4.898587e-17,0.8,1.0,0.26603755354881287,-0.7571921,-0.02856261,0.99756575,-0.8,9.797174e-17,1.0,0.05151958391070366,-0.100593194,-0.7934476,0.99695,-1.4695762e-16,-0.8,1.0,0.10085250437259674
168,-0.004355685785412788,0,0.16810420155525208,inf,0.039286047,0.10586836,1.0033948,0.0,0.0,1.0,0.11297357827425003,1.0056812,-0.2226177,0.9982595,0.8,0.0,1.0,0.3030947148799896,-0.22042486,0.9562242,1.0010331,4.898587e-17,0.8,1.0,0.2701743543148041,-0.75697684,-0.02894601,0.9975611,-0.8,9.797174e-17,1.0,0.05191158503293991,-0.10211583,-0.79352057,0.996946,-1.4695762e-16,-0.8,1.0,0.10236676037311554
169,-0.0043841456063091755,0,0.17060895264148712,inf,0.03997425,0.10751509,1.0034055,0.0,0.0,1.0,0.11475639790296555,1.0084586,-0.22638743,0.99825907,0.8,0.0,1.0,0.3077487349510193,-0.2236456,0.958892,1.0010369,4.898587e-17,0.8,1.0,0.2743448317050934,-0.7567652,-0.029333211,0.9975567,-0.8,9.797174e-17,1.0,0.052303511649370193,-0.103648685,-0.7935966,0.9969418,-1.4695762e-16,-0.8,1.0,0.10389131307601929
170,-0.0044134254567325115,0,0.1731327474117279,inf,0.04066878,0.10917609,1.0034162,0.0,0.0,1.0,0.1165548786520958,1.0112479,-0.23019345,0.99825877,0.8,0.0,1.0,0.31243833899497986,-0.22689041,0.9615833,1.0010407,4.898587e-17,0.8,1.0,0.278548926115036,-0.75655717,-0.029724168,0.9975522,-0.8,9.797174e-17,1.0,0.05269533768296242,-0.10519178,-0.7936757,0.996938,-1.4695762e-16,-0.8,1.0,0.10542619973421097
171,-0.004442605655640364,0,0.17567548155784607,inf,0.0413696,0.11085133,1.0034266,0.0,0.0,1.0,0.11836892366409302,1.0140486,-0.23403586,0.99825853,0.8,0.0,1.0,0.3171633780002594,-0.23015924,0.96429825,1.0010444,4.898587e-17,0.8,1.0,0.28278660774230957,-0.75635284,-0.03011894,0.997548,-0.8,9.797174e-17,1.0,0.053087085485458374,-0.10674503,-0.7937579,0.996934,-1.4695762e-16,-0.8,1.0,0.10697133094072342
172,-0.004472610540688038,0,0.17823714017868042,inf,0.04207673,0.112540886,1.003437,0.0,0.0,1.0,0.12019865214824677,1.0168605,-0.23791465,0.99825835,0.8,0.0,1.0,0.32192370295524597,-0.23345208,0.96703666,1.001048,4.898587e-17,0.8,1.0,0.2870578467845917,-0.7561522,-0.030517487,0.9975437,-0.8,9.797174e-17,1.0,0.05347878113389015,-0.10830844,-0.7938433,0.9969303,-1.4695762e-16,-0.8,1.0,0.10852670669555664
173,-0.0045025222934782505,0,0.18081776797771454,inf,0.042790134,0.11424472,1.0034472,0.0,0.0,1.0,0.12204398959875107,1.0196835,-0.24182993,0.99825823,0.8,0.0,1.0,0.3267194330692291,-0.2367689,0.9697986,1.0010515,4.898587e-17,0.8,1.0,0.2913626432418823,-0.7559553,-0.030919867,0.99753964,-0.8,9.797174e-17,1.0,0.053870491683483124,-0.10988193,-0.79393184,0.9969265,-1.4695762e-16,-0.8,1.0,0.11009226739406586
174,-0.004533266648650169,0,0.18341732025146484,inf,0.043509845,0.115962915,1.0034574,0.0,0.0,1.0,0.12390503287315369,1.0225174,-0.2457817,0.99825823,0.8,0.0,1.0,0.3315504193305969,-0.24010968,0.97258407,1.0010551,4.898587e-17,0.8,1.0,0.29570090770721436,-0.7557621,-0.031326037,0.99753547,-0.8,9.797174e-17,1.0,0.05426220968365669,-0.11146553,-0.7940236,0.9969229,-1.4695762e-16,-0.8,1.0,0.11166803538799286
175,-0.004563922993838787,0,0.18603578209877014,inf,0.044235818,0.11769543,1.0034674,0.0,0.0,1.0,0.12578172981739044,1.025362,-0.24977005,0.99825823,0.8,0.0,1.0,0.336416631937027,-0.24347438,0.975393,1.0010586,4.898587e-17,0.8,1.0,0.30007264018058777,-0.7555727,-0.03173606,0.9975316,-0.8,9.797174e-17,1.0,0.054653991013765335,-0.11305912,-0.7941185,0.9969192,-1.4695762e-16,-0.8,1.0,0.11325390636920929
176,-0.004595419391989708,0,0.18867316842079163,inf,0.04496809,0.119442336,1.0034773,0.0,0.0,1.0,0.1276741623878479,1.0282172,-0.25379497,0.9982584,0.8,0.0,1.0,0.3413180410861969,-0.246863,0.97822535,1.0010619,4.898587e-17,0.8,1.0,0.3044778108596802,-0.755387,-0.032149892,0.9975276,-0.8,9.797174e-17,1.0,0.055045876652002335,-0.114662744,-0.7942167,0.9969158,-1.4695762e-16,-0.8,1.0,0.11484991759061813
177,-0.00462683429941535,0,0.19132943451404572,inf,0.04570662,0.12120361,1.0034871,0.0,0.0,1.0,0.12958228588104248,1.0310827,-0.25785658,0.99825853,0.8,0.0,1.0,0.3462546467781067,-0.2502755,0.9810812,1.0010653,4.898587e-17,0.8,1.0,0.3089164197444916,-0.7552052,-0.032567594,0.9975238,-0.8,9.797174e-17,1.0,0.0554378367960453,-0.1162763,-0.7943182,0.9969122,-1.4695762e-16,-0.8,1.0,0.11645598709583282
178,-0.00465909531340003,0,0.1940045803785324,inf,0.04645143,0.12297933,1.0034968,0.0,0.0,1.0,0.13150618970394135,1.0339584,-0.26195484,0.9982588,0.8,0.0,1.0,0.3512263000011444,-0.25371185,0.98396045,1.0010685,4.898587e-17,0.8,1.0,0.3133884072303772,-0.75502723,-0.032989126,0.9975199,-0.8,9.797174e-17,1.0,0.055829957127571106,-0.11789982,-0.7944229,0.99690896,-1.4695762e-16,-0.8,1.0,0.11807212233543396
179,-0.004691096488386393,0,0.19669859111309052,inf,0.047202483,0.124769434,1.0035062,0.0,0.0,1.0,0.13344579935073853,1.036844,-0.26608986,0.9982591,0.8,0.0,1.0,0.35623297095298767,-0.25717205,0.9868631,1.0010717,4.898587e-17,0.8,1.0,0.31789371371269226,-0.7548531,-0.033414546,0.9975162,-0.8,9.797174e-17,1.0,0.056222252547740936,-0.119533196,-0.79453105,0.99690545,-1.4695762e-16,-0.8,1.0,0.11969824880361557
180,-0.004723949823528528,0,0.19941145181655884,inf,0.047959752,0.12657402,1.0035156,0.0,0.0,1.0,0.1354011744260788,1.0397394,-0.27026162,0.9982596,0.8,0.0,1.0,0.3612746000289917,-0.2606561,0.98978907,1.0010748,4.898587e-17,0.8,1.0,0.32243236899375916,-0.7546829,-0.03384381,0.99751246,-0.8,9.797174e-17,1.0,0.056614771485328674,-0.12117646,-0.79464245,0.99690235,-1.4695762e-16,-0.8,1.0,0.12133438885211945
181,-0.004756737034767866,0,0.20214314758777618,inf,0.04872312,0.12839304,1.0035248,0.0,0.0,1.0,0.13737225532531738,1.0426444,-0.2744702,0.99826,0.8,0.0,1.0,0.3663512170314789,-0.26416388,0.9927384,1.0010779,4.898587e-17,0.8,1.0,0.3270043134689331,-0.75451666,-0.03427699,0.9975089,-0.8,9.797174e-17,1.0,0.057007480412721634,-0.122829504,-0.79475725,0.99689895,-1.4695762e-16,-0.8,1.0,0.12298044562339783
182,-0.004790437873452902,0,0.20489367842674255,inf,0.049492568,0.13022657,1.003534,0.0,0.0,1.0,0.13935911655426025,1.0455588,-0.27871567,0.9982607,0.8,0.0,1.0,0.37146276235580444,-0.26769546,0.9957111,1.001081,4.898587e-17,0.8,1.0,0.33160948753356934,-0.7543543,-0.03471403,0.9975052,-0.8,9.797174e-17,1.0,0.05740051344037056,-0.12449238,-0.7948754,0.99689597,-1.4695762e-16,-0.8,1.0,0.12463647127151489
183,-0.0048240781761705875,0,0.20766296982765198,inf,0.050267994,0.13207455,1.0035428,0.0,0.0,1.0,0.14136162400245667,1.0484824,-0.282998,0.9982613,0.8,0.0,1.0,0.37660905718803406,-0.27125075,0.9987071,1.001084,4.898587e-17,0.8,1.0,0.33624792098999023,-0.7541959,-0.035155,0.9975017,-0.8,9.797174e-17,1.0,0.05779385566711426,-0.12616496,-0.79499704,0.9968927,-1.4695762e-16,-0.8,1.0,0.1263023465871811
184,-0.004858586937189102,0,0.21045103669166565,inf,0.051049396,0.13393708,1.0035517,0.0,0.0,1.0,0.14337989687919617,1.051415,-0.28731728,0.9982621,0.8,0.0,1.0,0.3817901611328125,-0.27482978,1.0017264,1.0010868,4.898587e-17,0.8,1.0,0.34091952443122864,-0.7540416,-0.035599854,0.9974981,-0.8,9.797174e-17,1.0,0.05818748474121094,-0.12784728,-0.795122,0.99688977,-1.4695762e-16,-0.8,1.0,0.1279781013727188
185,-0.004893043078482151,0,0.21325786411762238,inf,0.051836677,0.13581409,1.0035603,0.0,0.0,1.0,0.1454138308763504,1.0543565,-0.2916735,0.9982629,0.8,0.0,1.0,0.387006014585495,-0.2784325,1.004769,1.0010897,4.898587e-17,0.8,1.0,0.34562429785728455,-0.7538913,-0.036048654,0.99749464,-0.8,9.797174e-17,1.0,0.05858153849840164,-0.12953927,-0.7952506,0.9968866,-1.4695762e-16,-0.8,1.0,0.12966369092464447
186,-0.0049283746629953384,0,0.21608348190784454,inf,0.052629832,0.13770568,1.0035689,0.0,0.0,1.0,0.14746353030204773,1.0573065,-0.29606673,0.99826384,0.8,0.0,1.0,0.392256498336792,-0.28205886,1.0078348,1.0010924,4.898587e-17,0.8,1.0,0.35036221146583557,-0.75374496,-0.03650136,0.9974911,-0.8,9.797174e-17,1.0,0.05897604301571846,-0.1312409,-0.79538256,0.9968838,-1.4695762e-16,-0.8,1.0,0.13135908544063568
187,-0.004963197745382786,0,0.21892781555652618,inf,0.053428765,0.13961178,1.0035772,0.0,0.0,1.0,0.1495288610458374,1.0602651,-0.30049703,0.99826485,0.8,0.0,1.0,0.39754167199134827,-0.2857089,1.0109239,1.001095,4.898587e-17,0.8,1.0,0.3551332652568817,-0.75360274,-0.03695803,0.9974878,-0.8,9.797174e-17,1.0,0.0593709871172905,-0.13295214,-0.7955181,0.99688077,-1.4695762e-16,-0.8,1.0,0.13306422531604767
188,-0.004999353084713221,0,0.22179079055786133,inf,0.05423347,0.14153251,1.0035856,0.0,0.0,1.0,0.15160995721817017,1.0632318,-0.3049643,0.99826586,0.8,0.0,1.0,0.4028612971305847,-0.28938237,1.014036,1.0010976,4.898587e-17,0.8,1.0,0.35993722081184387,-0.75346464,-0.03741863,0.9974843,-0.8,9.797174e-17,1.0,0.05976640433073044,-0.13467297,-0.7956572,0.996878,-1.4695762e-16,-0.8,1.0,0.13477914035320282
189,-0.005034931935369968,0,0.22467248141765594,inf,0.05504385,0.14346777,1.0035936,0.0,0.0,1.0,0.15370666980743408,1.0662067,-0.30946875,0.99826705,0.8,0.0,1.0,0.4082155227661133,-0.2930793,1.0171715,1.0011002,4.898587e-17,0.8,1.0,0.36477407813072205,-0.7533307,-0.03788322,0.99748105,-0.8,9.797174e-17,1.0,0.060162343084812164,-0.13640329,-0.79579985,0.99687505,-1.4695762e-16,-0.8,1.0,0.13650371134281158
190,-0.0050717745907604694,0,0.22757279872894287,inf,0.055859905,0.14541768,1.0036017,0.0,0.0,1.0,0.1558191329240799,1.0691894,-0.3140103,0.99826825,0.8,0.0,1.0,0.41360417008399963,-0.29679942,1.0203302,1.0011026,4.898587e-17,0.8,1.0,0.3696437478065491,-0.7532009,-0.03835175,0.99747765,-0.8,9.797174e-17,1.0,0.06055887043476105,-0.13814317,-0.79594606,0.9968724,-1.4695762e-16,-0.8,1.0,0.13823802769184113
191,-0.0051078107208013535,0,0.23049168288707733,inf,0.05668153,0.14738217,1.0036094,0.0,0.0,1.0,0.15794722735881805,1.0721798,-0.318589,0.9982696,0.8,0.0,1.0,0.419027179479599,-0.3005428,1.023512,1.0011051,4.898587e-17,0.8,1.0,0.3745461404323578,-0.75307524,-0.03882429,0.9974745,-0.8,9.797174e-17,1.0,0.06095603108406067,-0.13989246,-0.79609597,0.99686956,-1.4695762e-16,-0.8,1.0,0.1399819254875183
192,-0.005145573522895575,0,0.2334292232990265,inf,0.057508733,0.14936124,1.0036173,0.0,0.0,1.0,0.16009096801280975,1.0751778,-0.32320487,0.998271,0.8,0.0,1.0,0.42448461055755615,-0.30430925,1.0267168,1.0011073,4.898587e-17,0.8,1.0,0.3794810175895691,-0.75295377,-0.039300796,0.99747115,-0.8,9.797174e-17,1.0,0.06135386601090431,-0.14165123,-0.79624945,0.996867,-1.4695762e-16,-0.8,1.0,0.1417355090379715
193,-0.005182300694286823,0,0.23638522624969482,inf,0.05834141,0.15135488,1.0036248,0.0,0.0,1.0,0.16225029528141022,1.0781829,-0.32785797,0.99827254,0.8,0.0,1.0,0.4299762547016144,-0.30809876,1.0299449,1.0011097,4.898587e-17,0.8,1.0,0.3844486176967621,-0.7528366,-0.03978133,0.99746805,-0.8,9.797174e-17,1.0,0.061752356588840485,-0.14341936,-0.7964067,0.99686426,-1.4695762e-16,-0.8,1.0,0.14349862933158875
194,-0.005220756866037846,0,0.2393597811460495,inf,0.05917957,0.15336308,1.0036324,0.0,0.0,1.0,0.16442520916461945,1.0811954,-0.3325483,0.99827415,0.8,0.0,1.0,0.43550220131874084,-0.31191114,1.0331961,1.0011119,4.898587e-17,0.8,1.0,0.3894485831260681,-0.75272363,-0.04026585,0.99746484,-0.8,9.797174e-17,1.0,0.062151603400707245,-0.14519688,-0.79656756,0.9968618,-1.4695762e-16,-0.8,1.0,0.14527134597301483
195,-0.005258179735392332,0,0.24235281348228455,inf,0.060023107,0.15538585,1.0036396,0.0,0.0,1.0,0.16661567986011505,1.0842146,-0.33727592,0.9982759,0.8,0.0,1.0,0.4410622715950012,-0.31574643,1.0364703,1.0011141,4.898587e-17,0.8,1.0,0.39448097348213196,-0.752615,-0.04075442,0.99746174,-0.8,9.797174e-17,1.0,0.06255163997411728,-0.1469837,-0.7967321,0.99685913,-1.4695762e-16,-0.8,1.0,0.1470535695552826
196,-0.005297338590025902,0,0.24536430835723877,inf,0.060872026,0.15742318,1.003647,0.0,0.0,1.0,0.16882169246673584,1.0872406,-0.34204078,0.9982776,0.8,0.0,1.0,0.4466564655303955,-0.31960446,1.0397675,1.0011162,4.898587e-17,0.8,1.0,0.3995456099510193,-0.7525106,-0.041247,0.9974586,-0.8,9.797174e-17,1.0,0.06295249611139297,-0.14877984,-0.7969005,0.9968568,-1.4695762e-16,-0.8,1.0,0.14884531497955322
197,-0.0053354366682469845,0,0.24839425086975098,inf,0.06172622,0.15947506,1.0036539,0.0,0.0,1.0,0.17104318737983704,1.0902731,-0.34684297,0.9982795,0.8,0.0,1.0,0.4522847533226013,-0.3234852,1.043088,1.0011183,4.898587e-17,0.8,1.0,0.40464264154434204,-0.7524106,-0.041743647,0.99745554,-0.8,9.797174e-17,1.0,0.06335423141717911,-0.1505852,-0.79707265,0.9968542,-1.4695762e-16,-0.8,1.0,0.15064650774002075
198,-0.005375085864216089,0,0.2514426112174988,inf,0.062585704,0.1615415,1.003661,0.0,0.0,1.0,0.17328020930290222,1.093312,-0.35168248,0.9982814,0.8,0.0,1.0,0.4579470157623291,-0.3273885,1.0464313,1.0011202,4.898587e-17,0.8,1.0,0.40977171063423157,-0.7523149,-0.042244326,0.99745244,-0.8,9.797174e-17,1.0,0.06375689059495926,-0.15239982,-0.79724854,0.996852,-1.4695762e-16,-0.8,1.0,0.15245716273784637
199,-0.005413633771240711,0,0.2545093297958374,inf,0.063450366,0.1636225,1.0036678,0.0,0.0,1.0,0.17553268373012543,1.0963571,-0.35655934,0.9982835,0.8,0.0,1.0,0.46364322304725647,-0.33131436,1.0497977,1.0011224,4.898587e-17,0.8,1.0,0.41493290662765503,-0.7522236,-0.042749096,0.99744946,-0.8,9.797174e-17,1.0,0.0641605406999588,-0.15422359,-0.7974283,0.9968495,-1.4695762e-16,-0.8,1.0,0.15427720546722412
200,-0.005453838966786861,0,0.25759437680244446,inf,0.06432023,0.16571805,1.0036749,0.0,0.0,1.0,0.17780064046382904,1.0994083,-0.3614734,0.99828553,0.8,0.0,1.0,0.46937328577041626,-0.33526263,1.0531869,1.0011241,4.898587e-17,0.8,1.0,0.4201260507106781,-0.75213677,-0.04325792,0.9974464,-0.8,9.797174e-17,1.0,0.06456515192985535,-0.15605655,-0.7976119,0.9968474,-1.4695762e-16,-0.8,1.0,0.15610666573047638
201,-0.005492943339049816,0,0.26069772243499756,inf,0.06519516,0.16782811,1.0036813,0.0,0.0,1.0,0.1800839602947235,1.1024652,-0.36642486,0.99828774,0.8,0.0,1.0,0.4751371145248413,-0.3392333,1.0565993,1.0011262,4.898587e-17,0.8,1.0,0.42535126209259033,-0.7520543,-0.043770853,0.99744344,-0.8,9.797174e-17,1.0,0.06497089564800262,-0.15789859,-0.7977994,0.996845,-1.4695762e-16,-0.8,1.0,0.1579454392194748
202,-0.005533706396818161,0,0.2638193666934967,inf,0.06607519,0.16995274,1.0036881,0.0,0.0,1.0,0.182382732629776,1.1055278,-0.3714135,0.9982899,0.8,0.0,1.0,0.48093461990356445,-0.3432262,1.0600345,1.0011278,4.898587e-17,0.8,1.0,0.43060821294784546,-0.7519763,-0.044287864,0.99744046,-0.8,9.797174e-17,1.0,0.06537768989801407,-0.15974976,-0.7979908,0.996843,-1.4695762e-16,-0.8,1.0,0.15979358553886414
203,-0.00557337049394846,0,0.2669592499732971,inf,0.0669602,0.17209187,1.0036944,0.0,0.0,1.0,0.18469685316085815,1.1085958,-0.37643945,0.99829227,0.8,0.0,1.0,0.4867658317089081,-0.34724134,1.0634927,1.0011297,4.898587e-17,0.8,1.0,0.43589702248573303,-0.7519028,-0.044809006,0.99743754,-0.8,9.797174e-17,1.0,0.06578566133975983,-0.16160993,-0.7981861,0.99684066,-1.4695762e-16,-0.8,1.0,0.16165098547935486
204,-0.005614623427391052,0,0.2701173722743988,inf,0.06785021,0.17424555,1.0037011,0.0,0.0,1.0,0.18702636659145355,1.1116692,-0.38150254,0.9982946,0.8,0.0,1.0,0.4926304519176483,-0.3512785,1.0669738,1.0011314,4.898587e-17,0.8,1.0,0.4412175118923187,-0.7518338,-0.04533425,0.99743456,-0.8,9.797174e-17,1.0,0.06619486212730408,-0.16347915,-0.7983854,0.99683875,-1.4695762e-16,-0.8,1.0,0.16351768374443054
205,-0.005654776468873024,0,0.273293673992157,inf,0.0687451,0.17641374,1.0037072,0.0,0.0,1.0,0.18937116861343384,1.1147478,-0.38660294,0.9982971,0.8,0.0,1.0,0.49852871894836426,-0.3553378,1.0704777,1.0011332,4.898587e-17,0.8,1.0,0.44656962156295776,-0.7517693,-0.045863647,0.99743176,-0.8,9.797174e-17,1.0,0.0666053369641304,-0.1653573,-0.7985886,0.99683654,-1.4695762e-16,-0.8,1.0,0.16539359092712402
206,-0.005696593318134546,0,0.27648812532424927,inf,0.06964489,0.17859647,1.0037136,0.0,0.0,1.0,0.1917313188314438,1.1178312,-0.39174044,0.99829954,0.8,0.0,1.0,0.5044602751731873,-0.35941896,1.0740045,1.0011348,4.898587e-17,0.8,1.0,0.4519532322883606,-0.7517094,-0.046397164,0.99742883,-0.8,9.797174e-17,1.0,0.0670170933008194,-0.16724445,-0.79879576,0.9968347,-1.4695762e-16,-0.8,1.0,0.1672787368297577
207,-0.005737311206758022,0,0.27970072627067566,inf,0.070549466,0.18079369,1.0037196,0.0,0.0,1.0,0.19410672783851624,1.1209196,-0.39691517,0.99830216,0.8,0.0,1.0,0.5104252696037292,-0.36352202,1.0775542,1.0011365,4.898587e-17,0.8,1.0,0.4573684632778168,-0.7516541,-0.04693486,0.99742603,-0.8,9.797174e-17,1.0,0.06743022054433823,-0.16914044,-0.7990069,0.9968326,-1.4695762e-16,-0.8,1.0,0.16917301714420319
208,-0.0057796938344836235,0,0.282931387424469,inf,0.07145884,0.18300542,1.0037259,0.0,0.0,1.0,0.19649741053581238,1.1240125,-0.402127,0.9983047,0.8,0.0,1.0,0.5164233446121216,-0.3676468,1.0811268,1.001138,4.898587e-17,0.8,1.0,0.4628150463104248,-0.75160336,-0.0474767,0.9974233,-0.8,9.797174e-17,1.0,0.06784476339817047,-0.17104533,-0.79922193,0.9968309,-1.4695762e-16,-0.8,1.0,0.1710764616727829
209,-0.005820979364216328,0,0.28618016839027405,inf,0.072372906,0.18523166,1.0037316,0.0,0.0,1.0,0.19890330731868744,1.1271099,-0.407376,0.99830747,0.8,0.0,1.0,0.5224547386169434,-0.37179336,1.084722,1.0011396,4.898587e-17,0.8,1.0,0.46829289197921753,-0.7515573,-0.048022743,0.99742055,-0.8,9.797174e-17,1.0,0.06826078146696091,-0.172959,-0.79944104,0.99682885,-1.4695762e-16,-0.8,1.0,0.17298896610736847
210,-0.005863931030035019,0,0.2894468903541565,inf,0.07329168,0.18747242,1.0037378,0.0,0.0,1.0,0.2013244926929474,1.1302115,-0.412662,0.99831015,0.8,0.0,1.0,0.5285190343856812,-0.37596145,1.0883402,1.0011411,4.898587e-17,0.8,1.0,0.47380203008651733,-0.75151587,-0.04857295,0.99741787,-0.8,9.797174e-17,1.0,0.06867831945419312,-0.17488149,-0.799664,0.9968272,-1.4695762e-16,-0.8,1.0,0.17491059005260468
211,-0.0059057860635221004,0,0.29273170232772827,inf,0.07421505,0.18972765,1.0037435,0.0,0.0,1.0,0.20376081764698029,1.1333174,-0.41798514,0.998313,0.8,0.0,1.0,0.5346165299415588,-0.38015115,1.091981,1.0011427,4.898587e-17,0.8,1.0,0.47934240102767944,-0.7514791,-0.04912738,0.9974152,-0.8,9.797174e-17,1.0,0.06909747421741486,-0.17681268,-0.799891,0.9968253,-1.4695762e-16,-0.8,1.0,0.17684121429920197
212,-0.005949309095740318,0,0.29603442549705505,inf,0.075143024,0.1919974,1.0037497,0.0,0.0,1.0,0.2062123566865921,1.136427,-0.4233453,0.99831575,0.8,0.0,1.0,0.5407469272613525,-0.38436225,1.0956446,1.001144,4.898587e-17,0.8,1.0,0.48491376638412476,-0.7514471,-0.049686003,0.9974126,-0.8,9.797174e-17,1.0,0.06951820105314255,-0.17875262,-0.8001219,0.99682367,-1.4695762e-16,-0.8,1.0,0.17878086864948273
213,-0.005991736426949501,0,0.2993551194667816,inf,0.07607549,0.19428161,1.0037553,0.0,0.0,1.0,0.20867900550365448,1.1395406,-0.4287425,0.9983187,0.8,0.0,1.0,0.5469101667404175,-0.38859475,1.099331,1.0011457,4.898587e-17,0.8,1.0,0.4905163049697876,-0.7514198,-0.050248876,0.99741006,-0.8,9.797174e-17,1.0,0.06994065642356873,-0.18070118,-0.8003568,0.99682176,-1.4695762e-16,-0.8,1.0,0.18072949349880219
214,-0.006035832222551107,0,0.3026936948299408,inf,0.07701247,0.19658034,1.0037614,0.0,0.0,1.0,0.2111608386039734,1.1426576,-0.43417665,0.99832153,0.8,0.0,1.0,0.5531061887741089,-0.39284846,1.10304,1.001147,4.898587e-17,0.8,1.0,0.49614962935447693,-0.7513972,-0.05081596,0.99740756,-0.8,9.797174e-17,1.0,0.07036488503217697,-0.1826584,-0.8005957,0.9968203,-1.4695762e-16,-0.8,1.0,0.18268704414367676
215,-0.006078833248466253,0,0.306050181388855,inf,0.077953845,0.1988935,1.0037669,0.0,0.0,1.0,0.2136577069759369,1.1457781,-0.4396478,0.99832463,0.8,0.0,1.0,0.5593348145484924,-0.39712346,1.1067717,1.0011486,4.898587e-17,0.8,1.0,0.5018139481544495,-0.75137943,-0.051387314,0.99740505,-0.8,9.797174e-17,1.0,0.07079089432954788,-0.18462418,-0.80083853,0.9968185,-1.4695762e-16,-0.8,1.0,0.18465350568294525
216,-0.006123505532741547,0,0.309424489736557,inf,0.07889963,0.20122117,1.003773,0.0,0.0,1.0,0.21616971492767334,1.1489018,-0.44515583,0.99832755,0.8,0.0,1.0,0.5655961632728577,-0.40141952,1.1105261,1.0011499,4.898587e-17,0.8,1.0,0.5075089931488037,-0.75136644,-0.051962905,0.9974026,-0.8,9.797174e-17,1.0,0.07121878117322922,-0.18659854,-0.80108535,0.99681705,-1.4695762e-16,-0.8,1.0,0.18662884831428528
217,-0.006167083978652954,0,0.3128166198730469,inf,0.07984972,0.20356327,1.0037783,0.0,0.0,1.0,0.218696728348732,1.1520287,-0.45070082,0.9983307,0.8,0.0,1.0,0.5718900561332703,-0.40573665,1.1143032,1.0011514,4.898587e-17,0.8,1.0,0.5132349133491516,-0.75135833,-0.052542794,0.9974002,-0.8,9.797174e-17,1.0,0.07164856791496277,-0.18858136,-0.80133617,0.9968153,-1.4695762e-16,-0.8,1.0,0.18861298263072968
218,-0.006212356500327587,0,0.3162265419960022,inf,0.080804124,0.20591986,1.0037843,0.0,0.0,1.0,0.22123882174491882,1.1551584,-0.45628262,0.9983338,0.8,0.0,1.0,0.5782163143157959,-0.41007468,1.1181028,1.0011528,4.898587e-17,0.8,1.0,0.5189912915229797,-0.75135505,-0.053126942,0.9973979,-0.8,9.797174e-17,1.0,0.0720803365111351,-0.19057271,-0.8015909,0.99681395,-1.4695762e-16,-0.8,1.0,0.19060596823692322
219,-0.00625660689547658,0,0.31965428590774536,inf,0.08176274,0.20829089,1.0037897,0.0,0.0,1.0,0.22379589080810547,1.158291,-0.4619013,0.99833703,0.8,0.0,1.0,0.5845750570297241,-0.41443366,1.1219251,1.0011542,4.898587e-17,0.8,1.0,0.5247783660888672,-0.7513566,-0.053715408,0.9973956,-0.8,9.797174e-17,1.0,0.07251419872045517,-0.19257244,-0.80184966,0.99681234,-1.4695762e-16,-0.8,1.0,0.19260771572589874
220,-0.006302528083324432,0,0.32309967279434204,inf,0.08272559,0.21067639,1.0037955,0.0,0.0,1.0,0.2263679951429367,1.1614261,-0.46755674,0.99834025,0.8,0.0,1.0,0.5909660458564758,-0.41881335,1.1257699,1.0011554,4.898587e-17,0.8,1.0,0.5305958390235901,-0.7513631,-0.054308165,0.99739337,-0.8,9.797174e-17,1.0,0.07295012474060059,-0.19458061,-0.80211234,0.99681103,-1.4695762e-16,-0.8,1.0,0.19461821019649506
221,-0.006347360089421272,0,0.326562762260437,inf,0.08369257,0.2130763,1.0038007,0.0,0.0,1.0,0.22895501554012299,1.1645635,-0.473249,0.9983436,0.8,0.0,1.0,0.5973892211914062,-0.4232138,1.1296374,1.0011569,4.898587e-17,0.8,1.0,0.5364438891410828,-0.75137454,-0.054905258,0.9973911,-0.8,9.797174e-17,1.0,0.07338821142911911,-0.19659711,-0.8023791,0.9968095,-1.4695762e-16,-0.8,1.0,0.19663740694522858
222,-0.006393864750862122,0,0.3300434947013855,inf,0.08466371,0.21549068,1.0038065,0.0,0.0,1.0,0.23155704140663147,1.1677032,-0.47897795,0.99834687,0.8,0.0,1.0,0.6038445234298706,-0.4276348,1.1335274,1.001158,4.898587e-17,0.8,1.0,0.5423222184181213,-0.7513909,-0.055506665,0.99738896,-0.8,9.797174e-17,1.0,0.0738285556435585,-0.19862196,-0.80264974,0.9968083,-1.4695762e-16,-0.8,1.0,0.19866527616977692
223,-0.006439280230551958,0,0.33354195952415466,inf,0.0856389,0.21791947,1.0038117,0.0,0.0,1.0,0.2341739684343338,1.170845,-0.48474365,0.9983503,0.8,0.0,1.0,0.6103320121765137,-0.43207642,1.1374401,1.0011594,4.898587e-17,0.8,1.0,0.5482309460639954,-0.7514122,-0.056112442,0.9973868,-0.8,9.797174e-17,1.0,0.07427118718624115,-0.20065504,-0.8029244,0.99680686,-1.4695762e-16,-0.8,1.0,0.2007017582654953
224,-0.006486369296908379,0,0.33705800771713257,inf,0.08661818,0.22036272,1.0038173,0.0,0.0,1.0,0.23680585622787476,1.1739887,-0.49054596,0.9983537,0.8,0.0,1.0,0.6168513298034668,-0.43653846,1.1413753,1.0011605,4.898587e-17,0.8,1.0,0.5541698932647705,-0.75143856,-0.05672255,0.9973848,-0.8,9.797174e-17,1.0,0.07471614331007004,-0.20269641,-0.80320305,0.9968057,-1.4695762e-16,-0.8,1.0,0.20274688303470612
225,-0.0065323710441589355,0,0.3405917286872864,inf,0.087601416,0.22282037,1.0038224,0.0,0.0,1.0,0.23945258557796478,1.177134,-0.49638495,0.99835736,0.8,0.0,1.0,0.6234025955200195,-0.4410209,1.1453333,1.0011618,4.898587e-17,0.8,1.0,0.5601391196250916,-0.7514699,-0.057337053,0.99738264,-0.8,9.797174e-17,1.0,0.07516354322433472,-0.20474595,-0.80348575,0.99680436,-1.4695762e-16,-0.8,1.0,0.2048005610704422
226,-0.006580098066478968,0,0.3441428542137146,inf,0.08858866,0.22529247,1.003828,0.0,0.0,1.0,0.24211424589157104,1.1802809,-0.50226045,0.9983609,0.8,0.0,1.0,0.6299855709075928,-0.4455236,1.1493137,1.0011629,4.898587e-17,0.8,1.0,0.5661383867263794,-0.7515063,-0.057955913,0.99738073,-0.8,9.797174e-17,1.0,0.07561339437961578,-0.20680368,-0.80377233,0.99680334,-1.4695762e-16,-0.8,1.0,0.20686279237270355
227,-0.0066267880611121655,0,0.34771162271499634,inf,0.08957981,0.22777897,1.003833,0.0,0.0,1.0,0.244790717959404,1.1834294,-0.5081726,0.99836457,0.8,0.0,1.0,0.6366004347801208,-0.45004657,1.1533169,1.0011642,4.898587e-17,0.8,1.0,0.5721678137779236,-0.7515478,-0.05857919,0.9973787,-0.8,9.797174e-17,1.0,0.07606581598520279,-0.2088695,-0.80406296,0.99680203,-1.4695762e-16,-0.8,1.0,0.208933487534523
228,-0.006675397977232933,0,0.35129791498184204,inf,0.09057492,0.23027991,1.0038385,0.0,0.0,1.0,0.2474820911884308,1.1865789,-0.5141212,0.99836814,0.8,0.0,1.0,0.6432467699050903,-0.4545896,1.1573426,1.0011652,4.898587e-17,0.8,1.0,0.5782272815704346,-0.75159436,-0.05920686,0.9973768,-0.8,9.797174e-17,1.0,0.07652084529399872,-0.21094345,-0.8043576,0.9968011,-1.4695762e-16,-0.8,1.0,0.21101269125938416
229,-0.006722961086779833,0,0.3549017310142517,inf,0.09157389,0.23279522,1.0038434,0.0,0.0,1.0,0.25018826127052307,1.1897296,-0.52010626,0.9983719,0.8,0.0,1.0,0.6499248147010803,-0.45915276,1.161391,1.0011665,4.898587e-17,0.8,1.0,0.5843167304992676,-0.75164604,-0.059838966,0.9973749,-0.8,9.797174e-17,1.0,0.07697856426239014,-0.2130254,-0.8046562,0.9967999,-1.4695762e-16,-0.8,1.0,0.21310031414031982
230,-0.00677220243960619,0,0.35852301120758057,inf,0.092576765,0.23532498,1.0038489,0.0,0.0,1.0,0.2529093027114868,1.1928811,-0.52612776,0.99837554,0.8,0.0,1.0,0.6566343307495117,-0.46373585,1.1654619,1.0011674,4.898587e-17,0.8,1.0,0.5904360413551331,-0.7517029,-0.060475484,0.9973731,-0.8,9.797174e-17,1.0,0.07743898034095764,-0.21511541,-0.8049588,0.996799,-1.4695762e-16,-0.8,1.0,0.2151963710784912
231,-0.006820359732955694,0,0.3621617257595062,inf,0.093583465,0.23786911,1.0038538,0.0,0.0,1.0,0.25564512610435486,1.1960334,-0.53218573,0.99837935,0.8,0.0,1.0,0.6633752584457397,-0.46833885,1.1695555,1.0011686,4.898587e-17,0.8,1.0,0.596585214138031,-0.7517649,-0.06111647,0.99737126,-0.8,9.797174e-17,1.0,0.07790224254131317,-0.21721336,-0.8052655,0.9967978,-1.4695762e-16,-0.8,1.0,0.21730077266693115
232,-0.006870196666568518,0,0.3658178746700287,inf,0.094594024,0.24042767,1.0038593,0.0,0.0,1.0,0.258395791053772,1.1991863,-0.53828007,0.99838305,0.8,0.0,1.0,0.6701475381851196,-0.47296163,1.1736717,1.0011694,4.898587e-17,0.8,1.0,0.6027641296386719,-0.75183207,-0.06176189,0.9973696,-0.8,9.797174e-17,1.0,0.07836836576461792,-0.21931927,-0.8055761,0.996797,-1.4695762e-16,-0.8,1.0,0.21941351890563965
233,-0.006918952334672213,0,0.36949148774147034,inf,0.09560836,0.24300061,1.0038642,0.0,0.0,1.0,0.2611612379550934,1.2023398,-0.54441077,0.9983869,0.8,0.0,1.0,0.6769512295722961,-0.47760418,1.1778107,1.0011706,4.898587e-17,0.8,1.0,0.6089729070663452,-0.7519044,-0.062411807,0.9973678,-0.8,9.797174e-17,1.0,0.07883747667074203,-0.22143304,-0.80589074,0.9967959,-1.4695762e-16,-0.8,1.0,0.22153455018997192
234,-0.0069693876430392265,0,0.373182475566864,inf,0.09662652,0.24558797,1.0038695,0.0,0.0,1.0,0.2639414966106415,1.2054935,-0.5505777,0.9983907,0.8,0.0,1.0,0.6837860345840454,-0.4822663,1.1819721,1.0011715,4.898587e-17,0.8,1.0,0.6152112483978271,-0.7519821,-0.063066185,0.99736625,-0.8,9.797174e-17,1.0,0.07930952310562134,-0.22355472,-0.8062094,0.9967952,-1.4695762e-16,-0.8,1.0,0.22366389632225037
235,-0.007018743082880974,0,0.3768908381462097,inf,0.097648405,0.2481897,1.0038743,0.0,0.0,1.0,0.2667364776134491,1.2086474,-0.55678105,0.9983946,0.8,0.0,1.0,0.6906521320343018,-0.48694807,1.1861563,1.0011727,4.898587e-17,0.8,1.0,0.6214792728424072,-0.75206494,-0.063725084,0.9973646,-0.8,9.797174e-17,1.0,0.07978472858667374,-0.22568418,-0.806532,0.99679416,-1.4695762e-16,-0.8,1.0,0.22580145299434662
236,-0.007069780025631189,0,0.3806164860725403,inf,0.09867407,0.25080585,1.0038797,0.0,0.0,1.0,0.2695463001728058,1.2118012,-0.5630205,0.9983984,0.8,0.0,1.0,0.6975491642951965,-0.49164927,1.1903629,1.0011734,4.898587e-17,0.8,1.0,0.6277766823768616,-0.7521531,-0.06438847,0.9973631,-0.8,9.797174e-17,1.0,0.08026304095983505,-0.22782145,-0.80685866,0.9967935,-1.4695762e-16,-0.8,1.0,0.22794722020626068
237,-0.0071197375655174255,0,0.3843595087528229,inf,0.0997034,0.25343636,1.0038844,0.0,0.0,1.0,0.2723707854747772,1.2149549,-0.56929624,0.9984025,0.8,0.0,1.0,0.7044773101806641,-0.4963699,1.1945924,1.0011744,4.898587e-17,0.8,1.0,0.6341037750244141,-0.7522466,-0.065056406,0.99736154,-0.8,9.797174e-17,1.0,0.08074456453323364,-0.22996643,-0.80718935,0.99679255,-1.4695762e-16,-0.8,1.0,0.23010113835334778
238,-0.0071713789366185665,0,0.3881198763847351,inf,0.10073648,0.25608125,1.0038897,0.0,0.0,1.0,0.27521005272865295,1.2181083,-0.5756081,0.9984064,0.8,0.0,1.0,0.7114364504814148,-0.5011098,1.1988443,1.0011752,4.898587e-17,0.8,1.0,0.6404601335525513,-0.7523454,-0.06572886,0.9973602,-0.8,9.797174e-17,1.0,0.08122939616441727,-0.23211916,-0.807524,0.996792,-1.4695762e-16,-0.8,1.0,0.2322632223367691
239,-0.00722194230183959,0,0.3918974995613098,inf,0.10177319,0.2587405,1.0038943,0.0,0.0,1.0,0.2780640423297882,1.2212613,-0.58195615,0.9984105,0.8,0.0,1.0,0.7184264063835144,-0.505869,1.203119,1.0011761,4.898587e-17,0.8,1.0,0.6468459963798523,-0.7524496,-0.06640588,0.9973588,-0.8,9.797174e-17,1.0,0.08171756565570831,-0.23427951,-0.80786276,0.9967912,-1.4695762e-16,-0.8,1.0,0.2344333678483963
240,-0.007274115923792124,0,0.395692378282547,inf,0.10281358,0.26141417,1.0038996,0.0,0.0,1.0,0.280932754278183,1.2244136,-0.5883402,0.9984145,0.8,0.0,1.0,0.7254472374916077,-0.5106473,1.2074163,1.0011767,4.898587e-17,0.8,1.0,0.653261125087738,-0.75255907,-0.06708744,0.99735767,-0.8,9.797174e-17,1.0,0.08220918476581573,-0.23644753,-0.8082055,0.9967907,-1.4695762e-16,-0.8,1.0,0.23661163449287415
241,-0.007325211074203253,0,0.39950451254844666,inf,0.10385756,0.2641022,1.0039041,0.0,0.0,1.0,0.2838161289691925,1.2275652,-0.5947604,0.99841875,0.8,0.0,1.0,0.7324987053871155,-0.5154447,1.2117362,1.0011777,4.898587e-17,0.8,1.0,0.6597054600715637,-0.752674,-0.0677736,0.99735636,-0.8,9.797174e-17,1.0,0.08270430564880371,-0.23862311,-0.80855227,0.99678993,-1.4695762e-16,-0.8,1.0,0.23879790306091309
242,-0.007377992384135723,0,0.403333842754364,inf,0.10490519,0.26680458,1.0039092,0.0,0.0,1.0,0.28671425580978394,1.2307159,-0.6012165,0.99842286,0.8,0.0,1.0,0.7395808696746826,-0.52026105,1.2160788,1.0011781,4.898587e-17,0.8,1.0,0.6661790013313293,-0.75279427,-0.06846432,0.9973554,-0.8,9.797174e-17,1.0,0.08320300281047821,-0.24080628,-0.80890304,0.9967896,-1.4695762e-16,-0.8,1.0,0.24099218845367432
243,-0.0074296980164945126,0,0.40718045830726624,inf,0.10595635,0.26952133,1.0039138,0.0,0.0,1.0,0.2896270155906677,1.2338654,-0.6077087,0.99842715,0.8,0.0,1.0,0.7466937303543091,-0.52509636,1.220444,1.001179,4.898587e-17,0.8,1.0,0.6726817488670349,-0.7529199,-0.06915963,0.9973542,-0.8,9.797174e-17,1.0,0.08370538055896759,-0.24299693,-0.80925786,0.99678886,-1.4695762e-16,-0.8,1.0,0.24319443106651306
244,-0.007483089808374643,0,0.4110442101955414,inf,0.107011124,0.27225244,1.0039188,0.0,0.0,1.0,0.29255449771881104,1.2370138,-0.61423665,0.9984314,0.8,0.0,1.0,0.7538369297981262,-0.52995044,1.2248317,1.0011795,4.898587e-17,0.8,1.0,0.6792134046554565,-0.7530509,-0.06985952,0.9973534,-0.8,9.797174e-17,1.0,0.08421148359775543,-0.2451951,-0.8096167,0.9967886,-1.4695762e-16,-0.8,1.0,0.24540463089942932
245,-0.00753540825098753,0,0.41492509841918945,inf,0.10806939,0.27499786,1.0039233,0.0,0.0,1.0,0.29549655318260193,1.2401608,-0.6208006,0.9984358,0.8,0.0,1.0,0.7610107660293579,-0.5348233,1.2292422,1.0011802,4.898587e-17,0.8,1.0,0.6857741475105286,-0.7531873,-0.07056402,0.99735236,-0.8,9.797174e-17,1.0,0.08472143113613129,-0.24740067,-0.8099796,0.996788,-1.4695762e-16,-0.8,1.0,0.24762269854545593
246,-0.007589413318783045,0,0.4188231825828552,inf,0.1091312,0.2777577,1.0039282,0.0,0.0,1.0,0.29845333099365234,1.2433063,-0.62740034,0.9984401,0.8,0.0,1.0,0.7682148218154907,-0.5397148,1.2336752,1.0011806,4.898587e-17,0.8,1.0,0.6923638582229614,-0.75332904,-0.071273096,0.9973516,-0.8,9.797174e-17,1.0,0.08523525297641754,-0.24961367,-0.8103465,0.9967878,-1.4695762e-16,-0.8,1.0,0.24984866380691528
247,-0.007642345502972603,0,0.4227384030818939,inf,0.11019647,0.28053182,1.0039325,0.0,0.0,1.0,0.30142468214035034,1.2464501,-0.6340359,0.99844456,0.8,0.0,1.0,0.775449275970459,-0.544625,1.238131,1.0011812,4.898587e-17,0.8,1.0,0.6989825367927551,-0.75347614,-0.0719868,0.99735063,-0.8,9.797174e-17,1.0,0.08575306832790375,-0.251834,-0.81071746,0.9967873,-1.4695762e-16,-0.8,1.0,0.2520824074745178
248,-0.007697087246924639,0,0.426670640707016,inf,0.11126525,0.28332034,1.0039374,0.0,0.0,1.0,0.3044106960296631,1.2495921,-0.64070714,0.9984489,0.8,0.0,1.0,0.7827138900756836,-0.5495536,1.2426094,1.0011816,4.898587e-17,0.8,1.0,0.7056299448013306,-0.7536286,-0.072705105,0.9973499,-0.8,9.797174e-17,1.0,0.08627492189407349,-0.2540617,-0.81109244,0.99678713,-1.4695762e-16,-0.8,1.0,0.2543240189552307
249,-0.007750756572932005,0,0.43062010407447815,inf,0.112337455,0.28612316,1.0039415,0.0,0.0,1.0,0.3074112832546234,1.252732,-0.64741415,0.99845344,0.8,0.0,1.0,0.7900087237358093,-0.55450064,1.2471104,1.0011823,4.898587e-17,0.8,1.0,0.7123061418533325,-0.75378644,-0.073428035,0.997349,-0.8,9.797174e-17,1.0,0.08680091053247452,-0.2562967,-0.8114715,0.9967867,-1.4695762e-16,-0.8,1.0,0.2565734088420868
250,-0.007806115783751011,0,0.4345865249633789,inf,0.11341317,0.28894034,1.0039463,0.0,0.0,1.0,0.3104265332221985,1.2558699,-0.6541567,0.9984579,0.8,0.0,1.0,0.7973334789276123,-0.55946594,1.251634,1.0011826,4.898587e-17,0.8,1.0,0.7190109491348267,-0.75394964,-0.074155584,0.9973484,-0.8,9.797174e-17,1.0,0.08733108639717102,-0.25853896,-0.81185454,0.99678665,-1.4695762e-16,-0.8,1.0,0.25883054733276367
251,-0.007860401645302773,0,0.4385700821876526,inf,0.11449233,0.29177183,1.0039504,0.0,0.0,1.0,0.31345638632774353,1.2590055,-0.6609349,0.9984625,0.8,0.0,1.0,0.8046884536743164,-0.5644496,1.2561803,1.0011832,4.898587e-17,0.8,1.0,0.7257446050643921,-0.7541182,-0.074887775,0.9973476,-0.8,9.797174e-17,1.0,0.08786554634571075,-0.2607885,-0.8122417,0.99678636,-1.4695762e-16,-0.8,1.0,0.26109543442726135
252,-0.007916378788650036,0,0.44257062673568726,inf,0.115574986,0.2946177,1.0039549,0.0,0.0,1.0,0.31650087237358093,1.2621387,-0.6677487,0.998467,0.8,0.0,1.0,0.8120731711387634,-0.5694514,1.2607491,1.0011834,4.898587e-17,0.8,1.0,0.7325066924095154,-0.7542921,-0.075624585,0.99734706,-0.8,9.797174e-17,1.0,0.08840436488389969,-0.26304528,-0.81263286,0.9967863,-1.4695762e-16,-0.8,1.0,0.26336807012557983
253,-0.007971629500389099,0,0.44658827781677246,inf,0.11666109,0.29747787,1.003959,0.0,0.0,1.0,0.3195599615573883,1.2652693,-0.6745979,0.99847174,0.8,0.0,1.0,0.8194877505302429,-0.57447135,1.2653407,1.0011839,4.898587e-17,0.8,1.0,0.7392974495887756,-0.7544713,-0.07636605,0.9973463,-0.8,9.797174e-17,1.0,0.08894762396812439,-0.26530927,-0.81302804,0.99678606,-1.4695762e-16,-0.8,1.0,0.26564839482307434
254,-0.008027659729123116,0,0.4506228566169739,inf,0.11775069,0.30035236,1.0039632,0.0,0.0,1.0,0.32263365387916565,1.2683973,-0.6814827,0.9984763,0.8,0.0,1.0,0.8269323110580444,-0.57950926,1.2699549,1.0011841,4.898587e-17,0.8,1.0,0.7461166381835938,-0.7546559,-0.07711215,0.9973457,-0.8,9.797174e-17,1.0,0.08949535340070724,-0.2675805,-0.81342727,0.9967861,-1.4695762e-16,-0.8,1.0,0.26793643832206726
255,-0.008083535358309746,0,0.45467454195022583,inf,0.11884375,0.30324125,1.0039676,0.0,0.0,1.0,0.3257220387458801,1.2715225,-0.6884028,0.998481,0.8,0.0,1.0,0.8344064950942993,-0.58456516,1.2745917,1.0011847,4.898587e-17,0.8,1.0,0.7529642581939697,-0.7548458,-0.077862926,0.997345,-0.8,9.797174e-17,1.0,0.0900476947426796,-0.2698589,-0.8138305,0.99678594,-1.4695762e-16,-0.8,1.0,0.2702321708202362
256,-0.008140642195940018,0,0.458743155002594,inf,0.1199403,0.30614442,1.0039717,0.0,0.0,1.0,0.3288249671459198,1.2746449,-0.6953581,0.9984857,0.8,0.0,1.0,0.8419102430343628,-0.589639,1.2792512,1.001185,4.898587e-17,0.8,1.0,0.7598403096199036,-0.75504106,-0.07861834,0.99734443,-0.8,9.797174e-17,1.0,0.09060464799404144,-0.27214444,-0.81423783,0.9967858,-1.4695762e-16,-0.8,1.0,0.2725355923175812
257,-0.00819714181125164,0,0.46282872557640076,inf,0.121040314,0.3090619,1.0039756,0.0,0.0,1.0,0.33194249868392944,1.2777642,-0.7023486,0.9984905,0.8,0.0,1.0,0.8494436144828796,-0.5947308,1.2839333,1.0011853,4.898587e-17,0.8,1.0,0.7667447924613953,-0.7552417,-0.07937845,0.99734396,-0.8,9.797174e-17,1.0,0.09116633236408234,-0.27443713,-0.81464916,0.9967858,-1.4695762e-16,-0.8,1.0,0.2748466432094574
258,-0.00825442373752594,0,0.4669313430786133,inf,0.12214382,0.31199375,1.0039796,0.0,0.0,1.0,0.33507469296455383,1.2808803,-0.7093742,0.9984953,0.8,0.0,1.0,0.8570063710212708,-0.59984046,1.288638,1.0011855,4.898587e-17,0.8,1.0,0.7736776471138,-0.7554477,-0.0801432,0.99734336,-0.8,9.797174e-17,1.0,0.09173276275396347,-0.27673694,-0.8150645,0.99678594,-1.4695762e-16,-0.8,1.0,0.2771652936935425
259,-0.00831178855150938,0,0.4710509181022644,inf,0.1232508,0.31493992,1.0039837,0.0,0.0,1.0,0.3382214903831482,1.2839934,-0.71643484,0.99850005,0.8,0.0,1.0,0.8645985722541809,-0.6049679,1.2933654,1.0011859,4.898587e-17,0.8,1.0,0.7806388139724731,-0.755659,-0.08091266,0.9973429,-0.8,9.797174e-17,1.0,0.09230408817529678,-0.27904385,-0.8154839,0.99678594,-1.4695762e-16,-0.8,1.0,0.2794916033744812
260,-0.008370396681129932,0,0.47518736124038696,inf,0.12436127,0.3179004,1.0039876,0.0,0.0,1.0,0.3413828909397125,1.2871028,-0.72353035,0.99850494,0.8,0.0,1.0,0.8722199201583862,-0.61011314,1.2981153,1.0011863,4.898587e-17,0.8,1.0,0.7876282930374146,-0.7558756,-0.08168677,0.9973424,-0.8,9.797174e-17,1.0,0.09288033843040466,-0.28135785,-0.81590736,0.996786,-1.4695762e-16,-0.8,1.0,0.2818254828453064
261,-0.008428400382399559,0,0.4793407917022705,inf,0.1254752,0.3208752,1.0039911,0.0,0.0,1.0,0.3445589244365692,1.2902088,-0.73066074,0.9985098,0.8,0.0,1.0,0.8798704743385315,-0.61527616,1.3028879,1.0011864,4.898587e-17,0.8,1.0,0.7946460843086243,-0.75609756,-0.082465604,0.997342,-0.8,9.797174e-17,1.0,0.09346157312393188,-0.28367892,-0.8163348,0.9967861,-1.4695762e-16,-0.8,1.0,0.28416699171066284
262,-0.008487188257277012,0,0.48351114988327026,inf,0.12659264,0.3238643,1.0039948,0.0,0.0,1.0,0.3477495610713959,1.2933112,-0.7378259,0.9985148,0.8,0.0,1.0,0.8875501155853271,-0.6204569,1.3076831,1.0011865,4.898587e-17,0.8,1.0,0.8016921281814575,-0.7563248,-0.08324911,0.99734163,-0.8,9.797174e-17,1.0,0.09404787421226501,-0.28600702,-0.8167663,0.9967864,-1.4695762e-16,-0.8,1.0,0.28651607036590576
263,-0.008545552380383015,0,0.48769837617874146,inf,0.12771353,0.3268678,1.0039988,0.0,0.0,1.0,0.3509548306465149,1.2964098,-0.74502563,0.99851966,0.8,0.0,1.0,0.8952586650848389,-0.62565523,1.312501,1.0011867,4.898587e-17,0.8,1.0,0.8087664246559143,-0.75655746,-0.08403734,0.9973412,-0.8,9.797174e-17,1.0,0.09463930875062943,-0.28834212,-0.81720185,0.99678653,-1.4695762e-16,-0.8,1.0,0.288872629404068
264,-0.008605614304542542,0,0.4919024407863617,inf,0.12883794,0.3298855,1.0040023,0.0,0.0,1.0,0.3541746437549591,1.2995046,-0.75225997,0.9985246,0.8,0.0,1.0,0.9029961824417114,-0.6308711,1.3173413,1.0011868,4.898587e-17,0.8,1.0,0.8158687949180603,-0.7567954,-0.084830254,0.9973409,-0.8,9.797174e-17,1.0,0.0952359214425087,-0.29068422,-0.8176414,0.9967868,-1.4695762e-16,-0.8,1.0,0.2912367880344391
265,-0.008665076456964016,0,0.49612340331077576,inf,0.1299658,0.3329176,1.0040057,0.0,0.0,1.0,0.35740914940834045,1.3025954,-0.75952876,0.99852973,0.8,0.0,1.0,0.9107624292373657,-0.6361046,1.3222045,1.0011871,4.898587e-17,0.8,1.0,0.8229993581771851,-0.75703865,-0.085627906,0.99734056,-0.8,9.797174e-17,1.0,0.09583783149719238,-0.2930333,-0.81808496,0.99678695,-1.4695762e-16,-0.8,1.0,0.2936084270477295
266,-0.008725319989025593,0,0.5003612637519836,inf,0.13109717,0.33596396,1.004009,0.0,0.0,1.0,0.360658198595047,1.3056821,-0.766832,0.99853474,0.8,0.0,1.0,0.9185574650764465,-0.6413556,1.32709,1.0011871,4.898587e-17,0.8,1.0,0.830157995223999,-0.75728726,-0.08643026,0.9973403,-0.8,9.797174e-17,1.0,0.09644502401351929,-0.29538935,-0.8185326,0.99678737,-1.4695762e-16,-0.8,1.0,0.2959875762462616
267,-0.00878495629876852,0,0.5046159029006958,inf,0.13223201,0.3390247,1.0040126,0.0,0.0,1.0,0.3639219105243683,1.3087645,-0.7741695,0.9985398,0.8,0.0,1.0,0.9263810515403748,-0.64662415,1.3319983,1.0011874,4.898587e-17,0.8,1.0,0.8373448848724365,-0.7575412,-0.08723736,0.99733996,-0.8,9.797174e-17,1.0,0.09705764055252075,-0.29775232,-0.8189842,0.9967876,-1.4695762e-16,-0.8,1.0,0.298374205827713
268,-0.008846286684274673,0,0.5088874697685242,inf,0.13337037,0.3420997,1.0040158,0.0,0.0,1.0,0.36720019578933716,1.3118426,-0.78154117,0.9985449,0.8,0.0,1.0,0.9342331290245056,-0.6519102,1.3369292,1.0011873,4.898587e-17,0.8,1.0,0.8445597887039185,-0.7578004,-0.088049166,0.99733984,-0.8,9.797174e-17,1.0,0.09767568111419678,-0.30012223,-0.8194399,0.99678797,-1.4695762e-16,-0.8,1.0,0.30076831579208374
269,-0.008907021023333073,0,0.5131757855415344,inf,0.13451217,0.345189,1.0040188,0.0,0.0,1.0,0.370493084192276,1.3149161,-0.788947,0.9985501,0.8,0.0,1.0,0.9421136379241943,-0.6572138,1.3418828,1.0011876,4.898587e-17,0.8,1.0,0.8518030643463135,-0.7580649,-0.088865735,0.9973395,-0.8,9.797174e-17,1.0,0.09829927980899811,-0.30249903,-0.81989956,0.9967883,-1.4695762e-16,-0.8,1.0,0.303169846534729
270,-0.008968535810709,0,0.5174808502197266,inf,0.1356575,0.3482926,1.0040219,0.0,0.0,1.0,0.3738005757331848,1.317985,-0.79638684,0.99855524,0.8,0.0,1.0,0.9500223994255066,-0.66253483,1.3468589,1.0011874,4.898587e-17,0.8,1.0,0.8590741753578186,-0.7583348,-0.08968703,0.99733937,-0.8,9.797174e-17,1.0,0.09892840683460236,-0.30488268,-0.8203633,0.9967888,-1.4695762e-16,-0.8,1.0,0.3055788278579712
271,-0.009029447101056576,0,0.5218028426170349,inf,0.1368063,0.35141057,1.0040251,0.0,0.0,1.0,0.377122700214386,1.3210495,-0.80386066,0.99856037,0.8,0.0,1.0,0.9579595923423767,-0.66787344,1.3518575,1.0011877,4.898587e-17,0.8,1.0,0.8663735389709473,-0.75860995,-0.09051309,0.9973391,-0.8,9.797174e-17,1.0,0.09956322610378265,-0.3072732,-0.82083106,0.9967892,-1.4695762e-16,-0.8,1.0,0.3079952299594879
272,-0.009092050604522228,0,0.5261415839195251,inf,0.1379586,0.3545428,1.0040281,0.0,0.0,1.0,0.3804594576358795,1.3241088,-0.8113682,0.99856555,0.8,0.0,1.0,0.9659246802330017,-0.6732294,1.3568789,1.0011874,4.898587e-17,0.8,1.0,0.8737009763717651,-0.75889045,-0.09134389,0.99733907,-0.8,9.797174e-17,1.0,0.10020370781421661,-0.30967057,-0.8213028,0.9967897,-1.4695762e-16,-0.8,1.0,0.3104190230369568
273,-0.009154058992862701,0,0.5304970145225525,inf,0.13911438,0.3576893,1.0040307,0.0,0.0,1.0,0.38381075859069824,1.3271633,-0.8189095,0.9985709,0.8,0.0,1.0,0.9739178419113159,-0.6786028,1.3619227,1.0011876,4.898587e-17,0.8,1.0,0.8810563683509827,-0.7591762,-0.09217946,0.99733883,-0.8,9.797174e-17,1.0,0.10084997862577438,-0.31207472,-0.8217786,0.9967902,-1.4695762e-16,-0.8,1.0,0.3128501772880554
274,-0.009216508828103542,0,0.5348692536354065,inf,0.14027366,0.3608501,1.0040334,0.0,0.0,1.0,0.38717666268348694,1.3302127,-0.82648456,0.99857616,0.8,0.0,1.0,0.9819390177726746,-0.68399364,1.3669893,1.0011874,4.898587e-17,0.8,1.0,0.888439953327179,-0.7594673,-0.09301978,0.9973388,-0.8,9.797174e-17,1.0,0.10150203108787537,-0.3144857,-0.8222584,0.9967908,-1.4695762e-16,-0.8,1.0,0.3152887225151062
275,-0.009278811514377594,0,0.5392583012580872,inf,0.14143643,0.36402526,1.0040364,0.0,0.0,1.0,0.3905572295188904,1.333257,-0.8340931,0.9985814,0.8,0.0,1.0,0.9899880290031433,-0.6894018,1.3720783,1.0011874,4.898587e-17,0.8,1.0,0.8958514332771301,-0.75976366,-0.0938649,0.99733865,-0.8,9.797174e-17,1.0,0.1021600067615509,-0.3169034,-0.8227423,0.99679136,-1.4695762e-16,-0.8,1.0,0.31773459911346436
276,-0.009342352859675884,0,0.5436639785766602,inf,0.14260271,0.36721468,1.004039,0.0,0.0,1.0,0.3939523696899414,1.336296,-0.84173506,0.9985868,0.8,0.0,1.0,0.9980647563934326,-0.6948272,1.3771899,1.0011874,4.898587e-17,0.8,1.0,0.903290867805481,-0.7600653,-0.094714776,0.99733853,-0.8,9.797174e-17,1.0,0.1028238907456398,-0.31932792,-0.8232301,0.99679196,-1.4695762e-16,-0.8,1.0,0.32018783688545227
277,-0.009405754506587982,0,0.5480862855911255,inf,0.14377245,0.37041837,1.0040413,0.0,0.0,1.0,0.39736208319664,1.3393295,-0.8494104,0.99859226,0.8,0.0,1.0,1.006169080734253,-0.7002698,1.3823241,1.0011872,4.898587e-17,0.8,1.0,0.9107582569122314,-0.76037234,-0.09556946,0.99733853,-0.8,9.797174e-17,1.0,0.10349375754594803,-0.32175913,-0.823722,0.9967926,-1.4695762e-16,-0.8,1.0,0.3226483464241028
278,-0.009469482116401196,0,0.5525254011154175,inf,0.14494571,0.37363636,1.0040436,0.0,0.0,1.0,0.4007863998413086,1.3423574,-0.8571191,0.9985977,0.8,0.0,1.0,1.014301061630249,-0.70572966,1.387481,1.0011872,4.898587e-17,0.8,1.0,0.9182536005973816,-0.76068455,-0.09642891,0.9973384,-0.8,9.797174e-17,1.0,0.10416968911886215,-0.32419708,-0.8242179,0.9967934,-1.4695762e-16,-0.8,1.0,0.32511618733406067
279,-0.009533037431538105,0,0.556981086730957,inf,0.14612247,0.3768687,1.0040463,0.0,0.0,1.0,0.4042253792285919,1.3453797,-0.8648609,0.998603,0.8,0.0,1.0,1.0224604606628418,-0.71120656,1.3926604,1.0011871,4.898587e-17,0.8,1.0,0.9257767200469971,-0.7610021,-0.09729318,0.9973385,-0.8,9.797174e-17,1.0,0.10485171526670456,-0.32664168,-0.8247178,0.99679404,-1.4695762e-16,-0.8,1.0,0.32759127020835876
280,-0.009597796015441418,0,0.5614534020423889,inf,0.14730272,0.38011524,1.0040486,0.0,0.0,1.0,0.40767890214920044,1.3483963,-0.8726357,0.9986085,0.8,0.0,1.0,1.0306471586227417,-0.7167005,1.3978623,1.0011871,4.898587e-17,0.8,1.0,0.9333275556564331,-0.761325,-0.09816223,0.9973384,-0.8,9.797174e-17,1.0,0.10553986579179764,-0.329093,-0.8252218,0.9967948,-1.4695762e-16,-0.8,1.0,0.33007365465164185
281,-0.009662379510700703,0,0.5659424066543579,inf,0.14848645,0.38337612,1.0040505,0.0,0.0,1.0,0.41114702820777893,1.351407,-0.8804435,0.9986141,0.8,0.0,1.0,1.0388611555099487,-0.7222114,1.4030868,1.0011868,4.898587e-17,0.8,1.0,0.9409061670303345,-0.7616531,-0.099036105,0.9973385,-0.8,9.797174e-17,1.0,0.10623425990343094,-0.33155093,-0.8257297,0.9967956,-1.4695762e-16,-0.8,1.0,0.33256322145462036
282,-0.009727252647280693,0,0.5704478621482849,inf,0.1496737,0.38665122,1.0040525,0.0,0.0,1.0,0.4146296977996826,1.3544117,-0.88828427,0.9986197,0.8,0.0,1.0,1.0471022129058838,-0.72773933,1.4083339,1.0011868,4.898587e-17,0.8,1.0,0.9485125541687012,-0.7619865,-0.09991477,0.99733835,-0.8,9.797174e-17,1.0,0.10693489760160446,-0.33401552,-0.82624173,0.9967964,-1.4695762e-16,-0.8,1.0,0.3350600600242615
283,-0.00979194138199091,0,0.5749700665473938,inf,0.15086445,0.38994068,1.0040548,0.0,0.0,1.0,0.4181270897388458,1.3574103,-0.89615774,0.9986251,0.8,0.0,1.0,1.0553704500198364,-0.7332841,1.4136035,1.0011867,4.898587e-17,0.8,1.0,0.9561465978622437,-0.7623252,-0.10079829,0.99733853,-0.8,9.797174e-17,1.0,0.10764184594154358,-0.3364867,-0.8267577,0.99679726,-1.4695762e-16,-0.8,1.0,0.3375641107559204
284,-0.009857832454144955,0,0.5795086622238159,inf,0.1520587,0.3932444,1.0040567,0.0,0.0,1.0,0.42163899540901184,1.3604027,-0.9040639,0.99863076,0.8,0.0,1.0,1.0636656284332275,-0.7388457,1.4188958,1.0011867,4.898587e-17,0.8,1.0,0.9638082981109619,-0.76266915,-0.10168659,0.99733853,-0.8,9.797174e-17,1.0,0.10835515707731247,-0.3389645,-0.8272777,0.9967981,-1.4695762e-16,-0.8,1.0,0.34007537364959717
285,-0.009923546575009823,0,0.5840638279914856,inf,0.15325643,0.39656237,1.0040584,0.0,0.0,1.0,0.4251655042171478,1.3633888,-0.91200256,0.9986364,0.8,0.0,1.0,1.0719876289367676,-0.74442405,1.4242105,1.0011865,4.898587e-17,0.8,1.0,0.9714974761009216,-0.76301837,-0.10257976,0.99733865,-0.8,9.797174e-17,1.0,0.10907489061355591,-0.34144884,-0.82780176,0.996799,-1.4695762e-16,-0.8,1.0,0.3425937592983246
286,-0.009989549405872822,0,0.5886355638504028,inf,0.15445767,0.3998946,1.0040599,0.0,0.0,1.0,0.4287065863609314,1.3663683,-0.9199738,0.9986421,0.8,0.0,1.0,1.080336332321167,-0.7500192,1.4295479,1.0011865,4.898587e-17,0.8,1.0,0.9792143702507019,-0.7633729,-0.10347773,0.99733865,-0.8,9.797174e-17,1.0,0.1098010390996933,-0.34393975,-0.8283298,0.9968,-1.4695762e-16,-0.8,1.0,0.3451193571090698
287,-0.010055366903543472,0,0.5932236909866333,inf,0.15566242,0.40324116,1.0040618,0.0,0.0,1.0,0.4322623312473297,1.3693415,-0.9279774,0.99864763,0.8,0.0,1.0,1.0887118577957153,-0.7556309,1.4349078,1.0011864,4.898587e-17,0.8,1.0,0.9869586229324341,-0.7637327,-0.10438058,0.9973389,-0.8,9.797174e-17,1.0,0.11053373664617538,-0.34643716,-0.8288619,0.9968009,-1.4695762e-16,-0.8,1.0,0.34765204787254333
288,-0.010122384876012802,0,0.5978283882141113,inf,0.15687068,0.40660194,1.0040634,0.0,0.0,1.0,0.43583258986473083,1.3723079,-0.9360132,0.9986534,0.8,0.0,1.0,1.097113847732544,-0.7612593,1.4402902,1.0011864,4.898587e-17,0.8,1.0,0.9947304725646973,-0.7640977,-0.105288245,0.99733895,-0.8,9.797174e-17,1.0,0.11127296090126038,-0.34894112,-0.829398,0.9968019,-1.4695762e-16,-0.8,1.0,0.3501919209957123
289,-0.010189223103225231,0,0.6024494171142578,inf,0.15808241,0.40997702,1.0040647,0.0,0.0,1.0,0.4394174814224243,1.3752675,-0.9440812,0.99865925,0.8,0.0,1.0,1.1055423021316528,-0.7669042,1.4456952,1.0011861,4.898587e-17,0.8,1.0,1.0025296211242676,-0.764468,-0.106200784,0.99733907,-0.8,9.797174e-17,1.0,0.11201879382133484,-0.35145152,-0.82993805,0.9968029,-1.4695762e-16,-0.8,1.0,0.3527388274669647
290,-0.010256350971758366,0,0.6070868968963623,inf,0.15929767,0.41336632,1.0040659,0.0,0.0,1.0,0.443016916513443,1.3782202,-0.95218134,0.99866503,0.8,0.0,1.0,1.113997220993042,-0.7725656,1.4511226,1.0011861,4.898587e-17,0.8,1.0,1.0103561878204346,-0.7648436,-0.10711816,0.9973391,-0.8,9.797174e-17,1.0,0.11277125030755997,-0.3539684,-0.8304821,0.99680406,-1.4695762e-16,-0.8,1.0,0.3552928566932678
291,-0.010323289781808853,0,0.6117407083511353,inf,0.16051643,0.41676995,1.0040674,0.0,0.0,1.0,0.4466310143470764,1.381166,-0.9603134,0.9986707,0.8,0.0,1.0,1.1224782466888428,-0.7782435,1.4565727,1.001186,4.898587e-17,0.8,1.0,1.0182101726531982,-0.7652244,-0.10804043,0.9973394,-0.8,9.797174e-17,1.0,0.11353041976690292,-0.35649174,-0.8310303,0.9968051,-1.4695762e-16,-0.8,1.0,0.3578539788722992
292,-0.01039142720401287,0,0.6164109706878662,inf,0.1617387,0.4201878,1.0040686,0.0,0.0,1.0,0.45025965571403503,1.3841046,-0.96847725,0.9986766,0.8,0.0,1.0,1.1309854984283447,-0.78393775,1.4620452,1.001186,4.898587e-17,0.8,1.0,1.026091456413269,-0.76561046,-0.108967535,0.99733955,-0.8,9.797174e-17,1.0,0.11429629474878311,-0.35902154,-0.8315824,0.9968062,-1.4695762e-16,-0.8,1.0,0.36042216420173645
293,-0.010459383949637413,0,0.6210975050926208,inf,0.16296445,0.4236199,1.0040696,0.0,0.0,1.0,0.45390284061431885,1.387036,-0.9766729,0.9986825,0.8,0.0,1.0,1.1395187377929688,-0.7896483,1.4675403,1.0011859,4.898587e-17,0.8,1.0,1.0339999198913574,-0.7660018,-0.10989955,0.9973397,-0.8,9.797174e-17,1.0,0.1150689572095871,-0.3615577,-0.8321386,0.9968074,-1.4695762e-16,-0.8,1.0,0.3629973232746124
294,-0.010527626611292362,0,0.6258004903793335,inf,0.16419373,0.42706624,1.0040703,0.0,0.0,1.0,0.45756062865257263,1.38996,-0.98490024,0.99868846,0.8,0.0,1.0,1.1480779647827148,-0.79537517,1.4730579,1.0011859,4.898587e-17,0.8,1.0,1.041935682296753,-0.7663984,-0.11083641,0.9973398,-0.8,9.797174e-17,1.0,0.11584842205047607,-0.36410028,-0.8326987,0.9968086,-1.4695762e-16,-0.8,1.0,0.3655795454978943
295,-0.010595681145787239,0,0.630519688129425,inf,0.16542651,0.4305269,1.0040715,0.0,0.0,1.0,0.4612330496311188,1.3928769,-0.9931591,0.9986942,0.8,0.0,1.0,1.156663179397583,-0.80111825,1.478598,1.0011858,4.898587e-17,0.8,1.0,1.049898624420166,-0.7668002,-0.11177819,0.99734014,-0.8,9.797174e-17,1.0,0.11663474887609482,-0.3666492,-0.8332629,0.9968098,-1.4695762e-16,-0.8,1.0,0.36816877126693726
296,-0.010664931498467922,0,0.6352551579475403,inf,0.1666628,0.43400177,1.0040723,0.0,0.0,1.0,0.4649200141429901,1.395786,-1.0014495,0.9987002,0.8,0.0,1.0,1.1652740240097046,-0.8068775,1.4841607,1.0011858,4.898587e-17,0.8,1.0,1.0578886270523071,-0.76720726,-0.11272484,0.9973403,-0.8,9.797174e-17,1.0,0.11742797493934631,-0.3692045,-0.8338311,0.99681103,-1.4695762e-16,-0.8,1.0,0.37076497077941895
297,-0.010734000243246555,0,0.6400068402290344,inf,0.16790257,0.4374909,1.0040729,0.0,0.0,1.0,0.46862155199050903,1.3986875,-1.0097711,0.9987062,0.8,0.0,1.0,1.1739106178283691,-0.8126528,1.4897457,1.0011857,4.898587e-17,0.8,1.0,1.0659058094024658,-0.7676196,-0.11367641,0.99734056,-0.8,9.797174e-17,1.0,0.11822811514139175,-0.3717661,-0.8344033,0.99681234,-1.4695762e-16,-0.8,1.0,0.37336814403533936
298,-0.010803180746734142,0,0.6447747945785522,inf,0.16914588,0.44099423,1.0040734,0.0,0.0,1.0,0.47233760356903076,1.4015812,-1.018124,0.9987123,0.8,0.0,1.0,1.182572603225708,-0.81844425,1.4953533,1.0011857,4.898587e-17,0.8,1.0,1.0739500522613525,-0.76803714,-0.11463285,0.9973407,-0.8,9.797174e-17,1.0,0.11903523653745651,-0.374334,-0.8349795,0.9968137,-1.4695762e-16,-0.8,1.0,0.3759782612323761
299,-0.010872170329093933,0,0.6495589017868042,inf,0.17039269,0.4445119,1.0040741,0.0,0.0,1.0,0.476068377494812,1.4044671,-1.026508,0.99871814,0.8,0.0,1.0,1.1912600994110107,-0.8242517,1.5009835,1.0011857,4.898587e-17,0.8,1.0,1.0820213556289673,-0.7684599,-0.11559423,0.9973411,-0.8,9.797174e-17,1.0,0.11984937638044357,-0.37690818,-0.83555967,0.996815,-1.4695762e-16,-0.8,1.0,0.3785952925682068
300,-0.01094235572963953,0,0.6543591618537903,inf,0.17164302,0.44804376,1.0040746,0.0,0.0,1.0,0.4798136353492737,1.4073452,-1.034923,0.9987243,0.8,0.0,1.0,1.1999731063842773,-0.8300751,1.506636,1.0011858,4.898587e-17,0.8,1.0,1.090119481086731,-0.76888794,-0.116560504,0.9973414,-0.8,9.797174e-17,1.0,0.12067054212093353,-0.37948862,-0.8361437,0.99681646,-1.4695762e-16,-0.8,1.0,0.3812192678451538
301,-0.01101235393434763,0,0.6591756343841553,inf,0.17289682,0.45158985,1.0040747,0.0,0.0,1.0,0.48357346653938293,1.410215,-1.0433689,0.9987304,0.8,0.0,1.0,1.2087112665176392,-0.8359143,1.5123112,1.0011857,4.898587e-17,0.8,1.0,1.0982446670532227,-0.76932114,-0.11753172,0.9973417,-0.8,9.797174e-17,1.0,0.12149882316589355,-0.38207525,-0.83673155,0.99681795,-1.4695762e-16,-0.8,1.0,0.38385000824928284
302,-0.011082635261118412,0,0.6640081405639648,inf,0.17415416,0.45515016,1.0040746,0.0,0.0,1.0,0.48734787106513977,1.4130766,-1.0518458,0.9987366,0.8,0.0,1.0,1.2174744606018066,-0.8417694,1.5180087,1.0011858,4.898587e-17,0.8,1.0,1.1063966751098633,-0.7697596,-0.11850783,0.997342,-0.8,9.797174e-17,1.0,0.12233418971300125,-0.38466808,-0.83732325,0.99681956,-1.4695762e-16,-0.8,1.0,0.38648760318756104
303,-0.0111527219414711,0,0.6688567996025085,inf,0.17541501,0.45872474,1.004075,0.0,0.0,1.0,0.4911368489265442,1.4159302,-1.0603532,0.99874264,0.8,0.0,1.0,1.2262626886367798,-0.8476403,1.5237288,1.0011859,4.898587e-17,0.8,1.0,1.1145756244659424,-0.7702033,-0.11948891,0.9973425,-0.8,9.797174e-17,1.0,0.12317673116922379,-0.38726702,-0.83791864,0.99682105,-1.4695762e-16,-0.8,1.0,0.38913196325302124
304,-0.01122400350868702,0,0.673721432685852,inf,0.17667937,0.46231353,1.0040749,0.0,0.0,1.0,0.4949404001235962,1.4187753,-1.0688912,0.99874884,0.8,0.0,1.0,1.2350760698318481,-0.8535269,1.5294714,1.0011861,4.898587e-17,0.8,1.0,1.1227813959121704,-0.77065223,-0.12047489,0.99734294,-0.8,9.797174e-17,1.0,0.12402641773223877,-0.38987213,-0.83851767,0.99682266,-1.4695762e-16,-0.8,1.0,0.39178305864334106
305,-0.011295097880065441,0,0.6786021590232849,inf,0.17794722,0.46591657,1.0040747,0.0,0.0,1.0,0.4987585246562958,1.4216119,-1.0774597,0.99875516,0.8,0.0,1.0,1.2439141273498535,-0.8594291,1.5352364,1.0011861,4.898587e-17,0.8,1.0,1.1310138702392578,-0.77110636,-0.12146584,0.9973434,-0.8,9.797174e-17,1.0,0.12488334625959396,-0.39248326,-0.8391203,0.9968244,-1.4695762e-16,-0.8,1.0,0.3944408595561981
306,-0.011366472579538822,0,0.683498740196228,inf,0.1792186,0.4695338,1.0040742,0.0,0.0,1.0,0.5025911927223206,1.4244398,-1.0860586,0.9987614,0.8,0.0,1.0,1.252776861190796,-0.865347,1.5410237,1.0011863,4.898587e-17,0.8,1.0,1.1392730474472046,-0.7715657,-0.122461714,0.99734384,-0.8,9.797174e-17,1.0,0.12574751675128937,-0.3951005,-0.8397265,0.9968262,-1.4695762e-16,-0.8,1.0,0.3971053957939148
307,-0.011437653563916683,0,0.6884114146232605,inf,0.18049349,0.4731653,1.0040742,0.0,0.0,1.0,0.5064384341239929,1.4272592,-1.0946878,0.99876755,0.8,0.0,1.0,1.2616643905639648,-0.8712805,1.5468338,1.0011865,4.898587e-17,0.8,1.0,1.1475590467453003,-0.77203023,-0.123462565,0.99734455,-0.8,9.797174e-17,1.0,0.12661898136138916,-0.39772373,-0.8403362,0.99682784,-1.4695762e-16,-0.8,1.0,0.39977648854255676
308,-0.011510017327964306,0,0.693340003490448,inf,0.18177189,0.476811,1.0040737,0.0,0.0,1.0,0.5103002786636353,1.4300698,-1.1033472,0.9987739,0.8,0.0,1.0,1.2705764770507812,-0.87722945,1.5526661,1.0011867,4.898587e-17,0.8,1.0,1.1558715105056763,-0.7725,-0.12446836,0.9973451,-0.8,9.797174e-17,1.0,0.12749773263931274,-0.40035295,-0.8409493,0.9968296,-1.4695762e-16,-0.8,1.0,0.4024542272090912
309,-0.011582366190850735,0,0.6982845067977905,inf,0.18305379,0.48047093,1.004073,0.0,0.0,1.0,0.514176607131958,1.4328715,-1.1120365,0.99878025,0.8,0.0,1.0,1.2795127630233765,-0.8831938,1.5585209,1.0011868,4.898587e-17,0.8,1.0,1.1642106771469116,-0.7729749,-0.12547913,0.99734575,-0.8,9.797174e-17,1.0,0.1283838450908661,-0.4029881,-0.8415658,0.99683154,-1.4695762e-16,-0.8,1.0,0.40513846278190613
310,-0.011654967442154884,0,0.7032448053359985,inf,0.18433921,0.48414502,1.004072,0.0,0.0,1.0,0.518067479133606,1.435664,-1.1207558,0.9987866,0.8,0.0,1.0,1.28847336769104,-0.8891736,1.564398,1.0011871,4.898587e-17,0.8,1.0,1.1725764274597168,-0.7734551,-0.12649484,0.9973462,-0.8,9.797174e-17,1.0,0.129277303814888,-0.40562922,-0.84218556,0.9968336,-1.4695762e-16,-0.8,1.0,0.40782925486564636
311,-0.011727358214557171,0,0.7082209587097168,inf,0.18562815,0.48783338,1.0040712,0.0,0.0,1.0,0.5219729542732239,1.4384476,-1.1295052,0.99879295,0.8,0.0,1.0,1.297458529472351,-0.8951687,1.5702977,1.0011873,4.898587e-17,0.8,1.0,1.1809686422348022,-0.77394044,-0.12751557,0.997347,-0.8,9.797174e-17,1.0,0.13017818331718445,-0.4082762,-0.8428086,0.99683553,-1.4695762e-16,-0.8,1.0,0.4105265438556671
312,-0.011800915002822876,0,0.7132128477096558,inf,0.18692061,0.49153593,1.0040703,0.0,0.0,1.0,0.5258930325508118,1.4412217,-1.1382842,0.9987994,0.8,0.0,1.0,1.3064676523208618,-0.90117913,1.5762198,1.0011876,4.898587e-17,0.8,1.0,1.1893874406814575,-0.774431,-0.12854123,0.9973478,-0.8,9.797174e-17,1.0,0.13108645379543304,-0.41092905,-0.8434349,0.99683756,-1.4695762e-16,-0.8,1.0,0.413230299949646
313,-0.011874256655573845,0,0.7182207107543945,inf,0.18821655,0.49525267,1.0040691,0.0,0.0,1.0,0.5298275947570801,1.4439863,-1.147093,0.9988058,0.8,0.0,1.0,1.3155007362365723,-0.90720475,1.5821643,1.0011877,4.898587e-17,0.8,1.0,1.1978325843811035,-0.7749267,-0.12957191,0.9973484,-0.8,9.797174e-17,1.0,0.13200220465660095,-0.41358772,-0.84406424,0.9968397,-1.4695762e-16,-0.8,1.0,0.41594040393829346
314,-0.011947855353355408,0,0.723244309425354,inf,0.18951604,0.49898362,1.0040678,0.0,0.0,1.0,0.5337766408920288,1.4467413,-1.1559317,0.9988124,0.8,0.0,1.0,1.3245580196380615,-0.91324556,1.5881313,1.0011882,4.898587e-17,0.8,1.0,1.2063041925430298,-0.77542764,-0.13060756,0.997349,-0.8,9.797174e-17,1.0,0.13292540609836578,-0.4162522,-0.8446967,0.99684197,-1.4695762e-16,-0.8,1.0,0.41865697503089905
315,-0.012021241709589958,0,0.7282835245132446,inf,0.19081903,0.5027288,1.0040668,0.0,0.0,1.0,0.5377403497695923,1.4494866,-1.1648,0.99881876,0.8,0.0,1.0,1.333639144897461,-0.91930145,1.5941206,1.0011885,4.898587e-17,0.8,1.0,1.2148021459579468,-0.77593374,-0.13164823,0.9973499,-0.8,9.797174e-17,1.0,0.1338561326265335,-0.41892242,-0.8453322,0.99684405,-1.4695762e-16,-0.8,1.0,0.42137983441352844
316,-0.012095794081687927,0,0.733338475227356,inf,0.19212554,0.5064882,1.0040656,0.0,0.0,1.0,0.541718602180481,1.452222,-1.173698,0.99882525,0.8,0.0,1.0,1.3427441120147705,-0.9253725,1.6001323,1.0011889,4.898587e-17,0.8,1.0,1.223326325416565,-0.77644503,-0.13269387,0.99735075,-0.8,9.797174e-17,1.0,0.13479435443878174,-0.4215984,-0.8459707,0.9968463,-1.4695762e-16,-0.8,1.0,0.42410901188850403
317,-0.012170125730335712,0,0.7384091019630432,inf,0.19343556,0.5102618,1.0040642,0.0,0.0,1.0,0.5457113981246948,1.4549472,-1.1826253,0.99883175,0.8,0.0,1.0,1.3518726825714111,-0.9314584,1.6061665,1.0011892,4.898587e-17,0.8,1.0,1.2318768501281738,-0.7769615,-0.13374455,0.9973516,-0.8,9.797174e-17,1.0,0.13574016094207764,-0.42428005,-0.8466121,0.9968487,-1.4695762e-16,-0.8,1.0,0.42684444785118103
318,-0.012244711630046368,0,0.7434954047203064,inf,0.1947491,0.51404953,1.0040624,0.0,0.0,1.0,0.5497186779975891,1.4576622,-1.1915822,0.99883837,0.8,0.0,1.0,1.3610249757766724,-0.93755937,1.6122229,1.0011897,4.898587e-17,0.8,1.0,1.2404536008834839,-0.77748317,-0.13480021,0.99735224,-0.8,9.797174e-17,1.0,0.13669350743293762,-0.42696738,-0.8472563,0.9968512,-1.4695762e-16,-0.8,1.0,0.42958611249923706
319,-0.01231954712420702,0,0.7485973238945007,inf,0.19606616,0.51785153,1.0040613,0.0,0.0,1.0,0.5537405610084534,1.460367,-1.2005686,0.9988448,0.8,0.0,1.0,1.3702009916305542,-0.9436752,1.6183019,1.0011902,4.898587e-17,0.8,1.0,1.2490565776824951,-0.77801,-0.13586092,0.99735326,-0.8,9.797174e-17,1.0,0.13765446841716766,-0.42966035,-0.8479033,0.99685353,-1.4695762e-16,-0.8,1.0,0.43233391642570496
320,-0.012395085766911507,0,0.7537147998809814,inf,0.19738674,0.5216677,1.0040599,0.0,0.0,1.0,0.5577770471572876,1.4630612,-1.2095841,0.9988513,0.8,0.0,1.0,1.379400372505188,-0.9498059,1.6244031,1.0011908,4.898587e-17,0.8,1.0,1.257685661315918,-0.778542,-0.13692662,0.99735415,-0.8,9.797174e-17,1.0,0.13862302899360657,-0.43235895,-0.84855324,0.99685603,-1.4695762e-16,-0.8,1.0,0.43508800864219666
321,-0.012471135705709457,0,0.7588478326797485,inf,0.19871083,0.5254981,1.0040581,0.0,0.0,1.0,0.5618280172348022,1.4657447,-1.2186289,0.99885786,0.8,0.0,1.0,1.3886229991912842,-0.95595133,1.6305268,1.0011913,4.898587e-17,0.8,1.0,1.2663408517837524,-0.77907914,-0.13799737,0.99735504,-0.8,9.797174e-17,1.0,0.1395992636680603,-0.43506315,-0.84920603,0.99685866,-1.4695762e-16,-0.8,1.0,0.43784818053245544
322,-0.012546982616186142,0,0.7639964818954468,inf,0.20003842,0.5293428,1.0040562,0.0,0.0,1.0,0.5658935904502869,1.4684174,-1.2277031,0.9988645,0.8,0.0,1.0,1.3978691101074219,-0.96211153,1.6366727,1.0011919,4.898587e-17,0.8,1.0,1.275022029876709,-0.7796214,-0.13907312,0.9973558,-0.8,9.797174e-17,1.0,0.1405831128358841,-0.43777296,-0.8498616,0.9968614,-1.4695762e-16,-0.8,1.0,0.4406145513057709
323,-0.012622618116438389,0,0.7691606879234314,inf,0.2013695,0.5332018,1.0040548,0.0,0.0,1.0,0.5699739456176758,1.4710793,-1.2368063,0.99887097,0.8,0.0,1.0,1.407138466835022,-0.9682864,1.6428411,1.0011925,4.898587e-17,0.8,1.0,1.2837294340133667,-0.7801689,-0.14015394,0.9973569,-0.8,9.797174e-17,1.0,0.1415746659040451,-0.4404883,-0.85052013,0.99686396,-1.4695762e-16,-0.8,1.0,0.44338706135749817
324,-0.012699414975941181,0,0.7743403315544128,inf,0.20270409,0.5370752,1.0040531,0.0,0.0,1.0,0.5740689635276794,1.4737301,-1.2459384,0.9988775,0.8,0.0,1.0,1.4164307117462158,-0.9744759,1.6490319,1.0011932,4.898587e-17,0.8,1.0,1.292462706565857,-0.7807215,-0.14123979,0.9973579,-0.8,9.797174e-17,1.0,0.14257392287254333,-0.44320923,-0.85118157,0.99686664,-1.4695762e-16,-0.8,1.0,0.44616565108299255
325,-0.012776268646121025,0,0.7795355916023254,inf,0.20404215,0.54096293,1.0040511,0.0,0.0,1.0,0.5781785845756531,1.4763695,-1.2550995,0.9988841,0.8,0.0,1.0,1.4257460832595825,-0.9806799,1.6552448,1.0011938,4.898587e-17,0.8,1.0,1.3012218475341797,-0.78127927,-0.1423307,0.99735886,-0.8,9.797174e-17,1.0,0.14358088374137878,-0.44593573,-0.85184604,0.9968695,-1.4695762e-16,-0.8,1.0,0.4489504396915436
326,-0.012852797284722328,0,0.7847462296485901,inf,0.20538372,0.544865,1.004049,0.0,0.0,1.0,0.582302987575531,1.4789976,-1.2642897,0.99889064,0.8,0.0,1.0,1.4350844621658325,-0.9868985,1.6614802,1.0011946,4.898587e-17,0.8,1.0,1.310006856918335,-0.7818422,-0.14342664,0.99735963,-0.8,9.797174e-17,1.0,0.14459557831287384,-0.44866773,-0.85251343,0.99687237,-1.4695762e-16,-0.8,1.0,0.4517412483692169
327,-0.012929658405482769,0,0.7899723649024963,inf,0.20672877,0.5487816,1.0040473,0.0,0.0,1.0,0.5864421725273132,1.4816142,-1.2735087,0.9988972,0.8,0.0,1.0,1.4444457292556763,-0.9931315,1.667738,1.0011955,4.898587e-17,0.8,1.0,1.3188179731369019,-0.7824102,-0.14452766,0.99736077,-0.8,9.797174e-17,1.0,0.1456180363893509,-0.45140526,-0.8531838,0.99687517,-1.4695762e-16,-0.8,1.0,0.4545381963253021
328,-0.013007218018174171,0,0.7952139377593994,inf,0.20807733,0.5527125,1.0040454,0.0,0.0,1.0,0.5905960202217102,1.4842192,-1.2827563,0.9989037,0.8,0.0,1.0,1.4538297653198242,-0.9993789,1.674018,1.0011964,4.898587e-17,0.8,1.0,1.3276547193527222,-0.7829834,-0.14563373,0.9973618,-0.8,9.797174e-17,1.0,0.14664824306964874,-0.45414826,-0.85385716,0.996878,-1.4695762e-16,-0.8,1.0,0.45734119415283203
329,-0.013085021637380123,0,0.8004710078239441,inf,0.20942932,0.5566578,1.0040431,0.0,0.0,1.0,0.5947645902633667,1.4868124,-1.2920327,0.99891025,0.8,0.0,1.0,1.4632364511489868,-1.0056406,1.6803204,1.0011972,4.898587e-17,0.8,1.0,1.336517333984375,-0.78356177,-0.14674489,0.9973628,-0.8,9.797174e-17,1.0,0.14768627285957336,-0.45689675,-0.85453343,0.99688107,-1.4695762e-16,-0.8,1.0,0.46015027165412903
330,-0.013162615709006786,0,0.805743396282196,inf,0.21078484,0.56061757,1.0040407,0.0,0.0,1.0,0.5989479422569275,1.4893935,-1.3013378,0.99891686,0.8,0.0,1.0,1.4726659059524536,-1.0119168,1.686645,1.0011982,4.898587e-17,0.8,1.0,1.3454055786132812,-0.78414524,-0.14786111,0.9973636,-0.8,9.797174e-17,1.0,0.14873208105564117,-0.45965067,-0.8552126,0.99688417,-1.4695762e-16,-0.8,1.0,0.46296530961990356
331,-0.013240463100373745,0,0.8110310435295105,inf,0.21214381,0.56459177,1.0040387,0.0,0.0,1.0,0.6031460165977478,1.4919627,-1.3106713,0.9989234,0.8,0.0,1.0,1.482117772102356,-1.018207,1.692992,1.0011992,4.898587e-17,0.8,1.0,1.3543195724487305,-0.7847339,-0.14898245,0.9973648,-0.8,9.797174e-17,1.0,0.14978574216365814,-0.46241,-0.85589474,0.99688715,-1.4695762e-16,-0.8,1.0,0.465786337852478
332,-0.013319008983671665,0,0.8163341283798218,inf,0.21350628,0.56858045,1.0040367,0.0,0.0,1.0,0.607358992099762,1.4945196,-1.3200333,0.9989299,0.8,0.0,1.0,1.4915919303894043,-1.0245115,1.6993612,1.0012003,4.898587e-17,0.8,1.0,1.363259196281433,-0.7853277,-0.15010884,0.9973659,-0.8,9.797174e-17,1.0,0.15084721148014069,-0.46517473,-0.8565797,0.9968902,-1.4695762e-16,-0.8,1.0,0.4686133563518524
333,-0.013399510644376278,0,0.8216524124145508,inf,0.21487221,0.5725835,1.004034,0.0,0.0,1.0,0.6115866303443909,1.497064,-1.3294237,0.9989365,0.8,0.0,1.0,1.5010885000228882,-1.03083,1.7057526,1.0012012,4.898587e-17,0.8,1.0,1.3722243309020996,-0.78592664,-0.15124038,0.99736696,-0.8,9.797174e-17,1.0,0.15191657841205597,-0.4679448,-0.85726756,0.9968934,-1.4695762e-16,-0.8,1.0,0.4714462459087372
334,-0.01348605751991272,0,0.8269861340522766,inf,0.21624163,0.576601,1.0040314,0.0,0.0,1.0,0.6158290505409241,1.499596,-1.3388424,0.99894303,0.8,0.0,1.0,1.510607361793518,-1.0371627,1.7121664,1.0012023,4.898587e-17,0.8,1.0,1.381215214729309,-0.78653073,-0.152377,0.9973678,-0.8,9.797174e-17,1.0,0.15299378335475922,-0.47072026,-0.8579582,0.99689674,-1.4695762e-16,-0.8,1.0,0.4742850959300995
335,-0.013578471727669239,0,0.8323351144790649,inf,0.21761452,0.5806331,1.0040293,0.0,0.0,1.0,0.6200863718986511,1.5021154,-1.3482894,0.9989496,0.8,0.0,1.0,1.520148515701294,-1.0435092,1.7186025,1.0012035,4.898587e-17,0.8,1.0,1.3902314901351929,-0.78714,-0.15351877,0.99736905,-0.8,9.797174e-17,1.0,0.1540789157152176,-0.473501,-0.85865164,0.99689984,-1.4695762e-16,-0.8,1.0,0.4771297574043274
336,-0.013671623542904854,0,0.8376991152763367,inf,0.21899088,0.58467966,1.0040269,0.0,0.0,1.0,0.6243584752082825,1.504622,-1.3577645,0.998956,0.8,0.0,1.0,1.5297117233276367,-1.0498699,1.7250608,1.0012047,4.898587e-17,0.8,1.0,1.3992732763290405,-0.7877544,-0.15466565,0.9973701,-0.8,9.797174e-17,1.0,0.1551719456911087,-0.47628704,-0.85934794,0.9969031,-1.4695762e-16,-0.8,1.0,0.47998031973838806
337,-0.013765095733106136,0,0.8430784344673157,inf,0.22037068,0.58874065,1.0040241,0.0,0.0,1.0,0.6286453604698181,1.5071156,-1.3672676,0.9989626,0.8,0.0,1.0,1.5392967462539673,-1.0562444,1.7315413,1.0012058,4.898587e-17,0.8,1.0,1.4083404541015625,-0.788374,-0.15581767,0.99737126,-0.8,9.797174e-17,1.0,0.15627290308475494,-0.47907835,-0.860047,0.9969065,-1.4695762e-16,-0.8,1.0,0.48283669352531433
338,-0.013858403079211712,0,0.8484729528427124,inf,0.22175398,0.5928162,1.0040213,0.0,0.0,1.0,0.6329470872879028,1.5095961,-1.3767989,0.9989691,0.8,0.0,1.0,1.5489037036895752,-1.0626328,1.7380441,1.0012071,4.898587e-17,0.8,1.0,1.4174331426620483,-0.7889988,-0.15697482,0.99737215,-0.8,9.797174e-17,1.0,0.1573817878961563,-0.4818749,-0.86074877,0.99691,-1.4695762e-16,-0.8,1.0,0.4856988787651062
339,-0.01395200565457344,0,0.8538826107978821,inf,0.22314073,0.59690624,1.0040189,0.0,0.0,1.0,0.6372637152671814,1.5120635,-1.3863579,0.9989756,0.8,0.0,1.0,1.558532476425171,-1.0690348,1.7445692,1.0012084,4.898587e-17,0.8,1.0,1.4265509843826294,-0.78962874,-0.15813717,0.9973734,-0.8,9.797174e-17,1.0,0.15849867463111877,-0.4846767,-0.8614533,0.9969133,-1.4695762e-16,-0.8,1.0,0.4885667860507965
340,-0.014046348631381989,0,0.8593072891235352,inf,0.22453097,0.60101086,1.0040164,0.0,0.0,1.0,0.6415951251983643,1.5145175,-1.3959448,0.99898195,0.8,0.0,1.0,1.5681830644607544,-1.0754508,1.7511164,1.0012097,4.898587e-17,0.8,1.0,1.4356943368911743,-0.7902639,-0.15930466,0.9973745,-0.8,9.797174e-17,1.0,0.15962350368499756,-0.48748365,-0.8621605,0.99691665,-1.4695762e-16,-0.8,1.0,0.49144047498703003
341,-0.014140978455543518,0,0.864747166633606,inf,0.22592463,0.60512996,1.0040133,0.0,0.0,1.0,0.6459413766860962,1.5169581,-1.4055595,0.99898845,0.8,0.0,1.0,1.5778553485870361,-1.0818802,1.7576858,1.0012109,4.898587e-17,0.8,1.0,1.444862723350525,-0.7909042,-0.16047737,0.9973756,-0.8,9.797174e-17,1.0,0.16075636446475983,-0.4902958,-0.8628704,0.9969202,-1.4695762e-16,-0.8,1.0,0.494319885969162
342,-0.014235441572964191,0,0.8702020645141602,inf,0.22732176,0.60926366,1.0040102,0.0,0.0,1.0,0.6503025889396667,1.519385,-1.4152019,0.9989949,0.8,0.0,1.0,1.587549090385437,-1.0883235,1.7642775,1.0012124,4.898587e-17,0.8,1.0,1.4540565013885498,-0.7915498,-0.16165523,0.9973765,-0.8,9.797174e-17,1.0,0.1618971973657608,-0.4931131,-0.86358297,0.99692386,-1.4695762e-16,-0.8,1.0,0.4972049593925476
343,-0.01433020830154419,0,0.8756720423698425,inf,0.22872235,0.6134119,1.0040077,0.0,0.0,1.0,0.6546786427497864,1.5217981,-1.4248719,0.9990013,0.8,0.0,1.0,1.5972644090652466,-1.0947802,1.7708913,1.0012138,4.898587e-17,0.8,1.0,1.46327543258667,-0.7922007,-0.16283835,0.9973778,-0.8,9.797174e-17,1.0,0.16304610669612885,-0.49593553,-0.8642982,0.9969273,-1.4695762e-16,-0.8,1.0,0.5000957250595093
344,-0.014425714500248432,0,0.8811571002006531,inf,0.23012641,0.61757475,1.004005,0.0,0.0,1.0,0.6590696573257446,1.5241975,-1.4345694,0.99900764,0.8,0.0,1.0,1.6070009469985962,-1.1012504,1.7775273,1.0012152,4.898587e-17,0.8,1.0,1.4725193977355957,-0.79285675,-0.16402668,0.99737895,-0.8,9.797174e-17,1.0,0.16420306265354156,-0.49876305,-0.8650161,0.99693084,-1.4695762e-16,-0.8,1.0,0.5029921531677246
345,-0.014521505683660507,0,0.8866570591926575,inf,0.23153389,0.6217521,1.0040016,0.0,0.0,1.0,0.6634753942489624,1.5265827,-1.4442942,0.999014,0.8,0.0,1.0,1.6167588233947754,-1.1077341,1.7841855,1.0012164,4.898587e-17,0.8,1.0,1.4817885160446167,-0.79351807,-0.16522025,0.9973801,-0.8,9.797174e-17,1.0,0.16536809504032135,-0.5015956,-0.8657366,0.99693453,-1.4695762e-16,-0.8,1.0,0.505894124507904
346,-0.014617132022976875,0,0.8921718597412109,inf,0.23294485,0.6259441,1.0039984,0.0,0.0,1.0,0.6678961515426636,1.5289537,-1.4540465,0.9990204,0.8,0.0,1.0,1.6265379190444946,-1.1142312,1.7908659,1.001218,4.898587e-17,0.8,1.0,1.491082787513733,-0.7941847,-0.16641904,0.99738103,-0.8,9.797174e-17,1.0,0.1665412038564682,-0.5044333,-0.86645967,0.9969382,-1.4695762e-16,-0.8,1.0,0.5088016986846924
347,-0.014713057316839695,0,0.8977018594741821,inf,0.23435923,0.6301507,1.0039957,0.0,0.0,1.0,0.6723318099975586,1.5313104,-1.4638261,0.9990267,0.8,0.0,1.0,1.6363381147384644,-1.1207416,1.7975684,1.0012194,4.898587e-17,0.8,1.0,1.5004019737243652,-0.7948566,-0.16762315,0.99738234,-0.8,9.797174e-17,1.0,0.16772247850894928,-0.50727594,-0.8671853,0.99694186,-1.4695762e-16,-0.8,1.0,0.5117148756980896
348,-0.014809721149504185,0,0.9032467007637024,inf,0.23577708,0.6343719,1.0039927,0.0,0.0,1.0,0.6767824292182922,1.5336528,-1.4736327,0.99903303,0.8,0.0,1.0,1.6461594104766846,-1.1272653,1.8042932,1.001221,4.898587e-17,0.8,1.0,1.5097460746765137,-0.7955338,-0.1688325,0.9973835,-0.8,9.797174e-17,1.0,0.16891182959079742,-0.5101236,-0.8679135,0.9969455,-1.4695762e-16,-0.8,1.0,0.5146335363388062
349,-0.014906573109328747,0,0.908806324005127,inf,0.23719834,0.6386076,1.0039892,0.0,0.0,1.0,0.681247889995575,1.5359806,-1.4834664,0.9990393,0.8,0.0,1.0,1.6560014486312866,-1.1338023,1.8110399,1.0012223,4.898587e-17,0.8,1.0,1.5191152095794678,-0.79621625,-0.17004715,0.99738467,-0.8,9.797174e-17,1.0,0.1701093465089798,-0.5129763,-0.86864424,0.9969493,-1.4695762e-16,-0.8,1.0,0.5175577402114868
350,-0.015003255568444729,0,0.9143808484077454,inf,0.23862307,0.6428581,1.0039858,0.0,0.0,1.0,0.6857283711433411,1.5382936,-1.4933273,0.99904555,0.8,0.0,1.0,1.6658645868301392,-1.1403524,1.8178089,1.0012238,4.898587e-17,0.8,1.0,1.5285090208053589,-0.7969041,-0.17126708,0.9973856,-0.8,9.797174e-17,1.0,0.1713150143623352,-0.5158339,-0.86937743,0.99695325,-1.4695762e-16,-0.8,1.0,0.5204874277114868
351,-0.015100241638720036,0,0.9199703335762024,inf,0.24005122,0.64712316,1.0039828,0.0,0.0,1.0,0.690223753452301,1.5405918,-1.503215,0.99905187,0.8,0.0,1.0,1.675748348236084,-1.1469156,1.8246,1.0012254,4.898587e-17,0.8,1.0,1.5379278659820557,-0.7975972,-0.17249237,0.9973869,-0.8,9.797174e-17,1.0,0.17252889275550842,-0.5186964,-0.87011313,0.996957,-1.4695762e-16,-0.8,1.0,0.5234224796295166
352,-0.015197835862636566,0,0.9255743026733398,inf,0.24148282,0.6514029,1.0039797,0.0,0.0,1.0,0.6947340965270996,1.542875,-1.5131295,0.99905807,0.8,0.0,1.0,1.685652732849121,-1.1534916,1.8314131,1.0012269,4.898587e-17,0.8,1.0,1.5473710298538208,-0.7982957,-0.17372295,0.99738806,-0.8,9.797174e-17,1.0,0.17375095188617706,-0.5215639,-0.87085134,0.99696076,-1.4695762e-16,-0.8,1.0,0.5263630151748657
353,-0.015295718796551228,0,0.9311932325363159,inf,0.24291784,0.6556973,1.0039762,0.0,0.0,1.0,0.6992595195770264,1.5451431,-1.5230707,0.99906427,0.8,0.0,1.0,1.695577621459961,-1.1600807,1.8382484,1.0012282,4.898587e-17,0.8,1.0,1.556839108467102,-0.79899955,-0.1749589,0.9973893,-0.8,9.797174e-17,1.0,0.1749812364578247,-0.52443624,-0.871592,0.9969647,-1.4695762e-16,-0.8,1.0,0.5293089747428894
354,-0.015393436886370182,0,0.9368270039558411,inf,0.24435629,0.66000634,1.0039726,0.0,0.0,1.0,0.703799843788147,1.5473958,-1.5330386,0.99907047,0.8,0.0,1.0,1.7055230140686035,-1.1666824,1.8451058,1.0012299,4.898587e-17,0.8,1.0,1.5663317441940308,-0.7997087,-0.17620017,0.99739033,-0.8,9.797174e-17,1.0,0.17621973156929016,-0.5273134,-0.872335,0.9969687,-1.4695762e-16,-0.8,1.0,0.5322602391242981
355,-0.015491444617509842,0,0.9424751996994019,inf,0.24579817,0.6643301,1.0039697,0.0,0.0,1.0,0.7083551287651062,1.5496333,-1.543033,0.99907666,0.8,0.0,1.0,1.7154887914657593,-1.1732968,1.8519852,1.0012314,4.898587e-17,0.8,1.0,1.575848937034607,-0.8004233,-0.17744686,0.9973917,-0.8,9.797174e-17,1.0,0.1774665266275406,-0.5301954,-0.8730805,0.9969725,-1.4695762e-16,-0.8,1.0,0.5352168679237366
356,-0.015590191818773746,0,0.9481381177902222,inf,0.2472435,0.66866857,1.0039665,0.0,0.0,1.0,0.7129254937171936,1.551855,-1.5530536,0.99908286,0.8,0.0,1.0,1.72547447681427,-1.1799239,1.8588867,1.001233,4.898587e-17,0.8,1.0,1.5853904485702515,-0.8011433,-0.17869888,0.9973929,-0.8,9.797174e-17,1.0,0.1787215620279312,-0.53308225,-0.87382835,0.99697644,-1.4695762e-16,-0.8,1.0,0.5381788611412048
357,-0.01568923518061638,0,0.9538156390190125,inf,0.24869221,0.6730216,1.0039626,0.0,0.0,1.0,0.7175107002258301,1.5540609,-1.5631005,0.99908906,0.8,0.0,1.0,1.7354801893234253,-1.1865635,1.8658103,1.0012343,4.898587e-17,0.8,1.0,1.5949562788009644,-0.8018686,-0.17995633,0.997394,-0.8,9.797174e-17,1.0,0.1799848973751068,-0.53597385,-0.8745786,0.9969805,-1.4695762e-16,-0.8,1.0,0.5411460399627686
358,-0.015788113698363304,0,0.9595076441764832,inf,0.25014436,0.6773895,1.003959,0.0,0.0,1.0,0.7221111059188843,1.5562509,-1.5731734,0.99909514,0.8,0.0,1.0,1.745505928993225,-1.1932155,1.8727558,1.001236,4.898587e-17,0.8,1.0,1.6045465469360352,-0.8025994,-0.18121916,0.9973951,-0.8,9.797174e-17,1.0,0.1812565177679062,-0.5388703,-0.87533116,0.99698466,-1.4695762e-16,-0.8,1.0,0.5441185832023621
359,-0.01588728092610836,0,0.9652142524719238,inf,0.25159994,0.68177205,1.0039558,0.0,0.0,1.0,0.7267264723777771,1.5584248,-1.5832723,0.9991013,0.8,0.0,1.0,1.7555512189865112,-1.1998799,1.8797234,1.0012375,4.898587e-17,0.8,1.0,1.6141610145568848,-0.8033356,-0.18248746,0.99739647,-0.8,9.797174e-17,1.0,0.1825365126132965,-0.54177135,-0.87608606,0.99698865,-1.4695762e-16,-0.8,1.0,0.5470962524414062
360,-0.01598718762397766,0,0.9709353446960449,inf,0.25305894,0.6861694,1.0039524,0.0,0.0,1.0,0.7313568592071533,1.5605825,-1.593397,0.9991074,0.8,0.0,1.0,1.7656161785125732,-1.2065564,1.886713,1.0012391,4.898587e-17,0.8,1.0,1.6237995624542236,-0.8040772,-0.18376115,0.99739766,-0.8,9.797174e-17,1.0,0.1838247925043106,-0.5446772,-0.8768432,0.9969927,-1.4695762e-16,-0.8,1.0,0.5500792264938354
361,-0.01608739048242569,0,0.9766707420349121,inf,0.2545213,0.6905813,1.0039485,0.0,0.0,1.0,0.7360022068023682,1.5627238,-1.6035475,0.99911356,0.8,0.0,1.0,1.775700569152832,-1.2132452,1.8937247,1.0012405,4.898587e-17,0.8,1.0,1.6334623098373413,-0.80482423,-0.18504031,0.9973988,-0.8,9.797174e-17,1.0,0.18512146174907684,-0.5475877,-0.87760276,0.99699694,-1.4695762e-16,-0.8,1.0,0.5530673265457153
362,-0.016187429428100586,0,0.9824207425117493,inf,0.2559871,0.6950081,1.0039446,0.0,0.0,1.0,0.740662693977356,1.5648484,-1.6137235,0.9991196,0.8,0.0,1.0,1.7858043909072876,-1.219946,1.9007583,1.001242,4.898587e-17,0.8,1.0,1.6431490182876587,-0.80557674,-0.18632491,0.9973998,-0.8,9.797174e-17,1.0,0.18642647564411163,-0.5505029,-0.8783645,0.99700123,-1.4695762e-16,-0.8,1.0,0.5560606718063354
363,-0.016287755221128464,0,0.9881848096847534,inf,0.25745633,0.69944966,1.0039413,0.0,0.0,1.0,0.7453382611274719,1.5669564,-1.6239251,0.99912566,0.8,0.0,1.0,1.7959274053573608,-1.2266588,1.9078138,1.0012436,4.898587e-17,0.8,1.0,1.6528595685958862,-0.80633473,-0.187615,0.9974012,-0.8,9.797174e-17,1.0,0.18773990869522095,-0.55342275,-0.8791285,0.9970054,-1.4695762e-16,-0.8,1.0,0.5590590834617615
364,-0.016388820484280586,0,0.9939634203910828,inf,0.25892895,0.70390594,1.0039377,0.0,0.0,1.0,0.7500288486480713,1.5690475,-1.6341518,0.9991317,0.8,0.0,1.0,1.8060694932937622,-1.2333834,1.9148914,1.0012451,4.898587e-17,0.8,1.0,1.662593960762024,-0.8070982,-0.18891057,0.99740237,-0.8,9.797174e-17,1.0,0.1890617311000824,-0.5563472,-0.87989473,0.9970096,-1.4695762e-16,-0.8,1.0,0.5620625615119934
365,-0.016490180045366287,0,0.9997560381889343,inf,0.26040494,0.70837694,1.0039337,0.0,0.0,1.0,0.754734456539154,1.5711216,-1.6444038,0.9991377,0.8,0.0,1.0,1.8162305355072021,-1.2401199,1.9219909,1.0012466,4.898587e-17,0.8,1.0,1.6723524332046509,-0.8078671,-0.19021167,0.9974035,-0.8,9.797174e-17,1.0,0.19039200246334076,-0.5592762,-0.8806632,0.997014,-1.4695762e-16,-0.8,1.0,0.5650711059570312
366,-0.016591373831033707,0,1.0055630207061768,inf,0.26188436,0.7128628,1.0039296,0.0,0.0,1.0,0.7594552040100098,1.5731784,-1.6546808,0.99914366,0.8,0.0,1.0,1.826410174369812,-1.2468681,1.9291123,1.0012481,4.898587e-17,0.8,1.0,1.6821343898773193,-0.8086415,-0.19151825,0.99740446,-0.8,9.797174e-17,1.0,0.19173067808151245,-0.56220984,-0.88143384,0.99701846,-1.4695762e-16,-0.8,1.0,0.568084716796875
367,-0.016692856326699257,0,1.01138436794281,inf,0.26336718,0.7173635,1.003926,0.0,0.0,1.0,0.7641911506652832,1.575218,-1.6649829,0.9991497,0.8,0.0,1.0,1.8366087675094604,-1.2536279,1.9362557,1.0012497,4.898587e-17,0.8,1.0,1.691940188407898,-0.8094215,-0.1928304,0.9974058,-0.8,9.797174e-17,1.0,0.19307784736156464,-0.565148,-0.8822067,0.9970228,-1.4695762e-16,-0.8,1.0,0.5711033940315247
368,-0.016795074567198753,0,1.0172195434570312,inf,0.2648534,0.72187895,1.0039223,0.0,0.0,1.0,0.76894211769104,1.57724,-1.6753097,0.9991557,0.8,0.0,1.0,1.8468257188796997,-1.2603992,1.943421,1.0012511,4.898587e-17,0.8,1.0,1.701769471168518,-0.8102069,-0.19414805,0.99740696,-0.8,9.797174e-17,1.0,0.19443345069885254,-0.5680907,-0.8829816,0.9970272,-1.4695762e-16,-0.8,1.0,0.5741270184516907
369,-0.016897374764084816,0,1.023068904876709,inf,0.26634297,0.72640914,1.0039182,0.0,0.0,1.0,0.7737080454826355,1.5792444,-1.6856611,0.99916166,0.8,0.0,1.0,1.8570610284805298,-1.267182,1.9506081,1.0012525,4.898587e-17,0.8,1.0,1.7116222381591797,-0.81099784,-0.19547129,0.99740803,-0.8,9.797174e-17,1.0,0.19579757750034332,-0.5710379,-0.88375866,0.99703175,-1.4695762e-16,-0.8,1.0,0.577155590057373
370,-0.016999628394842148,0,1.0289324522018433,inf,0.26783586,0.7309542,1.003914,0.0,0.0,1.0,0.7784891724586487,1.581231,-1.696037,0.9991675,0.8,0.0,1.0,1.8673146963119507,-1.2739762,1.9578173,1.0012541,4.898587e-17,0.8,1.0,1.7214988470077515,-0.81179434,-0.19680005,0.997409,-0.8,9.797174e-17,1.0,0.1971701830625534,-0.5739895,-0.8845379,0.9970364,-1.4695762e-16,-0.8,1.0,0.5801891088485718
371,-0.01710178516805172,0,1.0348098278045654,inf,0.26933217,0.7355141,1.0039103,0.0,0.0,1.0,0.7832854390144348,1.5831997,-1.7064375,0.9991735,0.8,0.0,1.0,1.8775866031646729,-1.2807815,1.9650482,1.0012555,4.898587e-17,0.8,1.0,1.731398344039917,-0.81259644,-0.19813435,0.99741024,-0.8,9.797174e-17,1.0,0.1985512375831604,-0.57694566,-0.8853192,0.997041,-1.4695762e-16,-0.8,1.0,0.5832276344299316
372,-0.017204681411385536,0,1.040701150894165,inf,0.2708318,0.7400888,1.0039064,0.0,0.0,1.0,0.7880968451499939,1.5851504,-1.7168621,0.9991794,0.8,0.0,1.0,1.8878763914108276,-1.2875981,1.972301,1.001257,4.898587e-17,0.8,1.0,1.7413214445114136,-0.8134042,-0.19947404,0.9974113,-0.8,9.797174e-17,1.0,0.19994065165519714,-0.57990617,-0.8861025,0.9970456,-1.4695762e-16,-0.8,1.0,0.5862708687782288
373,-0.017308326438069344,0,1.046606421470642,inf,0.2723348,0.7446784,1.003902,0.0,0.0,1.0,0.7929232716560364,1.5870827,-1.7273108,0.9991853,0.8,0.0,1.0,1.8981839418411255,-1.2944257,1.9795756,1.0012583,4.898587e-17,0.8,1.0,1.751267671585083,-0.8142175,-0.200819,0.99741226,-0.8,9.797174e-17,1.0,0.2013382911682129,-0.5828711,-0.8868879,0.9970504,-1.4695762e-16,-0.8,1.0,0.5893189907073975
374,-0.01741136610507965,0,1.052525520324707,inf,0.27384117,0.7492828,1.0038977,0.0,0.0,1.0,0.7977649569511414,1.5889966,-1.7377836,0.9991911,0.8,0.0,1.0,1.908509373664856,-1.3012644,1.9868722,1.0012597,4.898587e-17,0.8,1.0,1.7612371444702148,-0.8150364,-0.20216931,0.9974132,-0.8,9.797174e-17,1.0,0.20274421572685242,-0.5858404,-0.88767534,0.99705523,-1.4695762e-16,-0.8,1.0,0.5923720002174377
375,-0.017514681443572044,0,1.0584584474563599,inf,0.2753508,0.7539021,1.0038937,0.0,0.0,1.0,0.8026216626167297,1.5908921,-1.7482803,0.999197,0.8,0.0,1.0,1.91885244846344,-1.3081139,1.9941905,1.0012611,4.898587e-17,0.8,1.0,1.7712297439575195,-0.81586087,-0.20352493,0.9974144,-0.8,9.797174e-17,1.0,0.20415839552879333,-0.5888141,-0.88846475,0.99706,-1.4695762e-16,-0.8,1.0,0.5954297780990601
376,-0.0176188126206398,0,1.064405083656311,inf,0.2768636,0.7585362,1.0038898,0.0,0.0,1.0,0.8074935078620911,1.5927688,-1.7588006,0.9992029,0.8,0.0,1.0,1.929213047027588,-1.3149744,2.0015306,1.0012625,4.898587e-17,0.8,1.0,1.781245470046997,-0.816691,-0.20488575,0.9974155,-0.8,9.797174e-17,1.0,0.2055807262659073,-0.5917921,-0.8892562,0.9970648,-1.4695762e-16,-0.8,1.0,0.598492443561554
377,-0.01772410236299038,0,1.0703651905059814,inf,0.27837968,0.76318514,1.0038851,0.0,0.0,1.0,0.8123803734779358,1.5946268,-1.7693446,0.99920875,0.8,0.0,1.0,1.9395908117294312,-1.3218455,2.0088925,1.0012637,4.898587e-17,0.8,1.0,1.7912840843200684,-0.8175267,-0.20625167,0.9974164,-0.8,9.797174e-17,1.0,0.2070111334323883,-0.59477437,-0.8900496,0.99706984,-1.4695762e-16,-0.8,1.0,0.6015596985816956
378,-0.017828768119215965,0,1.0763390064239502,inf,0.27989897,0.76784897,1.0038806,0.0,0.0,1.0,0.8172824382781982,1.5964656,-1.7799119,0.99921453,0.8,0.0,1.0,1.9499857425689697,-1.3287272,2.0162761,1.0012652,4.898587e-17,0.8,1.0,1.8013454675674438,-0.8183679,-0.2076227,0.9974173,-0.8,9.797174e-17,1.0,0.2084496021270752,-0.597761,-0.89084494,0.99707496,-1.4695762e-16,-0.8,1.0,0.6046317219734192
379,-0.017933707684278488,0,1.0823264122009277,inf,0.2814214,0.77252775,1.0038766,0.0,0.0,1.0,0.8221995830535889,1.5982854,-1.7905027,0.9992204,0.8,0.0,1.0,1.9603979587554932,-1.3356196,2.0236816,1.0012665,4.898587e-17,0.8,1.0,1.8114298582077026,-0.81921476,-0.20899887,0.9974185,-0.8,9.797174e-17,1.0,0.20989616215229034,-0.6007518,-0.8916422,0.99707997,-1.4695762e-16,-0.8,1.0,0.6077084541320801
380,-0.018039340153336525,0,1.0883272886276245,inf,0.28294688,0.7772213,1.0038724,0.0,0.0,1.0,0.8271317481994629,1.600086,-1.8011166,0.99922615,0.8,0.0,1.0,1.9708271026611328,-1.3425224,2.0311089,1.0012679,4.898587e-17,0.8,1.0,1.8215370178222656,-0.8200672,-0.21038005,0.99741954,-0.8,9.797174e-17,1.0,0.2113506942987442,-0.60374695,-0.8924414,0.997085,-1.4695762e-16,-0.8,1.0,0.6107898950576782
381,-0.018145713955163956,0,1.094341516494751,inf,0.28447548,0.78192973,1.0038676,0.0,0.0,1.0,0.8320789337158203,1.6018671,-1.8117535,0.99923193,0.8,0.0,1.0,1.98127281665802,-1.3494356,2.0385578,1.001269,4.898587e-17,0.8,1.0,1.8316669464111328,-0.82092535,-0.21176612,0.99742043,-0.8,9.797174e-17,1.0,0.2128130942583084,-0.6067462,-0.89324254,0.9970902,-1.4695762e-16,-0.8,1.0,0.6138758659362793
382,-0.018251916393637657,0,1.1003692150115967,inf,0.28600717,0.78665304,1.003863,0.0,0.0,1.0,0.8370411992073059,1.6036286,-1.8224133,0.99923766,0.8,0.0,1.0,1.9917353391647339,-1.356359,2.0460286,1.0012704,4.898587e-17,0.8,1.0,1.841819405555725,-0.82178897,-0.21315713,0.9974213,-0.8,9.797174e-17,1.0,0.21428339183330536,-0.60974973,-0.8940455,0.9970956,-1.4695762e-16,-0.8,1.0,0.6169665455818176
383,-0.018357476219534874,0,1.106410264968872,inf,0.28754196,0.7913913,1.0038587,0.0,0.0,1.0,0.8420186638832092,1.6053705,-1.833096,0.99924344,0.8,0.0,1.0,2.0022144317626953,-1.3632927,2.053521,1.0012717,4.898587e-17,0.8,1.0,1.851994514465332,-0.8226582,-0.21455307,0.9974225,-0.8,9.797174e-17,1.0,0.21576157212257385,-0.6127573,-0.89485025,0.99710083,-1.4695762e-16,-0.8,1.0,0.6200616955757141
384,-0.018463769927620888,0,1.112464427947998,inf,0.28907982,0.79614455,1.0038549,0.0,0.0,1.0,0.8470113277435303,1.6070927,-1.8438011,0.99924916,0.8,0.0,1.0,2.0127100944519043,-1.3702365,2.061035,1.0012732,4.898587e-17,0.8,1.0,1.862191915512085,-0.8235331,-0.21595383,0.99742365,-0.8,9.797174e-17,1.0,0.21724756062030792,-0.61576915,-0.8956569,0.99710596,-1.4695762e-16,-0.8,1.0,0.6231614947319031
385,-0.01857016235589981,0,1.1185319423675537,inf,0.29062077,0.8009126,1.0038509,0.0,0.0,1.0,0.8520189523696899,1.608795,-1.8545285,0.99925506,0.8,0.0,1.0,2.023221731185913,-1.3771904,2.0685706,1.0012743,4.898587e-17,0.8,1.0,1.8724119663238525,-0.8244137,-0.21735938,0.997425,-0.8,9.797174e-17,1.0,0.218741312623024,-0.618785,-0.89646536,0.99711114,-1.4695762e-16,-0.8,1.0,0.6262657642364502
386,-0.018677279353141785,0,1.1246123313903809,inf,0.29216474,0.80569565,1.0038469,0.0,0.0,1.0,0.8570417165756226,1.6104773,-1.8652776,0.99926084,0.8,0.0,1.0,2.0337488651275635,-1.3841541,2.076128,1.0012757,4.898587e-17,0.8,1.0,1.8826541900634766,-0.8253001,-0.21876961,0.99742633,-0.8,9.797174e-17,1.0,0.2202427238225937,-0.6218051,-0.8972757,0.99711645,-1.4695762e-16,-0.8,1.0,0.629374623298645
387,-0.01878519542515278,0,1.1307059526443481,inf,0.2937118,0.8104935,1.0038425,0.0,0.0,1.0,0.8620795607566833,1.612139,-1.8760484,0.99926674,0.8,0.0,1.0,2.0442914962768555,-1.3911277,2.083707,1.0012769,4.898587e-17,0.8,1.0,1.8929189443588257,-0.8261924,-0.2201845,0.9974276,-0.8,9.797174e-17,1.0,0.22175182402133942,-0.6248292,-0.89808786,0.9971219,-1.4695762e-16,-0.8,1.0,0.632487952709198
388,-0.018893472850322723,0,1.136812448501587,inf,0.2952619,0.8153063,1.0038373,0.0,0.0,1.0,0.8671324253082275,1.61378,-1.8868406,0.9992724,0.8,0.0,1.0,2.05484938621521,-1.3981111,2.0913079,1.0012779,4.898587e-17,0.8,1.0,1.9032058715820312,-0.82709044,-0.22160396,0.99742854,-0.8,9.797174e-17,1.0,0.22326849400997162,-0.6278573,-0.8989019,0.99712765,-1.4695762e-16,-0.8,1.0,0.6356057524681091
389,-0.019002031534910202,0,1.1429316997528076,inf,0.296815,0.82013404,1.0038323,0.0,0.0,1.0,0.8722004890441895,1.6154001,-1.8976543,0.9992782,0.8,0.0,1.0,2.065422296524048,-1.4051042,2.0989301,1.0012791,4.898587e-17,0.8,1.0,1.9135147333145142,-0.8279945,-0.22302797,0.9974297,-0.8,9.797174e-17,1.0,0.2247927337884903,-0.63088953,-0.89971775,0.9971335,-1.4695762e-16,-0.8,1.0,0.6387280225753784
390,-0.01911020278930664,0,1.1490638256072998,inf,0.29837117,0.8249767,1.0038272,0.0,0.0,1.0,0.8772836327552795,1.616999,-1.9084891,0.9992838,0.8,0.0,1.0,2.076010227203369,-1.4121068,2.106574,1.0012804,4.898587e-17,0.8,1.0,1.923845887184143,-0.82890457,-0.22445641,0.9974307,-0.8,9.797174e-17,1.0,0.22632445394992828,-0.6339258,-0.9005354,0.9971394,-1.4695762e-16,-0.8,1.0,0.6418547034263611
391,-0.019218184053897858,0,1.155208706855774,inf,0.2999303,0.82983434,1.0038226,0.0,0.0,1.0,0.8823819160461426,1.6185769,-1.9193453,0.9992895,0.8,0.0,1.0,2.086613178253174,-1.419119,2.1142395,1.0012816,4.898587e-17,0.8,1.0,1.9341990947723389,-0.8298207,-0.22588928,0.9974321,-0.8,9.797174e-17,1.0,0.2278636246919632,-0.636966,-0.90135497,0.99714524,-1.4695762e-16,-0.8,1.0,0.6449857354164124
392,-0.019326433539390564,0,1.16136634349823,inf,0.3014923,0.834707,1.0038183,0.0,0.0,1.0,0.8874953389167786,1.6201336,-1.930222,0.9992952,0.8,0.0,1.0,2.0972306728363037,-1.4261405,2.1219265,1.001283,4.898587e-17,0.8,1.0,1.9445741176605225,-0.8307429,-0.22732647,0.99743354,-0.8,9.797174e-17,1.0,0.22941018640995026,-0.64001024,-0.9021764,0.99715096,-1.4695762e-16,-0.8,1.0,0.6481212973594666
393,-0.019434945657849312,0,1.1675366163253784,inf,0.30305713,0.83959454,1.003814,0.0,0.0,1.0,0.892623782157898,1.621669,-1.9411196,0.99930096,0.8,0.0,1.0,2.107862710952759,-1.4331715,2.129635,1.0012842,4.898587e-17,0.8,1.0,1.9549710750579834,-0.8316713,-0.22876796,0.99743515,-0.8,9.797174e-17,1.0,0.23096412420272827,-0.6430584,-0.9029996,0.9971566,-1.4695762e-16,-0.8,1.0,0.6512611508369446
394,-0.019544178619980812,0,1.1737192869186401,inf,0.30462468,0.8444971,1.0038097,0.0,0.0,1.0,0.8977672457695007,1.6231828,-1.9520371,0.9993067,0.8,0.0,1.0,2.1185085773468018,-1.4402117,2.1373653,1.0012854,4.898587e-17,0.8,1.0,1.9653898477554321,-0.8326059,-0.23021366,0.9974368,-0.8,9.797174e-17,1.0,0.23252536356449127,-0.6461106,-0.9038246,0.99716246,-1.4695762e-16,-0.8,1.0,0.6544054746627808
395,-0.01965438202023506,0,1.1799143552780151,inf,0.30619487,0.8494144,1.0038048,0.0,0.0,1.0,0.9029255509376526,1.6246747,-1.9629745,0.9993125,0.8,0.0,1.0,2.1291682720184326,-1.4472609,2.145117,1.0012865,4.898587e-17,0.8,1.0,1.975830316543579,-0.8335468,-0.23166351,0.9974383,-0.8,9.797174e-17,1.0,0.23409385979175568,-0.64916664,-0.9046515,0.9971685,-1.4695762e-16,-0.8,1.0,0.657554030418396
396,-0.019765302538871765,0,1.186121940612793,inf,0.3077676,0.8543467,1.0037993,0.0,0.0,1.0,0.9080988764762878,1.6261445,-1.9739319,0.9993181,0.8,0.0,1.0,2.1398415565490723,-1.4543192,2.1528902,1.0012878,4.898587e-17,0.8,1.0,1.9862924814224243,-0.834494,-0.23311752,0.9974397,-0.8,9.797174e-17,1.0,0.23566962778568268,-0.6522266,-0.9054802,0.99717474,-1.4695762e-16,-0.8,1.0,0.6607069373130798
397,-0.019876953214406967,0,1.1923418045043945,inf,0.3093428,0.85929394,1.0037938,0.0,0.0,1.0,0.9132871627807617,1.6275918,-1.9849089,0.9993238,0.8,0.0,1.0,2.1505284309387207,-1.4613867,2.1606848,1.001289,4.898587e-17,0.8,1.0,1.9967764616012573,-0.8354475,-0.23457573,0.9974411,-0.8,9.797174e-17,1.0,0.23725269734859467,-0.6552905,-0.9063108,0.9971811,-1.4695762e-16,-0.8,1.0,0.6638641357421875
398,-0.019987046718597412,0,1.1985738277435303,inf,0.31092054,0.8642564,1.0037884,0.0,0.0,1.0,0.9184906482696533,1.6290168,-1.9959056,0.9993293,0.8,0.0,1.0,2.1612284183502197,-1.468463,2.168501,1.0012906,4.898587e-17,0.8,1.0,2.007281541824341,-0.8364074,-0.23603818,0.99744236,-0.8,9.797174e-17,1.0,0.23884317278862,-0.6583582,-0.9071432,0.99718755,-1.4695762e-16,-0.8,1.0,0.6670255661010742
399,-0.02009740099310875,0,1.2048183679580688,inf,0.31250075,0.8692339,1.0037832,0.0,0.0,1.0,0.9237091541290283,1.630419,-2.0069218,0.99933505,0.8,0.0,1.0,2.1719417572021484,-1.475548,2.1763387,1.0012919,4.898587e-17,0.8,1.0,2.017808675765991,-0.837374,-0.23750481,0.99744415,-0.8,9.797174e-17,1.0,0.24044100940227509,-0.6614298,-0.9079774,0.997194,-1.4695762e-16,-0.8,1.0,0.6701913475990295
400,-0.020208027213811874,0,1.2110750675201416,inf,0.31408334,0.8742265,1.0037786,0.0,0.0,1.0,0.9289427399635315,1.6317987,-2.0179572,0.99934065,0.8,0.0,1.0,2.1826682090759277,-1.4826418,2.1841977,1.0012934,4.898587e-17,0.8,1.0,2.0283570289611816,-0.8383471,-0.23897558,0.9974461,-0.8,9.797174e-17,1.0,0.24204617738723755,-0.66450524,-0.9088134,0.9972003,-1.4695762e-16,-0.8,1.0,0.6733612418174744
401,-0.020319366827607155,0,1.2173439264297485,inf,0.31566826,0.87923425,1.0037737,0.0,0.0,1.0,0.9341914057731628,1.6331558,-2.0290112,0.99934644,0.8,0.0,1.0,2.1934072971343994,-1.4897442,2.192078,1.0012947,4.898587e-17,0.8,1.0,2.038926601409912,-0.83932674,-0.24045056,0.9974484,-0.8,9.797174e-17,1.0,0.24365872144699097,-0.6675844,-0.9096513,0.9972067,-1.4695762e-16,-0.8,1.0,0.676535427570343
402,-0.0204305499792099,0,1.2236248254776,inf,0.31725538,0.884257,1.0037688,0.0,0.0,1.0,0.939454972743988,1.6344899,-2.040084,0.9993521,0.8,0.0,1.0,2.2041587829589844,-1.4968553,2.19998,1.0012962,4.898587e-17,0.8,1.0,2.0495173931121826,-0.8403132,-0.24192978,0.9974507,-0.8,9.797174e-17,1.0,0.2452787607908249,-0.67066747,-0.91049093,0.9972132,-1.4695762e-16,-0.8,1.0,0.6797138452529907
403,-0.020542524755001068,0,1.2299176454544067,inf,0.31884468,0.8892948,1.0037634,0.0,0.0,1.0,0.9447335004806519,1.6358006,-2.0511749,0.9993579,0.8,0.0,1.0,2.2149224281311035,-1.5039747,2.2079034,1.0012975,4.898587e-17,0.8,1.0,2.0601296424865723,-0.8413064,-0.24341317,0.99745286,-0.8,9.797174e-17,1.0,0.24690620601177216,-0.6737542,-0.9113324,0.9972199,-1.4695762e-16,-0.8,1.0,0.6828963160514832
404,-0.02065521664917469,0,1.2362221479415894,inf,0.32043606,0.8943476,1.0037576,0.0,0.0,1.0,0.9500268697738647,1.6370878,-2.0622838,0.9993635,0.8,0.0,1.0,2.2256977558135986,-1.5111026,2.215848,1.001299,4.898587e-17,0.8,1.0,2.070762872695923,-0.8423065,-0.24490067,0.9974547,-0.8,9.797174e-17,1.0,0.24854105710983276,-0.6768446,-0.91217583,0.9972268,-1.4695762e-16,-0.8,1.0,0.6860828995704651
405,-0.0207681804895401,0,1.2425389289855957,inf,0.3220295,0.89941543,1.0037515,0.0,0.0,1.0,0.9553351402282715,1.6383513,-2.073411,0.99936914,0.8,0.0,1.0,2.236485242843628,-1.5182387,2.223814,1.0013008,4.898587e-17,0.8,1.0,2.0814170837402344,-0.8433134,-0.24639238,0.9974569,-0.8,9.797174e-17,1.0,0.2501833736896515,-0.67993855,-0.913021,0.99723387,-1.4695762e-16,-0.8,1.0,0.6892734169960022
406,-0.020880838856101036,0,1.2488672733306885,inf,0.3236249,0.90449834,1.0037454,0.0,0.0,1.0,0.9606582522392273,1.639591,-2.0845559,0.9993747,0.8,0.0,1.0,2.247284412384033,-1.525383,2.2318015,1.0013027,4.898587e-17,0.8,1.0,2.092092514038086,-0.84432733,-0.24788831,0.9974589,-0.8,9.797174e-17,1.0,0.2518332302570343,-0.6830359,-0.9138681,0.99724096,-1.4695762e-16,-0.8,1.0,0.6924677491188049
407,-0.020993303507566452,0,1.2552073001861572,inf,0.3252223,0.9095963,1.0037396,0.0,0.0,1.0,0.9659963846206665,1.6408067,-2.0957186,0.9993804,0.8,0.0,1.0,2.2580950260162354,-1.5325354,2.2398102,1.0013045,4.898587e-17,0.8,1.0,2.1027886867523193,-0.8453484,-0.24938844,0.9974615,-0.8,9.797174e-17,1.0,0.2534906566143036,-0.68613666,-0.9147171,0.99724823,-1.4695762e-16,-0.8,1.0,0.6956659555435181
408,-0.021106017753481865,0,1.261559247970581,inf,0.32682163,0.91470945,1.0037342,0.0,0.0,1.0,0.9713494181632996,1.6419984,-2.106899,0.99938613,0.8,0.0,1.0,2.2689173221588135,-1.5396959,2.2478402,1.0013063,4.898587e-17,0.8,1.0,2.1135058403015137,-0.8463766,-0.2508927,0.9974644,-0.8,9.797174e-17,1.0,0.2551555633544922,-0.68924075,-0.91556793,0.9972554,-1.4695762e-16,-0.8,1.0,0.6988678574562073
409,-0.021219201385974884,0,1.2679225206375122,inf,0.32842278,0.9198376,1.0037286,0.0,0.0,1.0,0.9767172932624817,1.6431661,-2.1180964,0.999392,0.8,0.0,1.0,2.279750347137451,-1.546864,2.2558916,1.0013082,4.898587e-17,0.8,1.0,2.1242434978485107,-0.8474119,-0.25240117,0.9974676,-0.8,9.797174e-17,1.0,0.25682806968688965,-0.69234824,-0.9164207,0.9972626,-1.4695762e-16,-0.8,1.0,0.7020736336708069
410,-0.02133307419717312,0,1.2742974758148193,inf,0.33002573,0.9249808,1.003723,0.0,0.0,1.0,0.9821000099182129,1.6443095,-2.1293106,0.9993978,0.8,0.0,1.0,2.2905943393707275,-1.5540398,2.2639642,1.0013101,4.898587e-17,0.8,1.0,2.1350018978118896,-0.8484545,-0.25391388,0.99747086,-0.8,9.797174e-17,1.0,0.25850820541381836,-0.69545895,-0.9172753,0.99726987,-1.4695762e-16,-0.8,1.0,0.705282986164093
411,-0.021447211503982544,0,1.2806837558746338,inf,0.33163047,0.93013895,1.003717,0.0,0.0,1.0,0.9874973893165588,1.6454283,-2.1405413,0.99940366,0.8,0.0,1.0,2.3014488220214844,-1.5612231,2.2720578,1.0013121,4.898587e-17,0.8,1.0,2.145780563354492,-0.8495044,-0.25543073,0.99747396,-0.8,9.797174e-17,1.0,0.26019594073295593,-0.6985728,-0.9181318,0.9972774,-1.4695762e-16,-0.8,1.0,0.7084959149360657
412,-0.02156158909201622,0,1.287081241607666,inf,0.33323684,0.93531215,1.0037102,0.0,0.0,1.0,0.9929095506668091,1.6465222,-2.1517885,0.9994094,0.8,0.0,1.0,2.3123135566711426,-1.5684137,2.2801728,1.0013143,4.898587e-17,0.8,1.0,2.1565794944763184,-0.85056174,-0.25695175,0.997477,-0.8,9.797174e-17,1.0,0.26189130544662476,-0.7016897,-0.9189903,0.9972851,-1.4695762e-16,-0.8,1.0,0.7117123603820801
413,-0.0216766856610775,0,1.2934900522232056,inf,0.33484492,0.9405004,1.0037034,0.0,0.0,1.0,0.9983364939689636,1.647591,-2.163052,0.9994151,0.8,0.0,1.0,2.323188543319702,-1.5756116,2.288309,1.0013167,4.898587e-17,0.8,1.0,2.1673989295959473,-0.85162646,-0.25847694,0.9974803,-0.8,9.797174e-17,1.0,0.2635943293571472,-0.70480955,-0.9198507,0.9972932,-1.4695762e-16,-0.8,1.0,0.7149321436882019
414,-0.021791571751236916,0,1.2999101877212524,inf,0.3364546,0.9457037,1.0036964,0.0,0.0,1.0,1.003778338432312,1.6486347,-2.174332,0.99942076,0.8,0.0,1.0,2.334073781967163,-1.5828165,2.2964666,1.0013192,4.898587e-17,0.8,1.0,2.1782383918762207,-0.85269874,-0.2600064,0.9974835,-0.8,9.797174e-17,1.0,0.26530513167381287,-0.7079323,-0.92071307,0.99730116,-1.4695762e-16,-0.8,1.0,0.7181553244590759
415,-0.021905789151787758,0,1.3063414096832275,inf,0.33806583,0.950922,1.0036898,0.0,0.0,1.0,1.0092347860336304,1.6496531,-2.1856277,0.9994266,0.8,0.0,1.0,2.3449690341949463,-1.5900284,2.304645,1.0013216,4.898587e-17,0.8,1.0,2.1890978813171387,-0.85377866,-0.26154006,0.9974872,-0.8,9.797174e-17,1.0,0.2670236825942993,-0.7110578,-0.9215774,0.9973093,-1.4695762e-16,-0.8,1.0,0.721381664276123
416,-0.02202022820711136,0,1.3127835988998413,inf,0.33967856,0.9561554,1.0036834,0.0,0.0,1.0,1.014706015586853,1.6506463,-2.1969392,0.99943244,0.8,0.0,1.0,2.3558738231658936,-1.597247,2.3128448,1.001324,4.898587e-17,0.8,1.0,2.199977159500122,-0.8548662,-0.26307783,0.99749124,-0.8,9.797174e-17,1.0,0.2687499523162842,-0.7141859,-0.9224437,0.9973174,-1.4695762e-16,-0.8,1.0,0.7246110439300537
417,-0.022135375067591667,0,1.3192367553710938,inf,0.3412928,0.9614039,1.0036769,0.0,0.0,1.0,1.02019202709198,1.6516142,-2.2082663,0.99943835,0.8,0.0,1.0,2.366788387298584,-1.6044722,2.3210654,1.0013267,4.898587e-17,0.8,1.0,2.210875988006592,-0.8559615,-0.26461983,0.9974954,-0.8,9.797174e-17,1.0,0.2704840302467346,-0.71731657,-0.923312,0.99732554,-1.4695762e-16,-0.8,1.0,0.7278434634208679
418,-0.022251194342970848,0,1.3257007598876953,inf,0.34290838,0.9666674,1.0036703,0.0,0.0,1.0,1.0256927013397217,1.6525564,-2.2196083,0.99944425,0.8,0.0,1.0,2.3777120113372803,-1.6117039,2.3293073,1.0013293,4.898587e-17,0.8,1.0,2.221794843673706,-0.85706455,-0.26616612,0.99749976,-0.8,9.797174e-17,1.0,0.2722260355949402,-0.7204497,-0.92418236,0.99733377,-1.4695762e-16,-0.8,1.0,0.7310787439346313
419,-0.022366808727383614,0,1.3321754932403564,inf,0.34452537,0.9719459,1.0036632,0.0,0.0,1.0,1.0312080383300781,1.6534728,-2.2309651,0.99945015,0.8,0.0,1.0,2.388644218444824,-1.6189418,2.3375702,1.001332,4.898587e-17,0.8,1.0,2.2327330112457275,-0.8581755,-0.26771656,0.997504,-0.8,9.797174e-17,1.0,0.2739758789539337,-0.7235852,-0.9250547,0.9973422,-1.4695762e-16,-0.8,1.0,0.7343169450759888
420,-0.022482654079794884,0,1.3386611938476562,inf,0.34614363,0.9772394,1.0036559,0.0,0.0,1.0,1.0367379188537598,1.6543632,-2.2423368,0.999456,0.8,0.0,1.0,2.399585485458374,-1.626186,2.345854,1.0013349,4.898587e-17,0.8,1.0,2.2436907291412354,-0.8592944,-0.26927117,0.99750835,-0.8,9.797174e-17,1.0,0.2757335603237152,-0.72672296,-0.9259292,0.9973508,-1.4695762e-16,-0.8,1.0,0.7375577688217163
421,-0.022598756477236748,0,1.3451571464538574,inf,0.34776318,0.98254794,1.0036486,0.0,0.0,1.0,1.0422825813293457,1.6552274,-2.2537227,0.9994619,0.8,0.0,1.0,2.4105353355407715,-1.6334363,2.3541589,1.001338,4.898587e-17,0.8,1.0,2.2546675205230713,-0.86042124,-0.27083,0.9975127,-0.8,9.797174e-17,1.0,0.2774991989135742,-0.72986287,-0.9268057,0.9973595,-1.4695762e-16,-0.8,1.0,0.740801215171814
422,-0.022715400904417038,0,1.3516638278961182,inf,0.34938392,0.9878715,1.0036416,0.0,0.0,1.0,1.0478417873382568,1.6560656,-2.265123,0.9994678,0.8,0.0,1.0,2.4214932918548584,-1.6406924,2.362485,1.001341,4.898587e-17,0.8,1.0,2.2656638622283936,-0.8615561,-0.2723931,0.9975174,-0.8,9.797174e-17,1.0,0.27927282452583313,-0.73300487,-0.92768425,0.99736816,-1.4695762e-16,-0.8,1.0,0.744047224521637
423,-0.02283136174082756,0,1.3581808805465698,inf,0.35100585,0.99321014,1.0036343,0.0,0.0,1.0,1.0534157752990723,1.6568776,-2.2765367,0.9994737,0.8,0.0,1.0,2.432459592819214,-1.6479542,2.3708317,1.001344,4.898587e-17,0.8,1.0,2.276679039001465,-0.8626992,-0.27396044,0.99752223,-0.8,9.797174e-17,1.0,0.2810545265674591,-0.73614883,-0.928565,0.9973769,-1.4695762e-16,-0.8,1.0,0.7472957372665405
424,-0.02294844388961792,0,1.3647081851959229,inf,0.35262886,0.9985638,1.0036272,0.0,0.0,1.0,1.0590041875839233,1.6576632,-2.287964,0.9994796,0.8,0.0,1.0,2.4434332847595215,-1.6552217,2.3791993,1.0013471,4.898587e-17,0.8,1.0,2.287713050842285,-0.86385053,-0.27553192,0.99752724,-0.8,9.797174e-17,1.0,0.282844215631485,-0.7392947,-0.92944795,0.9973857,-1.4695762e-16,-0.8,1.0,0.7505466341972351
425,-0.02306577004492283,0,1.3712459802627563,inf,0.35425296,1.0039325,1.0036194,0.0,0.0,1.0,1.0646072626113892,1.658422,-2.2994046,0.99948543,0.8,0.0,1.0,2.4544143676757812,-1.6624947,2.387588,1.0013503,4.898587e-17,0.8,1.0,2.2987663745880127,-0.86500996,-0.27710766,0.99753207,-0.8,9.797174e-17,1.0,0.28464195132255554,-0.7424424,-0.9303331,0.9973946,-1.4695762e-16,-0.8,1.0,0.7537999153137207
426,-0.02318386547267437,0,1.377793788909912,inf,0.35587806,1.0093161,1.0036118,0.0,0.0,1.0,1.0702247619628906,1.659154,-2.3108582,0.9994913,0.8,0.0,1.0,2.4654030799865723,-1.6697729,2.3959975,1.0013536,4.898587e-17,0.8,1.0,2.309838056564331,-0.8661778,-0.27868766,0.997537,-0.8,9.797174e-17,1.0,0.2864478528499603,-0.7455919,-0.9312205,0.9974036,-1.4695762e-16,-0.8,1.0,0.7570553421974182
427,-0.023300811648368835,0,1.3843518495559692,inf,0.35750413,1.0147148,1.0036039,0.0,0.0,1.0,1.0758570432662964,1.6598591,-2.3223245,0.99949706,0.8,0.0,1.0,2.476398468017578,-1.6770563,2.404428,1.001357,4.898587e-17,0.8,1.0,2.3209285736083984,-0.86735404,-0.28027192,0.9975419,-0.8,9.797174e-17,1.0,0.28826195001602173,-0.74874306,-0.9321102,0.99741274,-1.4695762e-16,-0.8,1.0,0.7603130340576172
428,-0.02341843955218792,0,1.3909199237823486,inf,0.35913113,1.0201286,1.0035965,0.0,0.0,1.0,1.0815038681030273,1.6605372,-2.3338034,0.99950296,0.8,0.0,1.0,2.487401008605957,-1.6843448,2.412879,1.0013603,4.898587e-17,0.8,1.0,2.3320372104644775,-0.86853874,-0.28186035,0.9975471,-0.8,9.797174e-17,1.0,0.29008418321609497,-0.7518959,-0.9330021,0.99742174,-1.4695762e-16,-0.8,1.0,0.7635729908943176
429,-0.023536846041679382,0,1.3974977731704712,inf,0.360759,1.0255573,1.003589,0.0,0.0,1.0,1.0871649980545044,1.6611885,-2.3452945,0.9995088,0.8,0.0,1.0,2.4984099864959717,-1.6916381,2.421351,1.0013635,4.898587e-17,0.8,1.0,2.3431646823883057,-0.86973196,-0.28345305,0.99755234,-0.8,9.797174e-17,1.0,0.2919146716594696,-0.7550503,-0.9338964,0.99743074,-1.4695762e-16,-0.8,1.0,0.7668349146842957
430,-0.023655908182263374,0,1.4040858745574951,inf,0.3623877,1.0310011,1.0035813,0.0,0.0,1.0,1.0928407907485962,1.6618125,-2.3567975,0.9995145,0.8,0.0,1.0,2.509425163269043,-1.6989361,2.4298437,1.001367,4.898587e-17,0.8,1.0,2.3543100357055664,-0.8709337,-0.28505006,0.9975574,-0.8,9.797174e-17,1.0,0.2937534749507904,-0.75820625,-0.93479306,0.99743974,-1.4695762e-16,-0.8,1.0,0.7700989842414856
431,-0.023773839697241783,0,1.410683512687683,inf,0.36401725,1.0364598,1.0035734,0.0,0.0,1.0,1.098530888557434,1.6624093,-2.3683124,0.9995203,0.8,0.0,1.0,2.520447015762329,-1.7062387,2.438357,1.0013704,4.898587e-17,0.8,1.0,2.365473985671997,-0.87214416,-0.2866513,0.9975624,-0.8,9.797174e-17,1.0,0.295600563287735,-0.7613637,-0.9356921,0.9974489,-1.4695762e-16,-0.8,1.0,0.7733650803565979
432,-0.02389242686331272,0,1.4172910451889038,inf,0.3656476,1.0419337,1.0035659,0.0,0.0,1.0,1.1042357683181763,1.6629789,-2.3798387,0.9995261,0.8,0.0,1.0,2.5314748287200928,-1.7135458,2.4468913,1.0013738,4.898587e-17,0.8,1.0,2.3766558170318604,-0.8733634,-0.2882568,0.9975678,-0.8,9.797174e-17,1.0,0.2974559962749481,-0.7645226,-0.9365935,0.9974579,-1.4695762e-16,-0.8,1.0,0.7766331434249878
433,-0.024011682718992233,0,1.4239082336425781,inf,0.3672788,1.0474226,1.0035583,0.0,0.0,1.0,1.1099551916122437,1.6635212,-2.391376,0.99953175,0.8,0.0,1.0,2.542508125305176,-1.7208573,2.455446,1.0013771,4.898587e-17,0.8,1.0,2.387855291366577,-0.8745913,-0.28986657,0.99757314,-0.8,9.797174e-17,1.0,0.299319863319397,-0.76768285,-0.9374973,0.9974669,-1.4695762e-16,-0.8,1.0,0.7799031138420105
434,-0.02413160353899002,0,1.4305354356765747,inf,0.3689108,1.0529265,1.0035505,0.0,0.0,1.0,1.1156890392303467,1.6640359,-2.4029245,0.9995374,0.8,0.0,1.0,2.5535473823547363,-1.7281729,2.4640214,1.0013806,4.898587e-17,0.8,1.0,2.3990728855133057,-0.8758281,-0.29148063,0.9975783,-0.8,9.797174e-17,1.0,0.30119216442108154,-0.7708445,-0.93840355,0.9974759,-1.4695762e-16,-0.8,1.0,0.7831750512123108
435,-0.024250632151961327,0,1.4371718168258667,inf,0.37054354,1.0584455,1.0035427,0.0,0.0,1.0,1.1214373111724854,1.6645232,-2.4144835,0.9995431,0.8,0.0,1.0,2.564591884613037,-1.7354925,2.4726176,1.0013841,4.898587e-17,0.8,1.0,2.410308361053467,-0.8770739,-0.29309902,0.99758345,-0.8,9.797174e-17,1.0,0.3030730187892914,-0.77400744,-0.93931234,0.997485,-1.4695762e-16,-0.8,1.0,0.7864488363265991
436,-0.024369852617383003,0,1.4438178539276123,inf,0.37217706,1.0639795,1.0035352,0.0,0.0,1.0,1.1272003650665283,1.664983,-2.426053,0.99954873,0.8,0.0,1.0,2.575641632080078,-1.742816,2.4812343,1.0013875,4.898587e-17,0.8,1.0,2.4215612411499023,-0.8783286,-0.29472163,0.9975888,-0.8,9.797174e-17,1.0,0.3049623370170593,-0.7771716,-0.9402236,0.997494,-1.4695762e-16,-0.8,1.0,0.7897244095802307
437,-0.02449018508195877,0,1.4504735469818115,inf,0.37381133,1.0695286,1.0035276,0.0,0.0,1.0,1.132977843284607,1.6654152,-2.4376328,0.99955434,0.8,0.0,1.0,2.586696147918701,-1.7501433,2.4898715,1.0013908,4.898587e-17,0.8,1.0,2.4328315258026123,-0.87959236,-0.29634857,0.99759424,-0.8,9.797174e-17,1.0,0.3068602383136749,-0.780337,-0.9411373,0.9975028,-1.4695762e-16,-0.8,1.0,0.7930017709732056
438,-0.024610726162791252,0,1.4571385383605957,inf,0.37544635,1.0750927,1.0035198,0.0,0.0,1.0,1.1387697458267212,1.6658196,-2.4492223,0.9995598,0.8,0.0,1.0,2.5977554321289062,-1.7574743,2.4985292,1.0013943,4.898587e-17,0.8,1.0,2.444119453430176,-0.88086516,-0.29797986,0.9975995,-0.8,9.797174e-17,1.0,0.30876678228378296,-0.78350353,-0.9420536,0.99751174,-1.4695762e-16,-0.8,1.0,0.7962808609008789
439,-0.02473057247698307,0,1.4638127088546753,inf,0.37708208,1.0806719,1.003512,0.0,0.0,1.0,1.1445763111114502,1.6661962,-2.4608216,0.99956536,0.8,0.0,1.0,2.6088194847106934,-1.7648088,2.5072076,1.0013976,4.898587e-17,0.8,1.0,2.4554245471954346,-0.88214725,-0.29961544,0.9976047,-0.8,9.797174e-17,1.0,0.3106820285320282,-0.7866711,-0.9429725,0.9975207,-1.4695762e-16,-0.8,1.0,0.7995615601539612
440,-0.024850614368915558,0,1.4704965353012085,inf,0.3787185,1.0862662,1.0035045,0.0,0.0,1.0,1.1503974199295044,1.666545,-2.4724305,0.9995709,0.8,0.0,1.0,2.6198880672454834,-1.7721467,2.5159063,1.001401,4.898587e-17,0.8,1.0,2.4667468070983887,-0.8834386,-0.30125532,0.9976101,-0.8,9.797174e-17,1.0,0.31260594725608826,-0.78983974,-0.94389397,0.9975295,-1.4695762e-16,-0.8,1.0,0.8028439283370972
441,-0.02497175894677639,0,1.477189302444458,inf,0.38035563,1.0918756,1.0034971,0.0,0.0,1.0,1.1562330722808838,1.6668661,-2.4840484,0.9995764,0.8,0.0,1.0,2.630960464477539,-1.7794878,2.5246255,1.0014042,4.898587e-17,0.8,1.0,2.478086471557617,-0.88473916,-0.30289954,0.9976155,-0.8,9.797174e-17,1.0,0.3145385980606079,-0.7930094,-0.9448181,0.9975382,-1.4695762e-16,-0.8,1.0,0.8061279654502869
442,-0.02509356662631035,0,1.483891248703003,inf,0.3819934,1.0975,1.0034894,0.0,0.0,1.0,1.1620831489562988,1.667159,-2.495675,0.99958175,0.8,0.0,1.0,2.6420369148254395,-1.7868321,2.5333652,1.0014075,4.898587e-17,0.8,1.0,2.489443063735962,-0.88604915,-0.30454817,0.99762076,-0.8,9.797174e-17,1.0,0.31648018956184387,-0.79618,-0.9457448,0.997547,-1.4695762e-16,-0.8,1.0,0.809413492679596
443,-0.025214221328496933,0,1.4906024932861328,inf,0.38363189,1.1031394,1.0034816,0.0,0.0,1.0,1.167947769165039,1.6674237,-2.5073104,0.9995871,0.8,0.0,1.0,2.6531169414520264,-1.7941796,2.5421252,1.001411,4.898587e-17,0.8,1.0,2.5008163452148438,-0.88736856,-0.30620113,0.9976259,-0.8,9.797174e-17,1.0,0.3184305727481842,-0.7993515,-0.9466742,0.99755585,-1.4695762e-16,-0.8,1.0,0.8127005696296692
444,-0.025335058569908142,0,1.4973227977752686,inf,0.38527098,1.108794,1.0034742,0.0,0.0,1.0,1.173827052116394,1.6676606,-2.5189543,0.99959254,0.8,0.0,1.0,2.664200782775879,-1.8015299,2.5509057,1.0014142,4.898587e-17,0.8,1.0,2.512206792831421,-0.8886975,-0.3078584,0.99763125,-0.8,9.797174e-17,1.0,0.32038983702659607,-0.80252385,-0.9476063,0.9975645,-1.4695762e-16,-0.8,1.0,0.8159890174865723
445,-0.025456994771957397,0,1.504051923751831,inf,0.3869107,1.1144637,1.003467,0.0,0.0,1.0,1.1797208786010742,1.6678692,-2.5306063,0.99959785,0.8,0.0,1.0,2.675287961959839,-1.8088832,2.5597067,1.0014173,4.898587e-17,0.8,1.0,2.5236141681671143,-0.890036,-0.30952007,0.9976367,-0.8,9.797174e-17,1.0,0.322358101606369,-0.80569696,-0.94854116,0.9975731,-1.4695762e-16,-0.8,1.0,0.81927889585495
446,-0.025579586625099182,0,1.5107901096343994,inf,0.38855106,1.1201484,1.0034593,0.0,0.0,1.0,1.18562912940979,1.6680495,-2.5422661,0.9996031,0.8,0.0,1.0,2.686378002166748,-1.8162391,2.5685277,1.0014205,4.898587e-17,0.8,1.0,2.5350377559661865,-0.8913841,-0.31118616,0.99764186,-0.8,9.797174e-17,1.0,0.32433539628982544,-0.80887085,-0.94947875,0.99758166,-1.4695762e-16,-0.8,1.0,0.822570264339447
447,-0.025701021775603294,0,1.517537236213684,inf,0.390192,1.1258483,1.0034517,0.0,0.0,1.0,1.191551923751831,1.6682014,-2.5539336,0.99960834,0.8,0.0,1.0,2.6974711418151855,-1.8235979,2.5773692,1.0014238,4.898587e-17,0.8,1.0,2.546478509902954,-0.892742,-0.31285664,0.997647,-0.8,9.797174e-17,1.0,0.3263217508792877,-0.8120454,-0.95041907,0.9975903,-1.4695762e-16,-0.8,1.0,0.8258628249168396
448,-0.025822632014751434,0,1.5242931842803955,inf,0.39183354,1.1315633,1.0034444,0.0,0.0,1.0,1.1974893808364868,1.6683252,-2.5656085,0.9996136,0.8,0.0,1.0,2.7085671424865723,-1.8309592,2.586231,1.001427,4.898587e-17,0.8,1.0,2.5579357147216797,-0.89410955,-0.31453148,0.9976523,-0.8,9.797174e-17,1.0,0.32831716537475586,-0.8152206,-0.95136225,0.9975988,-1.4695762e-16,-0.8,1.0,0.829156756401062
449,-0.025945328176021576,0,1.5310579538345337,inf,0.39347565,1.1372933,1.0034372,0.0,0.0,1.0,1.2034413814544678,1.6684204,-2.5772903,0.99961877,0.8,0.0,1.0,2.719665288925171,-1.8383231,2.595113,1.00143,4.898587e-17,0.8,1.0,2.5694093704223633,-0.89548695,-0.31621072,0.99765766,-0.8,9.797174e-17,1.0,0.3303217589855194,-0.8183964,-0.95230824,0.99760723,-1.4695762e-16,-0.8,1.0,0.8324518799781799
450,-0.026068679988384247,0,1.537831425666809,inf,0.3951183,1.1430385,1.0034297,0.0,0.0,1.0,1.2094078063964844,1.6684872,-2.5889792,0.99962384,0.8,0.0,1.0,2.7307660579681396,-1.8456893,2.6040154,1.0014331,4.898587e-17,0.8,1.0,2.580899477005005,-0.89687425,-0.31789443,0.9976628,-0.8,9.797174e-17,1.0,0.33233559131622314,-0.8215728,-0.953257,0.99761564,-1.4695762e-16,-0.8,1.0,0.8357482552528381
451,-0.026191318407654762,0,1.5446135997772217,inf,0.3967615,1.1487987,1.0034221,0.0,0.0,1.0,1.2153887748718262,1.6685253,-2.6006746,0.9996289,0.8,0.0,1.0,2.741868734359741,-1.8530579,2.6129377,1.0014364,4.898587e-17,0.8,1.0,2.5924060344696045,-0.8982715,-0.31958258,0.99766785,-0.8,9.797174e-17,1.0,0.33435872197151184,-0.82474965,-0.95420873,0.9976241,-1.4695762e-16,-0.8,1.0,0.8390458822250366
452,-0.02631400339305401,0,1.5514044761657715,inf,0.39840522,1.1545742,1.0034148,0.0,0.0,1.0,1.2213844060897827,1.668535,-2.6123767,0.999634,0.8,0.0,1.0,2.752973794937134,-1.8604287,2.6218803,1.0014395,4.898587e-17,0.8,1.0,2.603928804397583,-0.8996788,-0.32127514,0.99767286,-0.8,9.797174e-17,1.0,0.3363911509513855,-0.82792693,-0.9551633,0.99763244,-1.4695762e-16,-0.8,1.0,0.8423444628715515
453,-0.026436880230903625,0,1.5582040548324585,inf,0.40004948,1.1603646,1.0034076,0.0,0.0,1.0,1.227394461631775,1.6685163,-2.624085,0.9996391,0.8,0.0,1.0,2.764080762863159,-1.8678018,2.6308432,1.0014426,4.898587e-17,0.8,1.0,2.6154677867889404,-0.90109617,-0.32297215,0.99767804,-0.8,9.797174e-17,1.0,0.3384329080581665,-0.83110464,-0.95612085,0.99764067,-1.4695762e-16,-0.8,1.0,0.8456442356109619
454,-0.026561543345451355,0,1.5650122165679932,inf,0.4016942,1.1661702,1.0034004,0.0,0.0,1.0,1.2334191799163818,1.6684692,-2.6357992,0.99964416,0.8,0.0,1.0,2.7751893997192383,-1.8751768,2.6398263,1.0014455,4.898587e-17,0.8,1.0,2.627023220062256,-0.90252364,-0.32467368,0.9976832,-0.8,9.797174e-17,1.0,0.3404841423034668,-0.8342827,-0.95708126,0.99764884,-1.4695762e-16,-0.8,1.0,0.8489450812339783
455,-0.026685776188969612,0,1.571828842163086,inf,0.40333945,1.171991,1.0033933,0.0,0.0,1.0,1.239458441734314,1.6683936,-2.6475189,0.99964917,0.8,0.0,1.0,2.786299228668213,-1.8825539,2.6488292,1.0014485,4.898587e-17,0.8,1.0,2.638594388961792,-0.90396136,-0.32637972,0.99768835,-0.8,9.797174e-17,1.0,0.34254491329193115,-0.8374611,-0.9580447,0.99765706,-1.4695762e-16,-0.8,1.0,0.8522468209266663
456,-0.026810627430677414,0,1.5786539316177368,inf,0.4049851,1.1778269,1.0033859,0.0,0.0,1.0,1.2455121278762817,1.6682895,-2.6592443,0.99965405,0.8,0.0,1.0,2.797410726547241,-1.8899329,2.6578524,1.0014514,4.898587e-17,0.8,1.0,2.650181770324707,-0.9054094,-0.32809016,0.9976934,-0.8,9.797174e-17,1.0,0.3446151614189148,-0.8406399,-0.9590111,0.9976652,-1.4695762e-16,-0.8,1.0,0.8555497527122498
457,-0.026934288442134857,0,1.5854874849319458,inf,0.40663123,1.1836779,1.0033785,0.0,0.0,1.0,1.2515804767608643,1.6681567,-2.6709747,0.99965894,0.8,0.0,1.0,2.808523178100586,-1.8973135,2.6668956,1.0014544,4.898587e-17,0.8,1.0,2.661785125732422,-0.9068677,-0.32980514,0.9976984,-0.8,9.797174e-17,1.0,0.3466950058937073,-0.8438189,-0.9599805,0.99767345,-1.4695762e-16,-0.8,1.0,0.8588536381721497
458,-0.02705901861190796,0,1.5923293828964233,inf,0.4082778,1.1895441,1.0033714,0.0,0.0,1.0,1.257663369178772,1.6679956,-2.6827104,0.9996639,0.8,0.0,1.0,2.819636821746826,-1.9046959,2.6759589,1.0014572,4.898587e-17,0.8,1.0,2.6734042167663574,-0.9083363,-0.33152455,0.9977034,-0.8,9.797174e-17,1.0,0.3487843871116638,-0.8469982,-0.96095294,0.9976815,-1.4695762e-16,-0.8,1.0,0.8621584177017212
459,-0.02718348428606987,0,1.5991798639297485,inf,0.4099248,1.1954253,1.0033642,0.0,0.0,1.0,1.2637608051300049,1.6678059,-2.6944509,0.99966884,0.8,0.0,1.0,2.8307511806488037,-1.9120798,2.6850421,1.0014602,4.898587e-17,0.8,1.0,2.6850390434265137,-0.9098152,-0.33324856,0.99770844,-0.8,9.797174e-17,1.0,0.35088348388671875,-0.85017776,-0.96192837,0.9976895,-1.4695762e-16,-0.8,1.0,0.8654642701148987
460,-0.02730903960764408,0,1.6060383319854736,inf,0.4115722,1.2013217,1.0033572,0.0,0.0,1.0,1.269872784614563,1.667588,-2.7061958,0.9996737,0.8,0.0,1.0,2.8418664932250977,-1.9194652,2.6941454,1.0014629,4.898587e-17,0.8,1.0,2.6966898441314697,-0.91130435,-0.33497706,0.9977135,-0.8,9.797174e-17,1.0,0.3529922366142273,-0.85335743,-0.96290696,0.9976974,-1.4695762e-16,-0.8,1.0,0.8687708973884583
461,-0.027433406561613083,0,1.6129052639007568,inf,0.41322,1.2072333,1.0033498,0.0,0.0,1.0,1.2759993076324463,1.6673416,-2.7179453,0.99967855,0.8,0.0,1.0,2.85298228263855,-1.9268519,2.7032688,1.0014659,4.898587e-17,0.8,1.0,2.7083561420440674,-0.9128038,-0.33671018,0.9977184,-0.8,9.797174e-17,1.0,0.355110764503479,-0.85653734,-0.9638886,0.9977054,-1.4695762e-16,-0.8,1.0,0.872078537940979
462,-0.027558831498026848,0,1.6197805404663086,inf,0.41486815,1.21316,1.0033426,0.0,0.0,1.0,1.2821403741836548,1.6670669,-2.729699,0.9996834,0.8,0.0,1.0,2.86409854888916,-1.9342399,2.7124119,1.0014687,4.898587e-17,0.8,1.0,2.7200379371643066,-0.9143137,-0.33844784,0.9977232,-0.8,9.797174e-17,1.0,0.3572390675544739,-0.85971737,-0.9648733,0.9977133,-1.4695762e-16,-0.8,1.0,0.8753870129585266
463,-0.02768399380147457,0,1.6266639232635498,inf,0.4165167,1.2191018,1.0033355,0.0,0.0,1.0,1.288295865058899,1.666764,-2.7414565,0.99968827,0.8,0.0,1.0,2.875215530395508,-1.9416289,2.721575,1.0014715,4.898587e-17,0.8,1.0,2.7317349910736084,-0.91583383,-0.3401901,0.9977282,-0.8,9.797174e-17,1.0,0.3593771457672119,-0.86289746,-0.9658612,0.99772125,-1.4695762e-16,-0.8,1.0,0.8786962628364563
464,-0.027810242027044296,0,1.6335554122924805,inf,0.41816553,1.2250588,1.0033284,0.0,0.0,1.0,1.2944661378860474,1.6664331,-2.753218,0.9996931,0.8,0.0,1.0,2.8863325119018555,-1.9490191,2.7307577,1.0014743,4.898587e-17,0.8,1.0,2.7434473037719727,-0.9173643,-0.341937,0.9977332,-0.8,9.797174e-17,1.0,0.36152514815330505,-0.8660776,-0.9668522,0.99772906,-1.4695762e-16,-0.8,1.0,0.8820064067840576
465,-0.027935359627008438,0,1.6404550075531006,inf,0.41981477,1.231031,1.003321,0.0,0.0,1.0,1.3006508350372314,1.6660739,-2.7649827,0.9996978,0.8,0.0,1.0,2.897449493408203,-1.9564102,2.7399607,1.001477,4.898587e-17,0.8,1.0,2.7551751136779785,-0.91890514,-0.34368855,0.99773794,-0.8,9.797174e-17,1.0,0.3636830449104309,-0.8692578,-0.9678464,0.997737,-1.4695762e-16,-0.8,1.0,0.8853172659873962
466,-0.028061533346772194,0,1.6473629474639893,inf,0.42146426,1.2370182,1.0033138,0.0,0.0,1.0,1.3068500757217407,1.6656866,-2.7767508,0.9997026,0.8,0.0,1.0,2.9085662364959717,-1.9638021,2.7491832,1.0014799,4.898587e-17,0.8,1.0,2.766918182373047,-0.9204563,-0.34544474,0.9977427,-0.8,9.797174e-17,1.0,0.36585089564323425,-0.872438,-0.9688438,0.9977448,-1.4695762e-16,-0.8,1.0,0.8886289596557617
467,-0.028187667950987816,0,1.6542785167694092,inf,0.42311412,1.2430207,1.0033065,0.0,0.0,1.0,1.3130638599395752,1.6652714,-2.788522,0.99970734,0.8,0.0,1.0,2.9196832180023193,-1.9711949,2.7584255,1.0014826,4.898587e-17,0.8,1.0,2.7786762714385986,-0.9220179,-0.3472056,0.9977476,-0.8,9.797174e-17,1.0,0.36802875995635986,-0.8756182,-0.96984446,0.99775267,-1.4695762e-16,-0.8,1.0,0.8919414281845093
468,-0.02831442281603813,0,1.6612024307250977,inf,0.42476422,1.2490383,1.0032994,0.0,0.0,1.0,1.3192923069000244,1.6648283,-2.800296,0.99971205,0.8,0.0,1.0,2.9307994842529297,-1.9785883,2.7676876,1.0014853,4.898587e-17,0.8,1.0,2.790449619293213,-0.9235898,-0.34897125,0.9977524,-0.8,9.797174e-17,1.0,0.3702167272567749,-0.8787983,-0.9708483,0.9977604,-1.4695762e-16,-0.8,1.0,0.8952544927597046
469,-0.028439976274967194,0,1.668134331703186,inf,0.4264146,1.255071,1.003292,0.0,0.0,1.0,1.3255351781845093,1.6643573,-2.8120728,0.9997167,0.8,0.0,1.0,2.941915512084961,-1.9859824,2.7769694,1.0014881,4.898587e-17,0.8,1.0,2.8022377490997314,-0.9251722,-0.3507416,0.99775714,-0.8,9.797174e-17,1.0,0.37241479754447937,-0.88197833,-0.9718554,0.9977683,-1.4695762e-16,-0.8,1.0,0.898568332195282
470,-0.028567064553499222,0,1.6750742197036743,inf,0.42806524,1.261119,1.0032845,0.0,0.0,1.0,1.3317927122116089,1.6638584,-2.823852,0.9997214,0.8,0.0,1.0,2.953031063079834,-1.993377,2.786271,1.0014908,4.898587e-17,0.8,1.0,2.8140411376953125,-0.92676485,-0.35251683,0.9977618,-0.8,9.797174e-17,1.0,0.37462306022644043,-0.8851582,-0.9728658,0.9977761,-1.4695762e-16,-0.8,1.0,0.9018827676773071
471,-0.0286943968385458,0,1.6820217370986938,inf,0.42971614,1.2671821,1.0032772,0.0,0.0,1.0,1.3380646705627441,1.6633317,-2.8356335,0.9997261,0.8,0.0,1.0,2.9641456604003906,-2.000772,2.7955925,1.0014937,4.898587e-17,0.8,1.0,2.825859308242798,-0.928368,-0.35429707,0.99776655,-0.8,9.797174e-17,1.0,0.37684178352355957,-0.8883379,-0.9738796,0.9977839,-1.4695762e-16,-0.8,1.0,0.9051978588104248
472,-0.028822341933846474,0,1.6889774799346924,inf,0.43136722,1.2732604,1.0032698,0.0,0.0,1.0,1.3443512916564941,1.6627775,-2.8474169,0.9997308,0.8,0.0,1.0,2.975259304046631,-2.0081675,2.8049333,1.0014963,4.898587e-17,0.8,1.0,2.8376922607421875,-0.9299815,-0.35608232,0.99777126,-0.8,9.797174e-17,1.0,0.3790709376335144,-0.8915174,-0.97489655,0.99779165,-1.4695762e-16,-0.8,1.0,0.908513605594635
473,-0.028949078172445297,0,1.6959409713745117,inf,0.43301857,1.2793537,1.0032622,0.0,0.0,1.0,1.3506523370742798,1.6621956,-2.8592021,0.99973536,0.8,0.0,1.0,2.9863719940185547,-2.0155635,2.814294,1.001499,4.898587e-17,0.8,1.0,2.8495399951934814,-0.9316055,-0.3578726,0.99777585,-0.8,9.797174e-17,1.0,0.3813105821609497,-0.8946967,-0.975917,0.9977995,-1.4695762e-16,-0.8,1.0,0.911829948425293
474,-0.02907731384038925,0,1.7029123306274414,inf,0.43467006,1.2854624,1.0032547,0.0,0.0,1.0,1.3569680452346802,1.6615859,-2.870989,0.99974,0.8,0.0,1.0,2.997483730316162,-2.0229595,2.8236742,1.0015018,4.898587e-17,0.8,1.0,2.8614025115966797,-0.9332399,-0.35966808,0.99778044,-0.8,9.797174e-17,1.0,0.38356083631515503,-0.8978758,-0.9769407,0.9978073,-1.4695762e-16,-0.8,1.0,0.9151468873023987
475,-0.029205579310655594,0,1.7098915576934814,inf,0.43632177,1.2915862,1.003247,0.0,0.0,1.0,1.3632981777191162,1.6609489,-2.8827775,0.9997447,0.8,0.0,1.0,3.008594036102295,-2.0303557,2.833074,1.0015047,4.898587e-17,0.8,1.0,2.8732798099517822,-0.9348847,-0.36146885,0.99778503,-0.8,9.797174e-17,1.0,0.3858218789100647,-0.90105456,-0.97796786,0.99781513,-1.4695762e-16,-0.8,1.0,0.9184642434120178
476,-0.029334263876080513,0,1.716878890991211,inf,0.43797365,1.2977251,1.0032395,0.0,0.0,1.0,1.369642972946167,1.6602844,-2.8945668,0.9997493,0.8,0.0,1.0,3.019702911376953,-2.037752,2.8424935,1.0015073,4.898587e-17,0.8,1.0,2.88517165184021,-0.93654007,-0.36327493,0.9977896,-0.8,9.797174e-17,1.0,0.3880937397480011,-0.904233,-0.9789985,0.99782294,-1.4695762e-16,-0.8,1.0,0.9217822551727295
477,-0.029462650418281555,0,1.723873496055603,inf,0.43962568,1.3038791,1.0032316,0.0,0.0,1.0,1.3760021924972534,1.6595924,-2.906357,0.99975383,0.8,0.0,1.0,3.0308101177215576,-2.0451481,2.8519325,1.00151,4.898587e-17,0.8,1.0,2.897078037261963,-0.9382059,-0.36508638,0.9977941,-0.8,9.797174e-17,1.0,0.390376478433609,-0.9074111,-0.9800326,0.99783087,-1.4695762e-16,-0.8,1.0,0.9251007437705994
478,-0.029591625556349754,0,1.7308759689331055,inf,0.4412778,1.3100485,1.0032235,0.0,0.0,1.0,1.382375955581665,1.6588731,-2.9181483,0.99975824,0.8,0.0,1.0,3.0419158935546875,-2.0525444,2.8613908,1.0015126,4.898587e-17,0.8,1.0,2.908998489379883,-0.9398821,-0.36690325,0.99779844,-0.8,9.797174e-17,1.0,0.3926701247692108,-0.91058886,-0.9810703,0.9978388,-1.4695762e-16,-0.8,1.0,0.9284197092056274
479,-0.02972031757235527,0,1.7378864288330078,inf,0.4429301,1.3162329,1.0032153,0.0,0.0,1.0,1.3887643814086914,1.6581261,-2.9299405,0.9997627,0.8,0.0,1.0,3.0530200004577637,-2.0599406,2.8708687,1.0015155,4.898587e-17,0.8,1.0,2.920933961868286,-0.9415688,-0.36872575,0.9978027,-0.8,9.797174e-17,1.0,0.394974946975708,-0.91376626,-0.9821117,0.99784684,-1.4695762e-16,-0.8,1.0,0.931739330291748
480,-0.029849138110876083,0,1.7449047565460205,inf,0.4445825,1.3224325,1.0032073,0.0,0.0,1.0,1.3951672315597534,1.657352,-2.9417334,0.9997673,0.8,0.0,1.0,3.0641226768493652,-2.0673363,2.880366,1.0015181,4.898587e-17,0.8,1.0,2.9328832626342773,-0.9432661,-0.37055385,0.9978071,-0.8,9.797174e-17,1.0,0.39729100465774536,-0.91694325,-0.98315674,0.9978548,-1.4695762e-16,-0.8,1.0,0.9350593090057373
481,-0.029978584498167038,0,1.751930832862854,inf,0.44623497,1.3286474,1.0031993,0.0,0.0,1.0,1.4015847444534302,1.6565505,-2.9535265,0.9997719,0.8,0.0,1.0,3.075223207473755,-2.074732,2.889883,1.001521,4.898587e-17,0.8,1.0,2.944847345352173,-0.9449739,-0.37238756,0.9978115,-0.8,9.797174e-17,1.0,0.3996182084083557,-0.9201198,-0.9842056,0.9978627,-1.4695762e-16,-0.8,1.0,0.9383798837661743
482,-0.030108172446489334,0,1.75896418094635,inf,0.44788754,1.3348775,1.0031914,0.0,0.0,1.0,1.4080168008804321,1.6557219,-2.9653199,0.9997764,0.8,0.0,1.0,3.0863218307495117,-2.082127,2.899419,1.0015235,4.898587e-17,0.8,1.0,2.9568252563476562,-0.94669217,-0.37422696,0.9978159,-0.8,9.797174e-17,1.0,0.4019566774368286,-0.923296,-0.9852583,0.9978706,-1.4695762e-16,-0.8,1.0,0.9417009353637695
483,-0.030237898230552673,0,1.766005516052246,inf,0.44954017,1.3411226,1.003183,0.0,0.0,1.0,1.4144631624221802,1.6548662,-2.9771135,0.9997809,0.8,0.0,1.0,3.0974183082580566,-2.089522,2.908975,1.0015262,4.898587e-17,0.8,1.0,2.968817710876465,-0.94842106,-0.37607202,0.99782014,-0.8,9.797174e-17,1.0,0.40430647134780884,-0.92647165,-0.9863149,0.9978786,-1.4695762e-16,-0.8,1.0,0.945022463798523
484,-0.030367299914360046,0,1.7730547189712524,inf,0.45119283,1.347383,1.0031745,0.0,0.0,1.0,1.4209243059158325,1.6539832,-2.9889069,0.99978524,0.8,0.0,1.0,3.1085126399993896,-2.096916,2.9185498,1.0015289,4.898587e-17,0.8,1.0,2.9808239936828613,-0.95016044,-0.37792274,0.9978243,-0.8,9.797174e-17,1.0,0.406667560338974,-0.92964685,-0.9873755,0.9978867,-1.4695762e-16,-0.8,1.0,0.9483445286750793
485,-0.030497189611196518,0,1.780111312866211,inf,0.45284554,1.3536587,1.0031658,0.0,0.0,1.0,1.42739999294281,1.6530731,-3.0007,0.9997897,0.8,0.0,1.0,3.1196048259735107,-2.1043096,2.928144,1.0015317,4.898587e-17,0.8,1.0,2.992844581604004,-0.9519104,-0.37977916,0.99782836,-0.8,9.797174e-17,1.0,0.4090399444103241,-0.9328215,-0.9884401,0.9978948,-1.4695762e-16,-0.8,1.0,0.9516670107841492
486,-0.030626745894551277,0,1.7871755361557007,inf,0.45449826,1.3599495,1.0031571,0.0,0.0,1.0,1.4338902235031128,1.6521358,-3.0124931,0.9997942,0.8,0.0,1.0,3.13069486618042,-2.1117024,2.9377577,1.0015343,4.898587e-17,0.8,1.0,3.0048789978027344,-0.95367086,-0.38164133,0.99783254,-0.8,9.797174e-17,1.0,0.41142377257347107,-0.9359957,-0.98950887,0.99790305,-1.4695762e-16,-0.8,1.0,0.954990029335022
487,-0.0307573601603508,0,1.7942476272583008,inf,0.45615098,1.3662554,1.0031487,0.0,0.0,1.0,1.4403948783874512,1.6511718,-3.0242858,0.9997987,0.8,0.0,1.0,3.141782522201538,-2.1190946,2.9473908,1.0015371,4.898587e-17,0.8,1.0,3.016927480697632,-0.95544195,-0.38350922,0.9978367,-0.8,9.797174e-17,1.0,0.4138190448284149,-0.93916935,-0.99058175,0.9979111,-1.4695762e-16,-0.8,1.0,0.958313524723053
488,-0.030887648463249207,0,1.8013269901275635,inf,0.4578037,1.3725767,1.0031401,0.0,0.0,1.0,1.4469143152236938,1.6501808,-3.0360777,0.9998032,0.8,0.0,1.0,3.1528677940368652,-2.1264858,2.9570432,1.0015397,4.898587e-17,0.8,1.0,3.0289900302886963,-0.9572236,-0.38538283,0.99784094,-0.8,9.797174e-17,1.0,0.41622573137283325,-0.94234234,-0.99165887,0.99791926,-1.4695762e-16,-0.8,1.0,0.9616374373435974
489,-0.031018516048789024,0,1.808414101600647,inf,0.45945638,1.378913,1.0031313,0.0,0.0,1.0,1.4534480571746826,1.6491629,-3.0478685,0.99980754,0.8,0.0,1.0,3.163949966430664,-2.133876,2.966715,1.0015423,4.898587e-17,0.8,1.0,3.0410661697387695,-0.95901585,-0.3872622,0.99784493,-0.8,9.797174e-17,1.0,0.41864386200904846,-0.94551486,-0.9927403,0.9979274,-1.4695762e-16,-0.8,1.0,0.9649618864059448
490,-0.031148584559559822,0,1.8155086040496826,inf,0.461109,1.3852646,1.0031221,0.0,0.0,1.0,1.4599963426589966,1.6481181,-3.0596585,0.99981195,0.8,0.0,1.0,3.175029754638672,-2.1412654,2.9764066,1.001545,4.898587e-17,0.8,1.0,3.053156614303589,-0.96081865,-0.3891473,0.9978489,-0.8,9.797174e-17,1.0,0.4210734963417053,-0.9486867,-0.9938261,0.9979357,-1.4695762e-16,-0.8,1.0,0.9682867527008057
491,-0.031279247254133224,0,1.82261061668396,inf,0.46276164,1.3916314,1.0031128,0.0,0.0,1.0,1.4665591716766357,1.6470464,-3.0714476,0.9998163,0.8,0.0,1.0,3.1861071586608887,-2.1486537,2.9861174,1.0015477,4.898587e-17,0.8,1.0,3.065261125564575,-0.96263206,-0.39103824,0.99785274,-0.8,9.797174e-17,1.0,0.4235146939754486,-0.9518579,-0.9949163,0.99794406,-1.4695762e-16,-0.8,1.0,0.9716120958328247
492,-0.03140980005264282,0,1.8297202587127686,inf,0.46441412,1.3980135,1.0031036,0.0,0.0,1.0,1.4731366634368896,1.6459479,-3.0832353,0.99982077,0.8,0.0,1.0,3.197181224822998,-2.1560407,2.9958477,1.0015503,4.898587e-17,0.8,1.0,3.077378988265991,-0.96445614,-0.39293492,0.99785674,-0.8,9.797174e-17,1.0,0.42596742510795593,-0.9550285,-0.996011,0.9979524,-1.4695762e-16,-0.8,1.0,0.974937915802002
493,-0.03154095262289047,0,1.8368374109268188,inf,0.46606657,1.4044106,1.0030946,0.0,0.0,1.0,1.4797285795211792,1.644823,-3.0950217,0.9998253,0.8,0.0,1.0,3.2082526683807373,-2.1634264,3.0055974,1.001553,4.898587e-17,0.8,1.0,3.089510679244995,-0.96629083,-0.39483738,0.99786067,-0.8,9.797174e-17,1.0,0.42843174934387207,-0.9581984,-0.99711025,0.9979607,-1.4695762e-16,-0.8,1.0,0.9782642126083374
494,-0.03167227655649185,0,1.84396231174469,inf,0.4677189,1.4108231,1.0030854,0.0,0.0,1.0,1.4863351583480835,1.6436713,-3.1068065,0.9998297,0.8,0.0,1.0,3.2193210124969482,-2.1708107,3.0153668,1.0015556,4.898587e-17,0.8,1.0,3.101656198501587,-0.96813625,-0.39674565,0.99786466,-0.8,9.797174e-17,1.0,0.4309077262878418,-0.9613676,-0.9982141,0.9979689,-1.4695762e-16,-0.8,1.0,0.9815908670425415
495,-0.031803276389837265,0,1.8510942459106445,inf,0.46937114,1.4172508,1.003076,0.0,0.0,1.0,1.492956280708313,1.642493,-3.1185894,0.99983406,0.8,0.0,1.0,3.2303860187530518,-2.1781936,3.0251555,1.0015582,4.898587e-17,0.8,1.0,3.1138155460357666,-0.9699923,-0.3986597,0.9978684,-0.8,9.797174e-17,1.0,0.43339529633522034,-0.96453613,-0.9993227,0.99797726,-1.4695762e-16,-0.8,1.0,0.9849180579185486
496,-0.03193392977118492,0,1.8582336902618408,inf,0.4710232,1.4236935,1.0030662,0.0,0.0,1.0,1.4995918273925781,1.6412882,-3.1303704,0.9998384,0.8,0.0,1.0,3.241447925567627,-2.185575,3.0349638,1.0015607,4.898587e-17,0.8,1.0,3.125988721847534,-0.9718589,-0.40057954,0.99787223,-0.8,9.797174e-17,1.0,0.4358944594860077,-0.96770394,-1.000436,0.9979858,-1.4695762e-16,-0.8,1.0,0.9882456660270691
497,-0.032065171748399734,0,1.8653805255889893,inf,0.47267517,1.4301516,1.0030563,0.0,0.0,1.0,1.5062419176101685,1.6400567,-3.1421497,0.99984276,0.8,0.0,1.0,3.252506732940674,-2.192955,3.0447917,1.0015634,4.898587e-17,0.8,1.0,3.1381752490997314,-0.97373605,-0.40250522,0.9978758,-0.8,9.797174e-17,1.0,0.43840524554252625,-0.970871,-1.0015541,0.9979942,-1.4695762e-16,-0.8,1.0,0.9915737509727478
498,-0.0321965217590332,0,1.872534990310669,inf,0.47432694,1.4366249,1.0030465,0.0,0.0,1.0,1.512906551361084,1.6387988,-3.1539266,0.9998472,0.8,0.0,1.0,3.263561964035034,-2.200333,3.0546393,1.0015662,4.898587e-17,0.8,1.0,3.1503758430480957,-0.9756237,-0.40443686,0.9978795,-0.8,9.797174e-17,1.0,0.4409278333187103,-0.9740372,-1.0026771,0.9980027,-1.4695762e-16,-0.8,1.0,0.9949021935462952
499,-0.03232799842953682,0,1.8796964883804321,inf,0.47597855,1.4431134,1.0030369,0.0,0.0,1.0,1.5195859670639038,1.6375146,-3.1657014,0.99985164,0.8,0.0,1.0,3.274613857269287,-2.2077096,3.0645063,1.0015688,4.898587e-17,0.8,1.0,3.1625895500183105,-0.97752196,-0.40637442,0.99788314,-0.8,9.797174e-17,1.0,0.44346216320991516,-0.97720265,-1.003805,0.9980111,-1.4695762e-16,-0.8,1.0,0.9982311725616455
500,-0.032459598034620285,0,1.8868656158447266,inf,0.47762996,1.4496171,1.0030271,0.0,0.0,1.0,1.5262795686721802,1.6362041,-3.1774735,0.99985605,0.8,0.0,1.0,3.2856621742248535,-2.215084,3.074393,1.0015712,4.898587e-17,0.8,1.0,3.1748170852661133,-0.9794307,-0.40831792,0.99788684,-0.8,9.797174e-17,1.0,0.44600826501846313,-0.98036724,-1.004938,0.9980196,-1.4695762e-16,-0.8,1.0,1.0015605688095093
501,-0.032591771334409714,0,1.8940417766571045,inf,0.4792812,1.4561361,1.0030171,0.0,0.0,1.0,1.5329879522323608,1.6348674,-3.189243,0.9998604,0.8,0.0,1.0,3.2967066764831543,-2.2224567,3.084299,1.0015738,4.898587e-17,0.8,1.0,3.1870579719543457,-0.98134977,-0.41026738,0.99789035,-0.8,9.797174e-17,1.0,0.4485660493373871,-0.98353106,-1.006076,0.998028,-1.4695762e-16,-0.8,1.0,1.0048903226852417
502,-0.03272329643368721,0,1.9012254476547241,inf,0.48093218,1.4626703,1.0030068,0.0,0.0,1.0,1.5397108793258667,1.6335044,-3.2010098,0.99986476,0.8,0.0,1.0,3.3077473640441895,-2.2298272,3.0942252,1.0015763,4.898587e-17,0.8,1.0,3.199312686920166,-0.9832793,-0.41222295,0.9978938,-0.8,9.797174e-17,1.0,0.4511357843875885,-0.98669404,-1.0072192,0.9980365,-1.4695762e-16,-0.8,1.0,1.0082205533981323
503,-0.03285510092973709,0,1.9084161520004272,inf,0.48258296,1.4692197,1.0029964,0.0,0.0,1.0,1.5464481115341187,1.6321151,-3.2127736,0.99986917,0.8,0.0,1.0,3.318784475326538,-2.2371957,3.1041706,1.001579,4.898587e-17,0.8,1.0,3.211580514907837,-0.98521924,-0.41418454,0.9978971,-0.8,9.797174e-17,1.0,0.45371735095977783,-0.98985606,-1.0083674,0.9980451,-1.4695762e-16,-0.8,1.0,1.0115511417388916
504,-0.03298702463507652,0,1.9156147241592407,inf,0.48423347,1.4757843,1.0029861,0.0,0.0,1.0,1.5532000064849854,1.6306996,-3.2245345,0.99987364,0.8,0.0,1.0,3.329817533493042,-2.2445621,3.1141357,1.0015815,4.898587e-17,0.8,1.0,3.2238621711730957,-0.9871696,-0.41615224,0.9979004,-0.8,9.797174e-17,1.0,0.45631080865859985,-0.9930172,-1.0095209,0.99805367,-1.4695762e-16,-0.8,1.0,1.014882206916809
505,-0.033119987696409225,0,1.9228203296661377,inf,0.4858837,1.4823642,1.002976,0.0,0.0,1.0,1.5599664449691772,1.6292583,-3.2362921,0.99987805,0.8,0.0,1.0,3.340846538543701,-2.2519264,3.1241205,1.0015842,4.898587e-17,0.8,1.0,3.236156940460205,-0.98913044,-0.41812602,0.9979037,-0.8,9.797174e-17,1.0,0.45891621708869934,-0.99617743,-1.0106795,0.99806213,-1.4695762e-16,-0.8,1.0,1.0182137489318848
506,-0.03325197100639343,0,1.93003249168396,inf,0.4875337,1.4889593,1.0029656,0.0,0.0,1.0,1.5667475461959839,1.6277908,-3.2480464,0.9998825,0.8,0.0,1.0,3.3518714904785156,-2.259288,3.134125,1.0015866,4.898587e-17,0.8,1.0,3.248465061187744,-0.9911018,-0.4201058,0.99790704,-0.8,9.797174e-17,1.0,0.46153345704078674,-0.9993366,-1.0118434,0.99807066,-1.4695762e-16,-0.8,1.0,1.0215452909469604
507,-0.03338451683521271,0,1.937252402305603,inf,0.4891833,1.4955696,1.0029551,0.0,0.0,1.0,1.5735429525375366,1.6262976,-3.259797,0.99988693,0.8,0.0,1.0,3.3628923892974854,-2.2666476,3.144149,1.0015891,4.898587e-17,0.8,1.0,3.260786533355713,-0.9930836,-0.42209148,0.99791026,-0.8,9.797174e-17,1.0,0.46416252851486206,-1.0024949,-1.0130126,0.99807924,-1.4695762e-16,-0.8,1.0,1.024877667427063
508,-0.033516690135002136,0,1.94447922706604,inf,0.49083248,1.5021951,1.0029441,0.0,0.0,1.0,1.5803529024124146,1.6247783,-3.271544,0.9998914,0.8,0.0,1.0,3.373908519744873,-2.2740045,3.154193,1.0015916,4.898587e-17,0.8,1.0,3.2731213569641113,-0.9950759,-0.42408308,0.99791336,-0.8,9.797174e-17,1.0,0.4668034017086029,-1.0056521,-1.0141872,0.9980879,-1.4695762e-16,-0.8,1.0,1.0282100439071655
509,-0.03364944085478783,0,1.95171320438385,inf,0.49248117,1.5088359,1.0029333,0.0,0.0,1.0,1.5871773958206177,1.6232331,-3.2832873,0.99989593,0.8,0.0,1.0,3.384920835494995,-2.2813587,3.1642566,1.0015943,4.898587e-17,0.8,1.0,3.2854695320129395,-0.9970786,-0.42608064,0.9979163,-0.8,9.797174e-17,1.0,0.46945610642433167,-1.0088083,-1.0153672,0.99809647,-1.4695762e-16,-0.8,1.0,1.0315428972244263
510,-0.03378137946128845,0,1.9589542150497437,inf,0.49412927,1.5154917,1.0029223,0.0,0.0,1.0,1.594016194343567,1.621662,-3.2950265,0.99990046,0.8,0.0,1.0,3.395928144454956,-2.2887104,3.17434,1.0015968,4.898587e-17,0.8,1.0,3.297830820083618,-0.9990919,-0.42808405,0.99791926,-0.8,9.797174e-17,1.0,0.47212061285972595,-1.0119634,-1.0165526,0.99810517,-1.4695762e-16,-0.8,1.0,1.0348761081695557
511,-0.033914100378751755,0,1.966202735900879,inf,0.49577668,1.5221629,1.0029116,0.0,0.0,1.0,1.6008694171905518,1.6200653,-3.306762,0.999905,0.8,0.0,1.0,3.4069314002990723,-2.2960594,3.184443,1.0015993,4.898587e-17,0.8,1.0,3.3102054595947266,-1.0011158,-0.4300932,0.9979222,-0.8,9.797174e-17,1.0,0.4747968316078186,-1.0151174,-1.0177435,0.9981137,-1.4695762e-16,-0.8,1.0,1.0382095575332642
512,-0.03404736891388893,0,1.9734575748443604,inf,0.49742338,1.5288491,1.0029008,0.0,0.0,1.0,1.6077369451522827,1.618443,-3.318493,0.9999095,0.8,0.0,1.0,3.4179298877716064,-2.3034053,3.1945658,1.0016017,4.898587e-17,0.8,1.0,3.3225929737091064,-1.0031501,-0.43210813,0.99792516,-0.8,9.797174e-17,1.0,0.477484792470932,-1.0182703,-1.0189399,0.9981222,-1.4695762e-16,-0.8,1.0,1.0415433645248413
513,-0.03418075665831566,0,1.9807195663452148,inf,0.49906927,1.5355506,1.00289,0.0,0.0,1.0,1.6146188974380493,1.6167952,-3.3302195,0.99991405,0.8,0.0,1.0,3.4289233684539795,-2.3107486,3.204708,1.0016043,4.898587e-17,0.8,1.0,3.334993600845337,-1.0051949,-0.43412885,0.99792796,-0.8,9.797174e-17,1.0,0.4801844358444214,-1.021422,-1.0201417,0.9981307,-1.4695762e-16,-0.8,1.0,1.0448774099349976
514,-0.03431331366300583,0,1.9879884719848633,inf,0.50071424,1.5422671,1.0028787,0.0,0.0,1.0,1.6215150356292725,1.6151216,-3.3419414,0.99991864,0.8,0.0,1.0,3.4399120807647705,-2.3180888,3.2148702,1.0016067,4.898587e-17,0.8,1.0,3.347407579421997,-1.0072503,-0.43615526,0.99793065,-0.8,9.797174e-17,1.0,0.4828958213329315,-1.0245726,-1.0213492,0.9981393,-1.4695762e-16,-0.8,1.0,1.0482118129730225
515,-0.03444596752524376,0,1.9952640533447266,inf,0.50235826,1.5489987,1.0028675,0.0,0.0,1.0,1.6284252405166626,1.6134225,-3.3536587,0.9999232,0.8,0.0,1.0,3.4508960247039795,-2.325426,3.225052,1.0016094,4.898587e-17,0.8,1.0,3.3598344326019287,-1.0093163,-0.4381873,0.9979332,-0.8,9.797174e-17,1.0,0.4856188893318176,-1.027722,-1.0225624,0.99814796,-1.4695762e-16,-0.8,1.0,1.0515464544296265
516,-0.03457918390631676,0,2.002546787261963,inf,0.5040012,1.5557456,1.0028563,0.0,0.0,1.0,1.635349988937378,1.6116979,-3.3653712,0.9999278,0.8,0.0,1.0,3.4618747234344482,-2.33276,3.2352536,1.001612,4.898587e-17,0.8,1.0,3.372274160385132,-1.0113928,-0.44022495,0.99793583,-0.8,9.797174e-17,1.0,0.48835355043411255,-1.0308702,-1.0237812,0.9981565,-1.4695762e-16,-0.8,1.0,1.0548814535140991
517,-0.03471298888325691,0,2.009836196899414,inf,0.50564307,1.5625075,1.0028454,0.0,0.0,1.0,1.6422889232635498,1.609948,-3.377079,0.99993247,0.8,0.0,1.0,3.472848653793335,-2.340091,3.2454748,1.0016147,4.898587e-17,0.8,1.0,3.3847270011901855,-1.01348,-0.44226825,0.99793845,-0.8,9.797174e-17,1.0,0.49109992384910583,-1.0340171,-1.0250057,0.99816495,-1.4695762e-16,-0.8,1.0,1.0582165718078613
518,-0.03484642878174782,0,2.01713228225708,inf,0.5072837,1.5692846,1.0028344,0.0,0.0,1.0,1.6492419242858887,1.6081729,-3.3887813,0.99993706,0.8,0.0,1.0,3.4838171005249023,-2.3474185,3.2557156,1.0016171,4.898587e-17,0.8,1.0,3.3971924781799316,-1.0155777,-0.4443171,0.9979411,-0.8,9.797174e-17,1.0,0.4938579201698303,-1.0371628,-1.026236,0.99817336,-1.4695762e-16,-0.8,1.0,1.0615520477294922
519,-0.03497997671365738,0,2.02443528175354,inf,0.50892305,1.5760766,1.0028235,0.0,0.0,1.0,1.6562089920043945,1.6063725,-3.4004786,0.9999417,0.8,0.0,1.0,3.4947805404663086,-2.3547428,3.2659762,1.0016197,4.898587e-17,0.8,1.0,3.409670829772949,-1.017686,-0.44637144,0.9979435,-0.8,9.797174e-17,1.0,0.4966275095939636,-1.0403072,-1.0274721,0.9981818,-1.4695762e-16,-0.8,1.0,1.0648877620697021
520,-0.03511359915137291,0,2.0317447185516357,inf,0.51056105,1.5828838,1.0028121,0.0,0.0,1.0,1.663190245628357,1.6045468,-3.4121702,0.99994636,0.8,0.0,1.0,3.5057382583618164,-2.3620636,3.2762566,1.0016222,4.898587e-17,0.8,1.0,3.4221622943878174,-1.0198048,-0.44843122,0.99794585,-0.8,9.797174e-17,1.0,0.4994086027145386,-1.0434501,-1.0287141,0.9981902,-1.4695762e-16,-0.8,1.0,1.068223476409912
521,-0.035247065126895905,0,2.039060592651367,inf,0.5121977,1.589706,1.0028008,0.0,0.0,1.0,1.6701854467391968,1.602696,-3.4238565,0.99995106,0.8,0.0,1.0,3.516690731048584,-2.369381,3.2865565,1.0016251,4.898587e-17,0.8,1.0,3.434666156768799,-1.0219344,-0.4504965,0.997948,-0.8,9.797174e-17,1.0,0.5022013187408447,-1.0465919,-1.0299618,0.9981987,-1.4695762e-16,-0.8,1.0,1.0715596675872803
522,-0.035380180925130844,0,2.0463833808898926,inf,0.5138328,1.5965433,1.0027895,0.0,0.0,1.0,1.6771948337554932,1.60082,-3.435537,0.99995583,0.8,0.0,1.0,3.5276377201080322,-2.3766947,3.2968762,1.0016279,4.898587e-17,0.8,1.0,3.447183132171631,-1.0240746,-0.4525672,0.9979501,-0.8,9.797174e-17,1.0,0.5050055980682373,-1.0497322,-1.0312155,0.9982071,-1.4695762e-16,-0.8,1.0,1.074895977973938
523,-0.03551339730620384,0,2.053712844848633,inf,0.5154665,1.6033957,1.0027783,0.0,0.0,1.0,1.6842182874679565,1.5989192,-3.4472125,0.9999606,0.8,0.0,1.0,3.5385794639587402,-2.3840046,3.3072155,1.0016307,4.898587e-17,0.8,1.0,3.459712505340576,-1.0262253,-0.4546432,0.9979522,-0.8,9.797174e-17,1.0,0.5078213810920715,-1.0528711,-1.0324754,0.99821544,-1.4695762e-16,-0.8,1.0,1.0782326459884644
524,-0.03564763441681862,0,2.061048984527588,inf,0.5170987,1.6102631,1.0027674,0.0,0.0,1.0,1.691255807876587,1.5969938,-3.458882,0.9999654,0.8,0.0,1.0,3.549516201019287,-2.391311,3.3175745,1.0016334,4.898587e-17,0.8,1.0,3.472254753112793,-1.0283868,-0.45672452,0.9979545,-0.8,9.797174e-17,1.0,0.5106486082077026,-1.0560087,-1.033741,0.99822366,-1.4695762e-16,-0.8,1.0,1.0815693140029907
525,-0.03578244149684906,0,2.068391799926758,inf,0.5187295,1.6171457,1.0027566,0.0,0.0,1.0,1.6983073949813843,1.595044,-3.4705458,0.9999702,0.8,0.0,1.0,3.5604469776153564,-2.3986132,3.3279533,1.0016361,4.898587e-17,0.8,1.0,3.484809398651123,-1.030559,-0.45881122,0.99795663,-0.8,9.797174e-17,1.0,0.5134874582290649,-1.0591447,-1.0350127,0.99823177,-1.4695762e-16,-0.8,1.0,1.0849062204360962
526,-0.03591686859726906,0,2.0757405757904053,inf,0.5203588,1.6240433,1.0027457,0.0,0.0,1.0,1.7053731679916382,1.5930699,-3.4822032,0.99997497,0.8,0.0,1.0,3.5713722705841064,-2.4059117,3.3383517,1.0016387,4.898587e-17,0.8,1.0,3.4973766803741455,-1.0327417,-0.46090317,0.9979588,-0.8,9.797174e-17,1.0,0.5163376331329346,-1.0622793,-1.0362906,0.9982399,-1.4695762e-16,-0.8,1.0,1.0882433652877808
527,-0.03605140745639801,0,2.0830960273742676,inf,0.52198666,1.630956,1.0027348,0.0,0.0,1.0,1.712453007698059,1.5910714,-3.4938545,0.9999798,0.8,0.0,1.0,3.582291603088379,-2.4132063,3.3487697,1.0016413,4.898587e-17,0.8,1.0,3.5099565982818604,-1.0349352,-0.4630003,0.99796075,-0.8,9.797174e-17,1.0,0.5191993713378906,-1.0654125,-1.0375745,0.99824804,-1.4695762e-16,-0.8,1.0,1.0915807485580444
528,-0.03618602082133293,0,2.090458393096924,inf,0.523613,1.6378838,1.0027237,0.0,0.0,1.0,1.7195467948913574,1.5890485,-3.5054994,0.9999846,0.8,0.0,1.0,3.593205213546753,-2.4204967,3.3592074,1.0016439,4.898587e-17,0.8,1.0,3.5225486755371094,-1.0371394,-0.46510258,0.9979626,-0.8,9.797174e-17,1.0,0.522072434425354,-1.0685441,-1.0388647,0.99825615,-1.4695762e-16,-0.8,1.0,1.0949182510375977
529,-0.03632074221968651,0,2.0978267192840576,inf,0.52523786,1.6448267,1.0027127,0.0,0.0,1.0,1.7266547679901123,1.5870013,-3.5171378,0.99998945,0.8,0.0,1.0,3.6041128635406494,-2.427783,3.3696647,1.0016468,4.898587e-17,0.8,1.0,3.535153388977051,-1.0393542,-0.4672101,0.9979644,-0.8,9.797174e-17,1.0,0.524957001209259,-1.0716742,-1.0401611,0.99826425,-1.4695762e-16,-0.8,1.0,1.0982558727264404
530,-0.03645554929971695,0,2.1052019596099854,inf,0.52686113,1.6517845,1.0027015,0.0,0.0,1.0,1.7337768077850342,1.5849301,-3.5287697,0.9999944,0.8,0.0,1.0,3.6150145530700684,-2.435065,3.3801417,1.0016497,4.898587e-17,0.8,1.0,3.5477705001831055,-1.04158,-0.46932283,0.9979661,-0.8,9.797174e-17,1.0,0.5278531312942505,-1.0748026,-1.0414637,0.9982723,-1.4695762e-16,-0.8,1.0,1.1015936136245728
531,-0.036590009927749634,0,2.1125833988189697,inf,0.528483,1.6587576,1.0026907,0.0,0.0,1.0,1.7409130334854126,1.5828347,-3.5403953,0.9999993,0.8,0.0,1.0,3.625910758972168,-2.4423428,3.3906386,1.0016525,4.898587e-17,0.8,1.0,3.5604002475738525,-1.0438168,-0.47144073,0.9979679,-0.8,9.797174e-17,1.0,0.5307608842849731,-1.0779296,-1.0427727,0.99828035,-1.4695762e-16,-0.8,1.0,1.1049315929412842
532,-0.03672455996274948,0,2.11997127532959,inf,0.5301032,1.6657457,1.00268,0.0,0.0,1.0,1.748063325881958,1.5807159,-3.552014,1.0000043,0.8,0.0,1.0,3.63680100440979,-2.4496162,3.401155,1.0016553,4.898587e-17,0.8,1.0,3.573042154312134,-1.0460647,-0.47356367,0.9979698,-0.8,9.797174e-17,1.0,0.5336801409721375,-1.0810549,-1.0440879,0.9982882,-1.4695762e-16,-0.8,1.0,1.1082696914672852
533,-0.03685968369245529,0,2.1273655891418457,inf,0.53172195,1.672749,1.0026693,0.0,0.0,1.0,1.75522780418396,1.5785735,-3.5636263,1.0000093,0.8,0.0,1.0,3.6476852893829346,-2.456885,3.411691,1.0016581,4.898587e-17,0.8,1.0,3.585696220397949,-1.0483239,-0.4756916,0.9979716,-0.8,9.797174e-17,1.0,0.5366109609603882,-1.0841786,-1.0454096,0.998296,-1.4695762e-16,-0.8,1.0,1.1116077899932861
534,-0.03699468821287155,0,2.1347665786743164,inf,0.53333914,1.6797674,1.0026587,0.0,0.0,1.0,1.762406349182129,1.5764076,-3.5752313,1.0000143,0.8,0.0,1.0,3.6585636138916016,-2.4641495,3.4222467,1.0016606,4.898587e-17,0.8,1.0,3.598362684249878,-1.050594,-0.47782448,0.9979734,-0.8,9.797174e-17,1.0,0.5395532250404358,-1.0873007,-1.0467376,0.9983038,-1.4695762e-16,-0.8,1.0,1.1149462461471558
535,-0.037130244076251984,0,2.1421732902526855,inf,0.5349548,1.6868008,1.0026481,0.0,0.0,1.0,1.7695990800857544,1.5742182,-3.586829,1.0000192,0.8,0.0,1.0,3.6694352626800537,-2.4714093,3.4328218,1.0016633,4.898587e-17,0.8,1.0,3.6110410690307617,-1.052875,-0.47996247,0.997975,-0.8,9.797174e-17,1.0,0.542506992816925,-1.090421,-1.0480721,0.99831146,-1.4695762e-16,-0.8,1.0,1.1182845830917358
536,-0.037265878170728683,0,2.1495866775512695,inf,0.5365689,1.6938493,1.0026374,0.0,0.0,1.0,1.7768057584762573,1.5720054,-3.5984194,1.0000242,0.8,0.0,1.0,3.6803009510040283,-2.4786646,3.4434166,1.001666,4.898587e-17,0.8,1.0,3.623731851577759,-1.0551672,-0.4821057,0.99797654,-0.8,9.797174e-17,1.0,0.5454725027084351,-1.0935396,-1.0494131,0.99831915,-1.4695762e-16,-0.8,1.0,1.121623158454895
537,-0.037401147186756134,0,2.1570067405700684,inf,0.53818136,1.700913,1.0026268,0.0,0.0,1.0,1.7840266227722168,1.5697693,-3.6100025,1.0000292,0.8,0.0,1.0,3.691159963607788,-2.485915,3.4540308,1.0016688,4.898587e-17,0.8,1.0,3.636434555053711,-1.0574706,-0.48425433,0.9979781,-0.8,9.797174e-17,1.0,0.5484500527381897,-1.0966564,-1.0507606,0.99832684,-1.4695762e-16,-0.8,1.0,1.1249617338180542
538,-0.037536490708589554,0,2.1644327640533447,inf,0.5397923,1.7079917,1.002616,0.0,0.0,1.0,1.7912616729736328,1.5675098,-3.6215782,1.0000342,0.8,0.0,1.0,3.7020130157470703,-2.4931605,3.4646645,1.0016717,4.898587e-17,0.8,1.0,3.649149179458618,-1.0597854,-0.48640835,0.9979797,-0.8,9.797174e-17,1.0,0.5514395833015442,-1.0997716,-1.0521148,0.9983345,-1.4695762e-16,-0.8,1.0,1.1283005475997925
539,-0.03767148405313492,0,2.171865463256836,inf,0.5414016,1.7150856,1.0026056,0.0,0.0,1.0,1.7985107898712158,1.5652274,-3.6331465,1.0000393,0.8,0.0,1.0,3.712859630584717,-2.5004013,3.4753172,1.0016744,4.898587e-17,0.8,1.0,3.6618754863739014,-1.0621119,-0.4885677,0.99798137,-0.8,9.797174e-17,1.0,0.5544412732124329,-1.102885,-1.0534756,0.99834216,-1.4695762e-16,-0.8,1.0,1.1316394805908203
540,-0.03780655190348625,0,2.179304361343384,inf,0.54300934,1.7221947,1.0025953,0.0,0.0,1.0,1.805774211883545,1.5629221,-3.6447074,1.0000445,0.8,0.0,1.0,3.7237000465393066,-2.507637,3.4859893,1.0016772,4.898587e-17,0.8,1.0,3.6746134757995605,-1.0644499,-0.4907323,0.9979832,-0.8,9.797174e-17,1.0,0.5574549436569214,-1.1059966,-1.0548431,0.9983496,-1.4695762e-16,-0.8,1.0,1.1349785327911377
541,-0.03794214874505997,0,2.1867496967315674,inf,0.54461545,1.7293187,1.0025852,0.0,0.0,1.0,1.8130515813827515,1.5605943,-3.6562605,1.0000496,0.8,0.0,1.0,3.7345340251922607,-2.514868,3.4966805,1.0016797,4.898587e-17,0.8,1.0,3.687363624572754,-1.0667996,-0.49290207,0.9979849,-0.8,9.797174e-17,1.0,0.5604806542396545,-1.1091064,-1.0562172,0.998357,-1.4695762e-16,-0.8,1.0,1.1383177042007446
542,-0.03807780519127846,0,2.1942009925842285,inf,0.54621994,1.736458,1.0025752,0.0,0.0,1.0,1.8203431367874146,1.558244,-3.6678057,1.0000547,0.8,0.0,1.0,3.745361566543579,-2.5220938,3.5073907,1.0016822,4.898587e-17,0.8,1.0,3.700124979019165,-1.0691609,-0.49507698,0.9979867,-0.8,9.797174e-17,1.0,0.5635182857513428,-1.1122143,-1.0575981,0.9983643,-1.4695762e-16,-0.8,1.0,1.141656756401062
543,-0.03821401670575142,0,2.2016587257385254,inf,0.54782283,1.7436123,1.002565,0.0,0.0,1.0,1.8276488780975342,1.5558711,-3.6793425,1.0000598,0.8,0.0,1.0,3.7561817169189453,-2.5293143,3.5181203,1.0016848,4.898587e-17,0.8,1.0,3.712898015975952,-1.0715337,-0.49725717,0.9979882,-0.8,9.797174e-17,1.0,0.5665680170059204,-1.1153206,-1.0589857,0.9983716,-1.4695762e-16,-0.8,1.0,1.144996166229248
544,-0.03834983706474304,0,2.2091224193573,inf,0.54942405,1.7507818,1.0025548,0.0,0.0,1.0,1.8349686861038208,1.5534759,-3.6908712,1.000065,0.8,0.0,1.0,3.766995668411255,-2.5365298,3.5288684,1.0016873,4.898587e-17,0.8,1.0,3.725682497024536,-1.073918,-0.49944282,0.9979897,-0.8,9.797174e-17,1.0,0.5696299076080322,-1.1184249,-1.0603802,0.9983789,-1.4695762e-16,-0.8,1.0,1.1483356952667236
545,-0.0384848453104496,0,2.21659255027771,inf,0.55102366,1.7579663,1.0025446,0.0,0.0,1.0,1.842302680015564,1.5510579,-3.7023916,1.0000701,0.8,0.0,1.0,3.7778024673461914,-2.54374,3.5396357,1.0016899,4.898587e-17,0.8,1.0,3.738478422164917,-1.0763141,-0.5016339,0.9979913,-0.8,9.797174e-17,1.0,0.5727041363716125,-1.1215273,-1.0617815,0.9983862,-1.4695762e-16,-0.8,1.0,1.1516752243041992
546,-0.03861992061138153,0,2.224069118499756,inf,0.5526216,1.765166,1.0025345,0.0,0.0,1.0,1.8496508598327637,1.5486178,-3.713904,1.0000753,0.8,0.0,1.0,3.788602828979492,-2.5509448,3.5504217,1.0016927,4.898587e-17,0.8,1.0,3.7512855529785156,-1.0787216,-0.50383043,0.997993,-0.8,9.797174e-17,1.0,0.5757906436920166,-1.1246281,-1.0631899,0.99839354,-1.4695762e-16,-0.8,1.0,1.1550151109695435
547,-0.038755547255277634,0,2.2315516471862793,inf,0.5542179,1.7723808,1.0025247,0.0,0.0,1.0,1.8570131063461304,1.5461556,-3.7254078,1.0000803,0.8,0.0,1.0,3.799396276473999,-2.5581443,3.5612264,1.0016953,4.898587e-17,0.8,1.0,3.764103651046753,-1.0811408,-0.50603265,0.9979948,-0.8,9.797174e-17,1.0,0.5788896083831787,-1.1277268,-1.064605,0.9984007,-1.4695762e-16,-0.8,1.0,1.1583548784255981
548,-0.03889170661568642,0,2.2390403747558594,inf,0.5558125,1.7796109,1.0025151,0.0,0.0,1.0,1.8643896579742432,1.5436715,-3.7369034,1.0000856,0.8,0.0,1.0,3.810183048248291,-2.5653384,3.5720499,1.0016979,4.898587e-17,0.8,1.0,3.776933193206787,-1.0835716,-0.5082405,0.9979967,-0.8,9.797174e-17,1.0,0.5820010900497437,-1.1308237,-1.066027,0.9984076,-1.4695762e-16,-0.8,1.0,1.1616950035095215
549,-0.03902795538306236,0,2.246535539627075,inf,0.5574054,1.7868559,1.0025055,0.0,0.0,1.0,1.8717801570892334,1.5411657,-3.7483902,1.000091,0.8,0.0,1.0,3.82096266746521,-2.572527,3.582892,1.0017004,4.898587e-17,0.8,1.0,3.789773941040039,-1.086014,-0.5104542,0.9979985,-0.8,9.797174e-17,1.0,0.585125207901001,-1.1339189,-1.0674562,0.99841446,-1.4695762e-16,-0.8,1.0,1.165035367012024
550,-0.03916427120566368,0,2.2540366649627686,inf,0.5589967,1.7941161,1.0024959,0.0,0.0,1.0,1.8791849613189697,1.5386384,-3.7598684,1.0000962,0.8,0.0,1.0,3.831735372543335,-2.57971,3.5937524,1.0017028,4.898587e-17,0.8,1.0,3.8026251792907715,-1.0884681,-0.5126736,0.99800026,-0.8,9.797174e-17,1.0,0.5882619023323059,-1.1370121,-1.0688924,0.99842125,-1.4695762e-16,-0.8,1.0,1.168375849723816
551,-0.03930118680000305,0,2.2615442276000977,inf,0.5605862,1.8013915,1.0024863,0.0,0.0,1.0,1.8866039514541626,1.5360894,-3.7713373,1.0001016,0.8,0.0,1.0,3.842500925064087,-2.5868874,3.6046314,1.0017053,4.898587e-17,0.8,1.0,3.8154876232147217,-1.0909337,-0.51489896,0.998002,-0.8,9.797174e-17,1.0,0.591411292552948,-1.1401035,-1.0703356,0.9984281,-1.4695762e-16,-0.8,1.0,1.171716570854187
552,-0.03943795710802078,0,2.2690577507019043,inf,0.562174,1.808682,1.0024766,0.0,0.0,1.0,1.8940370082855225,1.5335188,-3.782797,1.0001068,0.8,0.0,1.0,3.8532588481903076,-2.594059,3.6155288,1.0017077,4.898587e-17,0.8,1.0,3.8283610343933105,-1.0934108,-0.5171304,0.9980037,-0.8,9.797174e-17,1.0,0.5945735573768616,-1.143193,-1.0717859,0.998435,-1.4695762e-16,-0.8,1.0,1.1750575304031372
553,-0.039573900401592255,0,2.2765774726867676,inf,0.56376016,1.8159876,1.002467,0.0,0.0,1.0,1.9014842510223389,1.5309267,-3.7942479,1.0001119,0.8,0.0,1.0,3.8640096187591553,-2.601225,3.6264446,1.0017103,4.898587e-17,0.8,1.0,3.84124493598938,-1.0958998,-0.5193678,0.99800557,-0.8,9.797174e-17,1.0,0.5977487564086914,-1.1462806,-1.0732434,0.99844193,-1.4695762e-16,-0.8,1.0,1.178398847579956
554,-0.0397099032998085,0,2.2841029167175293,inf,0.5653446,1.8233083,1.0024574,0.0,0.0,1.0,1.9089456796646118,1.5283133,-3.8056896,1.0001173,0.8,0.0,1.0,3.87475323677063,-2.608385,3.6373785,1.0017128,4.898587e-17,0.8,1.0,3.854139566421509,-1.0984004,-0.52161133,0.99800754,-0.8,9.797174e-17,1.0,0.6009368896484375,-1.1493664,-1.0747081,0.9984488,-1.4695762e-16,-0.8,1.0,1.181740164756775
555,-0.039846912026405334,0,2.291635513305664,inf,0.56692725,1.8306442,1.0024481,0.0,0.0,1.0,1.9164214134216309,1.5256786,-3.817122,1.0001225,0.8,0.0,1.0,3.8854897022247314,-2.6155393,3.6483307,1.0017153,4.898587e-17,0.8,1.0,3.8670449256896973,-1.1009125,-0.5238611,0.9980097,-0.8,9.797174e-17,1.0,0.6041380167007446,-1.1524502,-1.07618,0.9984555,-1.4695762e-16,-0.8,1.0,1.185081958770752
556,-0.03998444974422455,0,2.299173355102539,inf,0.56850815,1.8379953,1.0024388,0.0,0.0,1.0,1.923911213874817,1.5230229,-3.8285453,1.0001279,0.8,0.0,1.0,3.896218776702881,-2.6226876,3.6593008,1.0017178,4.898587e-17,0.8,1.0,3.879960536956787,-1.1034362,-0.5261172,0.9980118,-0.8,9.797174e-17,1.0,0.6073523163795471,-1.1555321,-1.0776591,0.99846214,-1.4695762e-16,-0.8,1.0,1.1884238719940186
557,-0.04012114554643631,0,2.30671763420105,inf,0.5700873,1.8453615,1.0024296,0.0,0.0,1.0,1.9314152002334595,1.5203462,-3.8399594,1.0001333,0.8,0.0,1.0,3.9069409370422363,-2.62983,3.6702893,1.0017201,4.898587e-17,0.8,1.0,3.8928868770599365,-1.1059717,-0.5283797,0.99801385,-0.8,9.797174e-17,1.0,0.610579788684845,-1.1586123,-1.0791456,0.99846864,-1.4695762e-16,-0.8,1.0,1.1917662620544434
558,-0.040258366614580154,0,2.314268112182617,inf,0.57166475,1.8527428,1.0024203,0.0,0.0,1.0,1.938933253288269,1.5176485,-3.851364,1.0001385,0.8,0.0,1.0,3.9176552295684814,-2.636966,3.6812954,1.0017225,4.898587e-17,0.8,1.0,3.905823230743408,-1.1085187,-0.5306485,0.9980159,-0.8,9.797174e-17,1.0,0.613820493221283,-1.1616904,-1.0806392,0.9984752,-1.4695762e-16,-0.8,1.0,1.1951088905334473
559,-0.040395207703113556,0,2.3218250274658203,inf,0.5732404,1.8601393,1.002411,0.0,0.0,1.0,1.9464656114578247,1.5149295,-3.8627589,1.0001439,0.8,0.0,1.0,3.9283623695373535,-2.6440961,3.6923196,1.0017247,4.898587e-17,0.8,1.0,3.9187703132629395,-1.1110774,-0.53292394,0.99801797,-0.8,9.797174e-17,1.0,0.6170745491981506,-1.1647664,-1.0821401,0.9984818,-1.4695762e-16,-0.8,1.0,1.1984516382217407
560,-0.04053210839629173,0,2.329387903213501,inf,0.57481426,1.8675508,1.0024017,0.0,0.0,1.0,1.954012155532837,1.5121895,-3.8741448,1.000149,0.8,0.0,1.0,3.9390623569488525,-2.65122,3.7033617,1.0017271,4.898587e-17,0.8,1.0,3.931727409362793,-1.1136477,-0.53520596,0.9980202,-0.8,9.797174e-17,1.0,0.6203420162200928,-1.1678406,-1.0836481,0.99848837,-1.4695762e-16,-0.8,1.0,1.2017946243286133
561,-0.04066820070147514,0,2.33695650100708,inf,0.5763864,1.8749775,1.0023925,0.0,0.0,1.0,1.9615727663040161,1.5094285,-3.8855214,1.0001543,0.8,0.0,1.0,3.9497551918029785,-2.6583376,3.7144215,1.0017295,4.898587e-17,0.8,1.0,3.9446945190429688,-1.1162297,-0.53749466,0.99802256,-0.8,9.797174e-17,1.0,0.6236229538917542,-1.1709127,-1.0851631,0.99849486,-1.4695762e-16,-0.8,1.0,1.2051377296447754
562,-0.04080481827259064,0,2.344531774520874,inf,0.5779566,1.8824195,1.0023836,0.0,0.0,1.0,1.9691476821899414,1.5066466,-3.896889,1.0001595,0.8,0.0,1.0,3.9604411125183105,-2.665449,3.725499,1.0017319,4.898587e-17,0.8,1.0,3.957671642303467,-1.1188234,-0.5397901,0.99802506,-0.8,9.797174e-17,1.0,0.6269175410270691,-1.1739829,-1.0866852,0.9985013,-1.4695762e-16,-0.8,1.0,1.208480954170227
563,-0.04094213992357254,0,2.3521132469177246,inf,0.5795251,1.8898765,1.002375,0.0,0.0,1.0,1.9767367839813232,1.5038441,-3.9082472,1.0001647,0.8,0.0,1.0,3.9711198806762695,-2.672554,3.7365942,1.001734,4.898587e-17,0.8,1.0,3.970659017562866,-1.1214286,-0.5420923,0.99802786,-0.8,9.797174e-17,1.0,0.6302255988121033,-1.1770508,-1.0882144,0.99850744,-1.4695762e-16,-0.8,1.0,1.2118244171142578
564,-0.041087884455919266,0,2.3597006797790527,inf,0.5810918,1.8973488,1.0023663,0.0,0.0,1.0,1.9843400716781616,1.5010211,-3.9195964,1.0001701,0.8,0.0,1.0,3.9817919731140137,-2.6796525,3.747707,1.0017362,4.898587e-17,0.8,1.0,3.983656167984009,-1.1240456,-0.54440147,0.9980305,-0.8,9.797174e-17,1.0,0.6335474848747253,-1.1801168,-1.0897505,0.9985134,-1.4695762e-16,-0.8,1.0,1.2151679992675781
565,-0.04123470559716225,0,2.3672943115234375,inf,0.5826567,1.904836,1.0023577,0.0,0.0,1.0,1.9919575452804565,1.4981776,-3.9309359,1.0001756,0.8,0.0,1.0,3.9924564361572266,-2.6867445,3.758837,1.0017383,4.898587e-17,0.8,1.0,3.9966630935668945,-1.1266742,-0.5467176,0.99803305,-0.8,9.797174e-17,1.0,0.636883020401001,-1.1831807,-1.0912938,0.9985194,-1.4695762e-16,-0.8,1.0,1.218511700630188
566,-0.04138196259737015,0,2.3748939037323,inf,0.5842197,1.9123386,1.0023489,0.0,0.0,1.0,1.999589204788208,1.4953138,-3.9422662,1.000181,0.8,0.0,1.0,4.003114223480225,-2.6938298,3.7699845,1.0017403,4.898587e-17,0.8,1.0,4.009679317474365,-1.1293145,-0.5490407,0.99803567,-0.8,9.797174e-17,1.0,0.6402324438095093,-1.1862423,-1.092844,0.99852544,-1.4695762e-16,-0.8,1.0,1.2218554019927979
567,-0.041534703224897385,0,2.382500171661377,inf,0.5857809,1.9198562,1.0023402,0.0,0.0,1.0,2.007235050201416,1.4924291,-3.9535868,1.0001862,0.8,0.0,1.0,4.01376485824585,-2.7009087,3.7811494,1.0017424,4.898587e-17,0.8,1.0,4.022706031799316,-1.1319664,-0.55137086,0.99803835,-0.8,9.797174e-17,1.0,0.6435956358909607,-1.189302,-1.0944014,0.9985315,-1.4695762e-16,-0.8,1.0,1.2251993417739868
568,-0.04168790578842163,0,2.3901124000549316,inf,0.58734024,1.927389,1.0023316,0.0,0.0,1.0,2.014894962310791,1.4895241,-3.9648983,1.0001913,0.8,0.0,1.0,4.024408340454102,-2.7079809,3.7923315,1.0017445,4.898587e-17,0.8,1.0,4.035741806030273,-1.13463,-0.55370826,0.99804115,-0.8,9.797174e-17,1.0,0.6469728350639343,-1.1923594,-1.0959656,0.99853754,-1.4695762e-16,-0.8,1.0,1.2285434007644653
569,-0.04184035584330559,0,2.397730588912964,inf,0.5888977,1.934937,1.0023232,0.0,0.0,1.0,2.022569417953491,1.4865985,-3.9762003,1.0001965,0.8,0.0,1.0,4.035045146942139,-2.7150464,3.803531,1.0017465,4.898587e-17,0.8,1.0,4.048787593841553,-1.1373054,-0.5560529,0.9980442,-0.8,9.797174e-17,1.0,0.6503641605377197,-1.1954147,-1.0975369,0.9985434,-1.4695762e-16,-0.8,1.0,1.2318873405456543
570,-0.0419933944940567,0,2.4053549766540527,inf,0.5904533,1.9425001,1.0023148,0.0,0.0,1.0,2.0302579402923584,1.4836527,-3.9874935,1.0002017,0.8,0.0,1.0,4.045674800872803,-2.722105,3.8147473,1.0017484,4.898587e-17,0.8,1.0,4.06184196472168,-1.1399925,-0.5584048,0.99804735,-0.8,9.797174e-17,1.0,0.6537695527076721,-1.1984677,-1.099115,0.99854916,-1.4695762e-16,-0.8,1.0,1.2352315187454224
571,-0.042146600782871246,0,2.4129860401153564,inf,0.5920071,1.9500785,1.0023068,0.0,0.0,1.0,2.0379605293273926,1.4806867,-3.9987774,1.000207,0.8,0.0,1.0,4.05629825592041,-2.7291567,3.825981,1.0017502,4.898587e-17,0.8,1.0,4.074906349182129,-1.1426911,-0.5607641,0.99805075,-0.8,9.797174e-17,1.0,0.6571889519691467,-1.2015185,-1.1007001,0.99855465,-1.4695762e-16,-0.8,1.0,1.2385755777359009
572,-0.042301323264837265,0,2.4206225872039795,inf,0.59355897,1.9576718,1.0022988,0.0,0.0,1.0,2.045677423477173,1.4777008,-4.0100517,1.0002124,0.8,0.0,1.0,4.0669145584106445,-2.7362018,3.8372316,1.001752,4.898587e-17,0.8,1.0,4.087979793548584,-1.1454016,-0.56313086,0.998054,-0.8,9.797174e-17,1.0,0.6606227159500122,-1.2045671,-1.102292,0.99856,-1.4695762e-16,-0.8,1.0,1.2419196367263794
573,-0.04245442524552345,0,2.4282660484313965,inf,0.59510905,1.9652802,1.0022908,0.0,0.0,1.0,2.05340838432312,1.474695,-4.021317,1.0002179,0.8,0.0,1.0,4.077524185180664,-2.7432396,3.848499,1.0017537,4.898587e-17,0.8,1.0,4.101062774658203,-1.1481237,-0.56550515,0.99805737,-0.8,9.797174e-17,1.0,0.6640707850456238,-1.2076133,-1.1038905,0.9985653,-1.4695762e-16,-0.8,1.0,1.2452635765075684
574,-0.042609043419361115,0,2.4359147548675537,inf,0.5966572,1.9729033,1.0022827,0.0,0.0,1.0,2.0611531734466553,1.4716692,-4.0325723,1.0002233,0.8,0.0,1.0,4.0881266593933105,-2.7502704,3.8597834,1.0017554,4.898587e-17,0.8,1.0,4.11415433883667,-1.1508576,-0.567887,0.99806064,-0.8,9.797174e-17,1.0,0.6675330996513367,-1.2106575,-1.1054959,0.99857074,-1.4695762e-16,-0.8,1.0,1.2486077547073364
575,-0.042762886732816696,0,2.443570375442505,inf,0.5982036,1.9805413,1.0022749,0.0,0.0,1.0,2.0689120292663574,1.4686234,-4.0438185,1.0002285,0.8,0.0,1.0,4.098722457885742,-2.7572942,3.8710845,1.0017569,4.898587e-17,0.8,1.0,4.127254962921143,-1.1536031,-0.57027644,0.9980641,-0.8,9.797174e-17,1.0,0.6710097193717957,-1.2136993,-1.1071081,0.99857605,-1.4695762e-16,-0.8,1.0,1.2519519329071045
576,-0.04291732236742973,0,2.4512314796447754,inf,0.59974813,1.9881942,1.0022671,0.0,0.0,1.0,2.0766847133636475,1.4655575,-4.055055,1.0002337,0.8,0.0,1.0,4.109311103820801,-2.7643108,3.8824024,1.0017586,4.898587e-17,0.8,1.0,4.140365123748779,-1.1563604,-0.57267374,0.9980676,-0.8,9.797174e-17,1.0,0.6745010614395142,-1.216739,-1.1087267,0.99858123,-1.4695762e-16,-0.8,1.0,1.2552961111068726
577,-0.04307052865624428,0,2.4588992595672607,inf,0.6012908,1.9958619,1.0022595,0.0,0.0,1.0,2.0844712257385254,1.4624717,-4.0662827,1.0002388,0.8,0.0,1.0,4.119893550872803,-2.7713203,3.8937368,1.0017601,4.898587e-17,0.8,1.0,4.153483867645264,-1.1591294,-0.5750788,0.9980712,-0.8,9.797174e-17,1.0,0.6780068278312683,-1.2197766,-1.1103522,0.99858624,-1.4695762e-16,-0.8,1.0,1.2586404085159302
578,-0.043224796652793884,0,2.4665729999542236,inf,0.60283154,2.0035446,1.002252,0.0,0.0,1.0,2.0922720432281494,1.4593662,-4.077501,1.000244,0.8,0.0,1.0,4.13046932220459,-2.7783225,3.905088,1.0017616,4.898587e-17,0.8,1.0,4.166611671447754,-1.16191,-0.57749164,0.998075,-0.8,9.797174e-17,1.0,0.6815270781517029,-1.222812,-1.1119839,0.9985911,-1.4695762e-16,-0.8,1.0,1.2619845867156982
579,-0.04337877407670021,0,2.4742531776428223,inf,0.6043705,2.0112422,1.0022447,0.0,0.0,1.0,2.1000866889953613,1.4562411,-4.08871,1.0002493,0.8,0.0,1.0,4.141038417816162,-2.7853174,3.9164555,1.0017629,4.898587e-17,0.8,1.0,4.179748058319092,-1.1647025,-0.5799125,0.998079,-0.8,9.797174e-17,1.0,0.6850621104240417,-1.2258455,-1.1136223,0.9985957,-1.4695762e-16,-0.8,1.0,1.2653292417526245
580,-0.043534696102142334,0,2.4819390773773193,inf,0.60590756,2.0189543,1.0022376,0.0,0.0,1.0,2.107914924621582,1.4530966,-4.09991,1.0002548,0.8,0.0,1.0,4.151601791381836,-2.7923048,3.9278395,1.0017642,4.898587e-17,0.8,1.0,4.192893028259277,-1.1675066,-0.5823414,0.99808294,-0.8,9.797174e-17,1.0,0.6886118054389954,-1.2288768,-1.115267,0.99860024,-1.4695762e-16,-0.8,1.0,1.2686738967895508
581,-0.04368894174695015,0,2.489631175994873,inf,0.60744274,2.0266812,1.0022303,0.0,0.0,1.0,2.1157569885253906,1.4499328,-4.1110997,1.0002601,0.8,0.0,1.0,4.16215705871582,-2.799285,3.9392397,1.0017655,4.898587e-17,0.8,1.0,4.2060465812683105,-1.1703224,-0.5847783,0.99808675,-0.8,9.797174e-17,1.0,0.6921762824058533,-1.231906,-1.1169181,0.9986047,-1.4695762e-16,-0.8,1.0,1.2720186710357666
582,-0.04384422302246094,0,2.4973294734954834,inf,0.6089761,2.0344226,1.002223,0.0,0.0,1.0,2.123613119125366,1.4467494,-4.1222806,1.0002655,0.8,0.0,1.0,4.172706604003906,-2.8062575,3.9506564,1.0017666,4.898587e-17,0.8,1.0,4.219208717346191,-1.1731501,-0.58722335,0.9980907,-0.8,9.797174e-17,1.0,0.6957556009292603,-1.2349334,-1.1185756,0.9986093,-1.4695762e-16,-0.8,1.0,1.275363802909851
583,-0.04399828612804413,0,2.5050339698791504,inf,0.6105076,2.0421786,1.0022157,0.0,0.0,1.0,2.1314826011657715,1.4435468,-4.133452,1.0002706,0.8,0.0,1.0,4.183249473571777,-2.8132224,3.9620893,1.0017679,4.898587e-17,0.8,1.0,4.232378959655762,-1.1759893,-0.58967644,0.99809456,-0.8,9.797174e-17,1.0,0.699349582195282,-1.2379588,-1.1202394,0.9986139,-1.4695762e-16,-0.8,1.0,1.2787091732025146
584,-0.04415338858962059,0,2.512744426727295,inf,0.61203724,2.0499492,1.0022088,0.0,0.0,1.0,2.1393659114837646,1.4403244,-4.1446137,1.0002756,0.8,0.0,1.0,4.193785667419434,-2.8201797,3.9735384,1.001769,4.898587e-17,0.8,1.0,4.245558261871338,-1.1788398,-0.59213775,0.99809855,-0.8,9.797174e-17,1.0,0.7029582858085632,-1.2409822,-1.1219093,0.99861825,-1.4695762e-16,-0.8,1.0,1.2820546627044678
585,-0.044308070093393326,0,2.520461082458496,inf,0.6135651,2.0577343,1.0022019,0.0,0.0,1.0,2.1472628116607666,1.4370828,-4.155766,1.0002806,0.8,0.0,1.0,4.204315185546875,-2.8271296,3.9850037,1.0017701,4.898587e-17,0.8,1.0,4.2587456703186035,-1.1817018,-0.5946074,0.99810266,-0.8,9.797174e-17,1.0,0.7065817713737488,-1.2440037,-1.1235855,0.99862236,-1.4695762e-16,-0.8,1.0,1.2854005098342896
586,-0.044463783502578735,0,2.528183937072754,inf,0.61509097,2.0655339,1.0021952,0.0,0.0,1.0,2.1551733016967773,1.4338219,-4.166909,1.0002857,0.8,0.0,1.0,4.21483850479126,-2.8340714,3.9964848,1.0017712,4.898587e-17,0.8,1.0,4.2719407081604,-1.1845751,-0.5970854,0.99810684,-0.8,9.797174e-17,1.0,0.7102200388908386,-1.2470232,-1.1252677,0.99862635,-1.4695762e-16,-0.8,1.0,1.2887465953826904
587,-0.04461919888854027,0,2.5359129905700684,inf,0.61661506,2.073348,1.0021887,0.0,0.0,1.0,2.163097620010376,1.4305421,-4.1780434,1.000291,0.8,0.0,1.0,4.225355625152588,-2.8410058,4.007982,1.0017722,4.898587e-17,0.8,1.0,4.285144805908203,-1.1874598,-0.59957194,0.99811125,-0.8,9.797174e-17,1.0,0.7138733863830566,-1.250041,-1.1269561,0.9986302,-1.4695762e-16,-0.8,1.0,1.2920931577682495
588,-0.04477565735578537,0,2.5436477661132812,inf,0.61813724,2.0811765,1.002182,0.0,0.0,1.0,2.1710352897644043,1.4272434,-4.189168,1.0002962,0.8,0.0,1.0,4.235866069793701,-2.847932,4.019495,1.0017731,4.898587e-17,0.8,1.0,4.298356533050537,-1.1903561,-0.6020668,0.99811554,-0.8,9.797174e-17,1.0,0.7175415754318237,-1.253057,-1.1286504,0.99863404,-1.4695762e-16,-0.8,1.0,1.2954399585723877
589,-0.04493087902665138,0,2.551389217376709,inf,0.6196576,2.0890195,1.0021755,0.0,0.0,1.0,2.1789867877960205,1.4239258,-4.2002835,1.0003016,0.8,0.0,1.0,4.246370792388916,-2.8548505,4.0310235,1.001774,4.898587e-17,0.8,1.0,4.311575889587402,-1.1932639,-0.60457,0.9981199,-0.8,9.797174e-17,1.0,0.7212245464324951,-1.2560711,-1.1303507,0.9986379,-1.4695762e-16,-0.8,1.0,1.2987871170043945
590,-0.04508713632822037,0,2.559135913848877,inf,0.62117606,2.0968769,1.0021688,0.0,0.0,1.0,2.1869513988494873,1.4205893,-4.211389,1.0003067,0.8,0.0,1.0,4.256868362426758,-2.861761,4.042568,1.0017749,4.898587e-17,0.8,1.0,4.324803829193115,-1.196183,-0.60708123,0.9981241,-0.8,9.797174e-17,1.0,0.7249221205711365,-1.2590834,-1.132057,0.9986418,-1.4695762e-16,-0.8,1.0,1.30213463306427
591,-0.04524217173457146,0,2.5668892860412598,inf,0.62269264,2.1047485,1.0021623,0.0,0.0,1.0,2.194929838180542,1.4172338,-4.222485,1.0003119,0.8,0.0,1.0,4.267359733581543,-2.8686638,4.0541286,1.0017757,4.898587e-17,0.8,1.0,4.338039875030518,-1.1991132,-0.60960066,0.9981285,-0.8,9.797174e-17,1.0,0.728634238243103,-1.262094,-1.1337692,0.99864566,-1.4695762e-16,-0.8,1.0,1.3054826259613037
592,-0.045398224145174026,0,2.574648380279541,inf,0.6242074,2.1126344,1.002156,0.0,0.0,1.0,2.2029216289520264,1.4138595,-4.233572,1.0003167,0.8,0.0,1.0,4.2778449058532715,-2.8755581,4.0657043,1.0017767,4.898587e-17,0.8,1.0,4.351283073425293,-1.2020546,-0.6121283,0.9981329,-0.8,9.797174e-17,1.0,0.7323608994483948,-1.265103,-1.1354871,0.9986493,-1.4695762e-16,-0.8,1.0,1.3088310956954956
593,-0.04555397108197212,0,2.5824131965637207,inf,0.62572026,2.1205347,1.0021498,0.0,0.0,1.0,2.2109270095825195,1.4104663,-4.2446494,1.0003215,0.8,0.0,1.0,4.288323402404785,-2.8824446,4.077296,1.0017776,4.898587e-17,0.8,1.0,4.3645339012146,-1.2050068,-0.6146643,0.99813724,-0.8,9.797174e-17,1.0,0.7361020445823669,-1.2681102,-1.1372107,0.99865276,-1.4695762e-16,-0.8,1.0,1.3121799230575562
594,-0.04571074619889259,0,2.590184211730957,inf,0.62723124,2.1284492,1.0021437,0.0,0.0,1.0,2.2189457416534424,1.4070544,-4.2557173,1.0003265,0.8,0.0,1.0,4.298795700073242,-2.8893228,4.0889025,1.0017785,4.898587e-17,0.8,1.0,4.377792835235596,-1.2079701,-0.6172088,0.99814177,-0.8,9.797174e-17,1.0,0.7398579120635986,-1.2711157,-1.1389401,0.9986561,-1.4695762e-16,-0.8,1.0,1.315529227256775
595,-0.045867353677749634,0,2.59796142578125,inf,0.6287404,2.1363778,1.0021378,0.0,0.0,1.0,2.226977586746216,1.403624,-4.2667766,1.0003315,0.8,0.0,1.0,4.309262752532959,-2.8961928,4.100525,1.0017792,4.898587e-17,0.8,1.0,4.391059398651123,-1.2109445,-0.61976177,0.99814636,-0.8,9.797174e-17,1.0,0.7436286211013794,-1.2741196,-1.1406752,0.99865943,-1.4695762e-16,-0.8,1.0,1.3188791275024414
596,-0.04602498933672905,0,2.6057443618774414,inf,0.6302477,2.1443205,1.0021318,0.0,0.0,1.0,2.235023021697998,1.4001753,-4.277826,1.0003365,0.8,0.0,1.0,4.319722652435303,-2.9030545,4.1121626,1.00178,4.898587e-17,0.8,1.0,4.404333114624023,-1.21393,-0.62232316,0.99815094,-0.8,9.797174e-17,1.0,0.7474139332771301,-1.2771219,-1.1424159,0.9986627,-1.4695762e-16,-0.8,1.0,1.3222295045852661
597,-0.046181391924619675,0,2.6135334968566895,inf,0.6317532,2.1522775,1.0021259,0.0,0.0,1.0,2.243081569671631,1.3967083,-4.288866,1.0003417,0.8,0.0,1.0,4.330176830291748,-2.9099078,4.123815,1.0017807,4.898587e-17,0.8,1.0,4.417613983154297,-1.2169266,-0.62489283,0.99815553,-0.8,9.797174e-17,1.0,0.751213788986206,-1.2801226,-1.1441622,0.998666,-1.4695762e-16,-0.8,1.0,1.325580358505249
598,-0.04633883386850357,0,2.621328115463257,inf,0.633257,2.1602485,1.00212,0.0,0.0,1.0,2.2511534690856934,1.3932229,-4.2998967,1.0003467,0.8,0.0,1.0,4.340624809265137,-2.9167528,4.1354833,1.0017815,4.898587e-17,0.8,1.0,4.43090295791626,-1.2199341,-0.62747073,0.9981601,-0.8,9.797174e-17,1.0,0.7550281882286072,-1.2831218,-1.1459138,0.9986693,-1.4695762e-16,-0.8,1.0,1.3289318084716797
599,-0.046495020389556885,0,2.629128932952881,inf,0.6347591,2.1682336,1.0021142,0.0,0.0,1.0,2.2592389583587646,1.3897191,-4.3109174,1.0003514,0.8,0.0,1.0,4.3510661125183105,-2.9235895,4.1471663,1.0017823,4.898587e-17,0.8,1.0,4.4441986083984375,-1.2229525,-0.6300568,0.99816465,-0.8,9.797174e-17,1.0,0.7588568925857544,-1.2861195,-1.1476711,0.99867266,-1.4695762e-16,-0.8,1.0,1.332283854484558
600,-0.04665224626660347,0,2.6369357109069824,inf,0.63625956,2.1762328,1.0021085,0.0,0.0,1.0,2.2673375606536865,1.3861969,-4.321929,1.0003561,0.8,0.0,1.0,4.361501693725586,-2.9304175,4.1588645,1.0017831,4.898587e-17,0.8,1.0,4.4575018882751465,-1.2259815,-0.63265115,0.99816924,-0.8,9.797174e-17,1.0,0.7626997828483582,-1.2891155,-1.1494337,0.9986758,-1.4695762e-16,-0.8,1.0,1.3356363773345947
601,-0.046809181571006775,0,2.644747734069824,inf,0.6377584,2.1842458,1.0021029,0.0,0.0,1.0,2.275449514389038,1.3826565,-4.332931,1.0003606,0.8,0.0,1.0,4.3719305992126465,-2.937237,4.1705775,1.001784,4.898587e-17,0.8,1.0,4.47081184387207,-1.2290211,-0.63525385,0.99817383,-0.8,9.797174e-17,1.0,0.7665570974349976,-1.2921102,-1.1512017,0.99867886,-1.4695762e-16,-0.8,1.0,1.3389896154403687
602,-0.046967145055532455,0,2.6525659561157227,inf,0.63925564,2.1922731,1.0020974,0.0,0.0,1.0,2.2835748195648193,1.3790977,-4.343924,1.0003654,0.8,0.0,1.0,4.382354259490967,-2.944048,4.182306,1.0017848,4.898587e-17,0.8,1.0,4.484129428863525,-1.2320713,-0.6378651,0.99817854,-0.8,9.797174e-17,1.0,0.7704289555549622,-1.2951034,-1.152975,0.9986818,-1.4695762e-16,-0.8,1.0,1.3423434495925903
603,-0.04712481051683426,0,2.6603903770446777,inf,0.64075136,2.200314,1.002092,0.0,0.0,1.0,2.291712999343872,1.3755211,-4.354908,1.0003701,0.8,0.0,1.0,4.392772197723389,-2.9508502,4.194049,1.0017855,4.898587e-17,0.8,1.0,4.497453689575195,-1.2351321,-0.64048487,0.9981833,-0.8,9.797174e-17,1.0,0.7743152379989624,-1.2980952,-1.1547536,0.99868476,-1.4695762e-16,-0.8,1.0,1.3456979990005493
604,-0.047283485531806946,0,2.6682205200195312,inf,0.64224565,2.2083693,1.0020866,0.0,0.0,1.0,2.2998650074005127,1.3719267,-4.365882,1.0003752,0.8,0.0,1.0,4.403183460235596,-2.9576437,4.2058063,1.0017864,4.898587e-17,0.8,1.0,4.51078462600708,-1.2382038,-0.64311314,0.9981881,-0.8,9.797174e-17,1.0,0.7782161235809326,-1.3010856,-1.1565373,0.9986877,-1.4695762e-16,-0.8,1.0,1.349053144454956
605,-0.04744093492627144,0,2.676056385040283,inf,0.64373845,2.216438,1.0020813,0.0,0.0,1.0,2.3080296516418457,1.3683145,-4.376847,1.0003799,0.8,0.0,1.0,4.413589000701904,-2.9644287,4.217579,1.0017871,4.898587e-17,0.8,1.0,4.524122714996338,-1.241286,-0.6457497,0.9981929,-0.8,9.797174e-17,1.0,0.7821312546730042,-1.3040745,-1.1583261,0.99869066,-1.4695762e-16,-0.8,1.0,1.3524088859558105
606,-0.04759940132498741,0,2.6838979721069336,inf,0.6452299,2.224521,1.002076,0.0,0.0,1.0,2.3162078857421875,1.3646845,-4.387802,1.0003848,0.8,0.0,1.0,4.4239888191223145,-2.9712045,4.229366,1.0017878,4.898587e-17,0.8,1.0,4.5374674797058105,-1.244379,-0.64839447,0.9981977,-0.8,9.797174e-17,1.0,0.786060631275177,-1.307062,-1.1601202,0.9986937,-1.4695762e-16,-0.8,1.0,1.3557652235031128
607,-0.04775707423686981,0,2.6917452812194824,inf,0.64672,2.2326176,1.0020707,0.0,0.0,1.0,2.324399471282959,1.3610365,-4.398748,1.0003893,0.8,0.0,1.0,4.434382438659668,-2.9779718,4.2411675,1.0017886,4.898587e-17,0.8,1.0,4.550818920135498,-1.2474824,-0.65104747,0.99820244,-0.8,9.797174e-17,1.0,0.7900041341781616,-1.3100482,-1.1619194,0.99869674,-1.4695762e-16,-0.8,1.0,1.359122395515442
608,-0.04791489243507385,0,2.6995983123779297,inf,0.64820874,2.2407281,1.0020657,0.0,0.0,1.0,2.332603931427002,1.3573706,-4.4096837,1.000394,0.8,0.0,1.0,4.444768905639648,-2.98473,4.2529836,1.0017895,4.898587e-17,0.8,1.0,4.5641770362854,-1.250596,-0.6537088,0.9982073,-0.8,9.797174e-17,1.0,0.7939617037773132,-1.3130331,-1.1637233,0.99869967,-1.4695762e-16,-0.8,1.0,1.3624801635742188
609,-0.04807282239198685,0,2.7074573040008545,inf,0.64969623,2.2488525,1.0020605,0.0,0.0,1.0,2.3408217430114746,1.353687,-4.420611,1.0003985,0.8,0.0,1.0,4.455151081085205,-2.9914796,4.264814,1.0017904,4.898587e-17,0.8,1.0,4.577541828155518,-1.2537198,-0.6563785,0.998212,-0.8,9.797174e-17,1.0,0.7979333400726318,-1.3160166,-1.1655325,0.9987024,-1.4695762e-16,-0.8,1.0,1.365838646888733
610,-0.048231784254312515,0,2.7153220176696777,inf,0.65118253,2.2569904,1.0020555,0.0,0.0,1.0,2.349052667617798,1.3499858,-4.4315286,1.000403,0.8,0.0,1.0,4.465526580810547,-2.9982204,4.2766585,1.0017912,4.898587e-17,0.8,1.0,4.59091329574585,-1.2568538,-0.6590568,0.99821687,-0.8,9.797174e-17,1.0,0.8019192218780518,-1.3189988,-1.1673465,0.99870527,-1.4695762e-16,-0.8,1.0,1.369197964668274
611,-0.04839044436812401,0,2.7231924533843994,inf,0.65266764,2.2651422,1.0020506,0.0,0.0,1.0,2.357296943664551,1.3462672,-4.4424367,1.0004077,0.8,0.0,1.0,4.475896835327148,-3.0049524,4.2885175,1.0017922,4.898587e-17,0.8,1.0,4.604290962219238,-1.2599981,-0.6617436,0.9982219,-0.8,9.797174e-17,1.0,0.805919349193573,-1.3219798,-1.1691654,0.9987081,-1.4695762e-16,-0.8,1.0,1.3725578784942627
612,-0.048550140112638474,0,2.7310683727264404,inf,0.6541516,2.2733078,1.0020456,0.0,0.0,1.0,2.3655543327331543,1.3425312,-4.453336,1.0004125,0.8,0.0,1.0,4.486261367797852,-3.0116754,4.3003902,1.0017931,4.898587e-17,0.8,1.0,4.617675304412842,-1.2631528,-0.6644389,0.9982268,-0.8,9.797174e-17,1.0,0.8099337816238403,-1.3249593,-1.170989,0.99871093,-1.4695762e-16,-0.8,1.0,1.3759185075759888
613,-0.04870887100696564,0,2.738950490951538,inf,0.65563446,2.281487,1.0020407,0.0,0.0,1.0,2.3738245964050293,1.338778,-4.4642253,1.0004172,0.8,0.0,1.0,4.496619701385498,-3.0183895,4.3122773,1.001794,4.898587e-17,0.8,1.0,4.631065845489502,-1.2663178,-0.6671426,0.9982319,-0.8,9.797174e-17,1.0,0.8139623403549194,-1.3279377,-1.1728175,0.9987139,-1.4695762e-16,-0.8,1.0,1.3792799711227417
614,-0.04886866360902786,0,2.746837854385376,inf,0.6571163,2.2896798,1.0020359,0.0,0.0,1.0,2.382108211517334,1.3350075,-4.4751053,1.0004219,0.8,0.0,1.0,4.506972312927246,-3.0250943,4.324178,1.0017949,4.898587e-17,0.8,1.0,4.644462585449219,-1.2694931,-0.6698545,0.99823695,-0.8,9.797174e-17,1.0,0.818004846572876,-1.3309149,-1.1746508,0.9987169,-1.4695762e-16,-0.8,1.0,1.382642149925232
615,-0.04902813211083412,0,2.7547314167022705,inf,0.6585971,2.2978861,1.002031,0.0,0.0,1.0,2.39040470123291,1.3312197,-4.4859757,1.0004263,0.8,0.0,1.0,4.517319202423096,-3.0317903,4.336093,1.0017958,4.898587e-17,0.8,1.0,4.657865524291992,-1.2726784,-0.6725747,0.99824196,-0.8,9.797174e-17,1.0,0.8220612406730652,-1.3338907,-1.1764888,0.9987199,-1.4695762e-16,-0.8,1.0,1.38600492477417
616,-0.04918818548321724,0,2.762629985809326,inf,0.660077,2.3061063,1.0020262,0.0,0.0,1.0,2.398714780807495,1.3274143,-4.4968367,1.0004307,0.8,0.0,1.0,4.527660369873047,-3.038477,4.3480215,1.0017968,4.898587e-17,0.8,1.0,4.671274185180664,-1.2758735,-0.67530316,0.9982469,-0.8,9.797174e-17,1.0,0.8261314034461975,-1.3368653,-1.1783315,0.99872285,-1.4695762e-16,-0.8,1.0,1.3893686532974243
617,-0.0493478961288929,0,2.770534038543701,inf,0.66155595,2.3143399,1.0020216,0.0,0.0,1.0,2.4070374965667725,1.3235914,-4.5076885,1.0004349,0.8,0.0,1.0,4.537995338439941,-3.0451548,4.359964,1.0017978,4.898587e-17,0.8,1.0,4.684689521789551,-1.2790786,-0.6780401,0.998252,-0.8,9.797174e-17,1.0,0.8302154541015625,-1.3398386,-1.180179,0.99872583,-1.4695762e-16,-0.8,1.0,1.3927329778671265
618,-0.049508191645145416,0,2.778444290161133,inf,0.66303396,2.322587,1.0020168,0.0,0.0,1.0,2.4153733253479004,1.3197509,-4.5185313,1.0004392,0.8,0.0,1.0,4.548325538635254,-3.0518231,4.37192,1.0017989,4.898587e-17,0.8,1.0,4.698110580444336,-1.2822933,-0.68078554,0.99825686,-0.8,9.797174e-17,1.0,0.8343133926391602,-1.3428104,-1.1820314,0.99872863,-1.4695762e-16,-0.8,1.0,1.3960978984832764
619,-0.049668148159980774,0,2.786360025405884,inf,0.6645112,2.3308477,1.0020123,0.0,0.0,1.0,2.423722267150879,1.315893,-4.529365,1.0004435,0.8,0.0,1.0,4.558650493621826,-3.0584824,4.3838897,1.0018,4.898587e-17,0.8,1.0,4.7115373611450195,-1.285518,-0.6835396,0.99826205,-0.8,9.797174e-17,1.0,0.8384254574775696,-1.3457808,-1.1838886,0.9987316,-1.4695762e-16,-0.8,1.0,1.3994635343551636
620,-0.04982822388410568,0,2.794281244277954,inf,0.6659876,2.3391218,1.0020076,0.0,0.0,1.0,2.432084321975708,1.3120179,-4.54019,1.000448,0.8,0.0,1.0,4.568970203399658,-3.0651326,4.395873,1.0018011,4.898587e-17,0.8,1.0,4.72497034072876,-1.2887528,-0.6863022,0.99826723,-0.8,9.797174e-17,1.0,0.8425514101982117,-1.3487499,-1.1857505,0.9987345,-1.4695762e-16,-0.8,1.0,1.4028297662734985
621,-0.049987517297267914,0,2.802208423614502,inf,0.66746324,2.3474095,1.0020031,0.0,0.0,1.0,2.4404594898223877,1.3081257,-4.551007,1.0004524,0.8,0.0,1.0,4.579285144805908,-3.0717733,4.40787,1.0018022,4.898587e-17,0.8,1.0,4.738409042358398,-1.2919974,-0.68907315,0.9982726,-0.8,9.797174e-17,1.0,0.8466913104057312,-1.3517174,-1.1876173,0.9987374,-1.4695762e-16,-0.8,1.0,1.4061964750289917
622,-0.050148289650678635,0,2.810141086578369,inf,0.6689382,2.3557105,1.0019985,0.0,0.0,1.0,2.448847532272339,1.3042166,-4.5618143,1.0004569,0.8,0.0,1.0,4.589595317840576,-3.0784047,4.4198804,1.0018034,4.898587e-17,0.8,1.0,4.7518534660339355,-1.295252,-0.6918524,0.99827796,-0.8,9.797174e-17,1.0,0.8508449792861938,-1.3546834,-1.1894889,0.9987403,-1.4695762e-16,-0.8,1.0,1.4095638990402222
623,-0.05030827596783638,0,2.8180792331695557,inf,0.67041254,2.364025,1.001994,0.0,0.0,1.0,2.4572486877441406,1.3002907,-4.572613,1.0004615,0.8,0.0,1.0,4.599899768829346,-3.0850267,4.431904,1.0018046,4.898587e-17,0.8,1.0,4.765303611755371,-1.2985162,-0.69463986,0.99828345,-0.8,9.797174e-17,1.0,0.8550121784210205,-1.3576479,-1.1913654,0.99874336,-1.4695762e-16,-0.8,1.0,1.4129317998886108
624,-0.05046973377466202,0,2.8260226249694824,inf,0.67188615,2.3723528,1.0019896,0.0,0.0,1.0,2.465662717819214,1.2963477,-4.5834017,1.0004658,0.8,0.0,1.0,4.610198974609375,-3.0916395,4.4439406,1.0018058,4.898587e-17,0.8,1.0,4.778759479522705,-1.3017899,-0.6974356,0.9982888,-0.8,9.797174e-17,1.0,0.8591929078102112,-1.3606111,-1.1932465,0.9987463,-1.4695762e-16,-0.8,1.0,1.4163005352020264
625,-0.05062754452228546,0,2.833970785140991,inf,0.6733593,2.3806942,1.0019852,0.0,0.0,1.0,2.4740898609161377,1.292388,-4.594182,1.00047,0.8,0.0,1.0,4.620492935180664,-3.0982428,4.455991,1.001807,4.898587e-17,0.8,1.0,4.792220592498779,-1.3050712,-0.7002253,0.9982942,-0.8,9.797174e-17,1.0,0.8633744120597839,-1.3635746,-1.1951469,0.9987494,-1.4695762e-16,-0.8,1.0,1.419675588607788
626,-0.05078153684735298,0,2.8419229984283447,inf,0.6748318,2.3890486,1.0019815,0.0,0.0,1.0,2.482529878616333,1.288411,-4.6049533,1.0004735,0.8,0.0,1.0,4.630781650543213,-3.1048367,4.4680543,1.0018084,4.898587e-17,0.8,1.0,4.80568790435791,-1.3083605,-0.70301104,0.99830014,-0.8,9.797174e-17,1.0,0.867558479309082,-1.3665383,-1.197065,0.9987523,-1.4695762e-16,-0.8,1.0,1.4230562448501587
627,-0.050969548523426056,0,2.849879741668701,inf,0.67630386,2.3974166,1.0019789,0.0,0.0,1.0,2.490983247756958,1.2844169,-4.615716,1.0004762,0.8,0.0,1.0,4.641066074371338,-3.111421,4.4801307,1.0018106,4.898587e-17,0.8,1.0,4.819160461425781,-1.3116577,-0.7057963,0.9983062,-0.8,9.797174e-17,1.0,0.871748149394989,-1.3695016,-1.1989973,0.9987546,-1.4695762e-16,-0.8,1.0,1.4264414310455322
628,-0.051184650510549545,0,2.857842445373535,inf,0.67777544,2.4057982,1.0019773,0.0,0.0,1.0,2.4994494915008545,1.2804059,-4.62647,1.0004783,0.8,0.0,1.0,4.651345729827881,-3.1179962,4.4922204,1.0018137,4.898587e-17,0.8,1.0,4.832638740539551,-1.3149629,-0.7085863,0.9983116,-0.8,9.797174e-17,1.0,0.8759475350379944,-1.3724643,-1.2009393,0.9987557,-1.4695762e-16,-0.8,1.0,1.4298293590545654
629,-0.05141337215900421,0,2.8658106327056885,inf,0.6792466,2.414193,1.0019768,0.0,0.0,1.0,2.5079288482666016,1.2763778,-4.637216,1.0004791,0.8,0.0,1.0,4.66162109375,-3.1245618,4.5043235,1.0018173,4.898587e-17,0.8,1.0,4.846122741699219,-1.3182757,-0.7113877,0.99831635,-0.8,9.797174e-17,1.0,0.8801618814468384,-1.3754253,-1.2028849,0.9987557,-1.4695762e-16,-0.8,1.0,1.4332176446914673
630,-0.05165913328528404,0,2.8737852573394775,inf,0.68071735,2.4226015,1.0019772,0.0,0.0,1.0,2.5164215564727783,1.272333,-4.6479535,1.0004795,0.8,0.0,1.0,4.671891689300537,-3.1311183,4.5164394,1.0018222,4.898587e-17,0.8,1.0,4.859611988067627,-1.3215951,-0.7142089,0.99832,-0.8,9.797174e-17,1.0,0.8843972682952881,-1.3783832,-1.204827,0.9987545,-1.4695762e-16,-0.8,1.0,1.4366024732589722
631,-0.051921993494033813,0,2.8817663192749023,inf,0.68218774,2.4310234,1.0019777,0.0,0.0,1.0,2.5249273777008057,1.2682714,-4.658683,1.0004798,0.8,0.0,1.0,4.68215799331665,-3.1376653,4.5285687,1.0018281,4.898587e-17,0.8,1.0,4.873106956481934,-1.3249191,-0.71706,0.99832124,-0.8,9.797174e-17,1.0,0.888660728931427,-1.3813353,-1.2067562,0.9987518,-1.4695762e-16,-0.8,1.0,1.4399789571762085
632,-0.05220426246523857,0,2.8897547721862793,inf,0.6836577,2.4394586,1.0019785,0.0,0.0,1.0,2.5334463119506836,1.2641929,-4.6694036,1.0004798,0.8,0.0,1.0,4.69242000579834,-3.1442032,4.540711,1.0018338,4.898587e-17,0.8,1.0,4.886608123779297,-1.328244,-0.7199532,0.9983188,-0.8,9.797174e-17,1.0,0.892959713935852,-1.3842773,-1.2086626,0.99874604,-1.4695762e-16,-0.8,1.0,1.4433400630950928
633,-0.05250772461295128,0,2.897749423980713,inf,0.6851274,2.4479074,1.001979,0.0,0.0,1.0,2.541978359222412,1.2600976,-4.680116,1.0004793,0.8,0.0,1.0,4.7026777267456055,-3.1507316,4.552866,1.0018399,4.898587e-17,0.8,1.0,4.900114059448242,-1.3315631,-0.72290224,0.9983098,-0.8,9.797174e-17,1.0,0.897301435470581,-1.3872027,-1.2105347,0.99873513,-1.4695762e-16,-0.8,1.0,1.4466761350631714
634,-0.052834510803222656,0,2.905749797821045,inf,0.68659675,2.45637,1.00198,0.0,0.0,1.0,2.5505239963531494,1.2559854,-4.6908207,1.0004781,0.8,0.0,1.0,4.712931156158447,-3.157251,4.5650344,1.0018455,4.898587e-17,0.8,1.0,4.913626194000244,-1.3348663,-0.72592384,0.99829096,-0.8,9.797174e-17,1.0,0.9016929864883423,-1.3901013,-1.2123597,0.99871564,-1.4695762e-16,-0.8,1.0,1.449973702430725
635,-0.05318738520145416,0,2.9137520790100098,inf,0.6880658,2.4648464,1.0019816,0.0,0.0,1.0,2.5590829849243164,1.251856,-4.701517,1.0004765,0.8,0.0,1.0,4.723180770874023,-3.1637611,4.5772157,1.0018512,4.898587e-17,0.8,1.0,4.9271440505981445,-1.3381366,-0.72903645,0.99825686,-0.8,9.797174e-17,1.0,0.9061391353607178,-1.3929577,-1.2141236,0.9986829,-1.4695762e-16,-0.8,1.0,1.4532140493392944
636,-0.05356895923614502,0,2.9217519760131836,inf,0.6895346,2.4733362,1.001982,0.0,0.0,1.0,2.567655324935913,1.2477094,-4.712206,1.000475,0.8,0.0,1.0,4.733426570892334,-3.170262,4.58941,1.0018576,4.898587e-17,0.8,1.0,4.940667152404785,-1.3413476,-0.7322617,0.9982001,-0.8,9.797174e-17,1.0,0.9106413125991821,-1.3957474,-1.2158114,0.99863213,-1.4695762e-16,-0.8,1.0,1.456369400024414
637,-0.053978171199560165,0,2.9297401905059814,inf,0.6910032,2.48184,1.0019816,0.0,0.0,1.0,2.5762412548065186,1.243546,-4.722887,1.0004736,0.8,0.0,1.0,4.743669033050537,-3.1767545,4.6016173,1.0018642,4.898587e-17,0.8,1.0,4.954196929931641,-1.3444561,-0.73562354,0.9981103,-0.8,9.797174e-17,1.0,0.9151929020881653,-1.3984342,-1.2174104,0.99855334,-1.4695762e-16,-0.8,1.0,1.4594011306762695
638,-0.0543987862765789,0,2.937699794769287,inf,0.69247156,2.490357,1.0019798,0.0,0.0,1.0,2.5848400592803955,1.2393659,-4.733561,1.000472,0.8,0.0,1.0,4.753908157348633,-3.183238,4.6138372,1.0018696,4.898587e-17,0.8,1.0,4.9677324295043945,-1.3473941,-0.7391386,0.9979681,-0.8,9.797174e-17,1.0,0.9197664260864258,-1.40096,-1.2189132,0.9984334,-1.4695762e-16,-0.8,1.0,1.4622515439987183
639,-0.13469472527503967,1,2.9456019401550293,inf,0.0,0.0,1.0,0.0,0.0,1.0,0.0,0.8,0.0,1.0,0.8,0.0,1.0,0.0,4.898587e-17,0.8,1.0,4.898587e-17,0.8,1.0,0.0,-0.8,9.797174e-17,1.0,-0.8,9.797174e-17,1.0,0.0,-1.4695762e-16,-0.8,1.0,-1.4695762e-16,-0.8,1.0,0.0
640,-0.0023238614667207003,0,2.511739694455173e-05,inf,0.0,0.0,1.0000288,0.0,0.0,1.0,2.8848648071289062e-05,0.8,0.0,1.0000018,0.8,0.0,1.0,1.7881393432617188e-06,4.898587e-17,0.8,0.999974,4.898587e-17,0.8,1.0,2.5987625122070312e-05,-0.8,9.797174e-17,1.0000681,-0.8,9.797174e-17,1.0,6.80685043334961e-05,-1.4695762e-16,-0.8,0.9999991,-1.4695762e-16,-0.8,1.0,8.940696716308594e-07
641,-0.0023262992035597563,0,3.42493258358445e-05,inf,-7.5363474e-08,-7.535432e-08,1.0000519,0.0,0.0,1.0,5.1856150093954057e-05,0.79999995,-8.065184e-08,1.0000092,0.8,0.0,1.0,9.179662811220624e-06,8.856685e-08,0.79999995,0.999971,4.898587e-17,0.8,1.0,2.9027658456470817e-05,-0.79999995,-5.1456276e-08,1.0000782,-0.8,9.797174e-17,1.0,7.820133032510057e-05,-7.750692e-08,-0.79999995,0.999997,-1.4695762e-16,-0.8,1.0,2.981835677928757e-06
642,-0.0023299010936170816,0,5.2206993132131174e-05,inf,-2.2650764e-07,-3.7801266e-07,1.0000699,0.0,0.0,1.0,6.985803338466212e-05,0.79999965,-3.820321e-07,1.0000068,0.8,0.0,1.0,6.815050710429205e-06,2.4538323e-07,0.79999965,0.9999468,4.898587e-17,0.8,1.0,5.3228715842124075e-05,-0.79999965,-3.528587e-07,1.0000998,-0.8,9.797174e-17,1.0,9.977944137062877e-05,-2.2100328e-07,-0.7999998,0.99996865,-1.4695762e-16,-0.8,1.0,3.135372753604315e-05
643,-0.002334313467144966,0,6.159387703519315e-05,inf,-3.7763695e-07,-1.14733e-06,1.0000874,0.0,0.0,1.0,8.738876204006374e-05,0.799999,-1.0137135e-06,1.0000143,0.8,0.0,1.0,1.4376740182342473e-05,4.018834e-07,0.7999988,0.9999386,4.898587e-17,0.8,1.0,6.140566983958706e-05,-0.79999894,-1.0823683e-06,1.0001066,-0.8,9.797174e-17,1.0,0.00010658400424290448,-5.402934e-07,-0.7999995,0.9999618,-1.4695762e-16,-0.8,1.0,3.821416248683818e-05
644,-0.0023396164178848267,0,7.566834392491728e-05,inf,-3.7529486e-07,-2.5299312e-06,1.0001019,0.0,0.0,1.0,0.00010195602953899652,0.7999981,-2.0792713e-06,1.0000093,0.8,0.0,1.0,9.717005013953894e-06,4.180785e-07,0.7999973,0.9999125,4.898587e-17,0.8,1.0,8.75417172210291e-05,-0.7999974,-2.6164369e-06,1.0001187,-0.8,9.797174e-17,1.0,0.00011879023077199236,-1.0016992e-06,-0.799999,0.9999397,-1.4695762e-16,-0.8,1.0,6.033672616467811e-05
645,-0.002344591310247779,0,8.622977475170046e-05,inf,-1.3864488e-07,-4.6145005e-06,1.0001166,0.0,0.0,1.0,0.00011667804938042536,0.7999969,-3.89255e-06,1.0000154,0.8,0.0,1.0,1.6162961401278153e-05,1.4128864e-08,0.7999946,0.9998988,4.898587e-17,0.8,1.0,0.00010135392949450761,-0.7999947,-5.134163e-06,1.0001254,-0.8,9.797174e-17,1.0,0.00012562527263071388,-1.7125144e-06,-0.7999983,0.9999287,-1.4695762e-16,-0.8,1.0,7.132867176551372e-05
646,-0.002348823007196188,0,9.673428576206788e-05,inf,3.304315e-07,-7.5495664e-06,1.0001298,0.0,0.0,1.0,0.00013003866479266435,0.79999554,-6.5071727e-06,1.0000103,0.8,0.0,1.0,1.2939504813402891e-05,-1.0609198e-06,0.79999024,0.99987686,4.898587e-17,0.8,1.0,0.00012353512283880264,-0.79999065,-8.943018e-06,1.0001274,-0.8,9.797174e-17,1.0,0.00012809042527806014,-2.6482658e-06,-0.7999974,0.999911,-1.4695762e-16,-0.8,1.0,8.906774746719748e-05
647,-0.0023534621577709913,0,0.00010717417899286374,inf,9.549981e-07,-1.1414308e-05,1.0001421,0.0,0.0,1.0,0.0001425583759555593,0.799994,-1.0243629e-05,1.0000099,0.8,0.0,1.0,1.5461944713024423e-05,-3.1152015e-06,0.7999838,0.9998618,4.898587e-17,0.8,1.0,0.00013920558558311313,-0.7999847,-1.43032385e-05,1.0001281,-0.8,9.797174e-17,1.0,0.0001298524293815717,-3.738565e-06,-0.79999614,0.99989134,-1.4695762e-16,-0.8,1.0,0.00010879257024498656
648,-0.0023586309980601072,0,0.00011595252726692706,inf,1.7370241e-06,-1.6219383e-05,1.0001554,0.0,0.0,1.0,0.00015630242705810815,0.79999244,-1.5166348e-05,1.0000012,0.8,0.0,1.0,1.6992378732538782e-05,-6.416779e-06,0.7999751,0.99984574,4.898587e-17,0.8,1.0,0.000156387613969855,-0.7999765,-2.1435719e-05,1.0001192,-0.8,9.797174e-17,1.0,0.00012337687076069415,-4.987503e-06,-0.7999944,0.9998735,-1.4695762e-16,-0.8,1.0,0.00012670329306274652
649,-0.002363300183787942,0,0.00012596992019098252,inf,2.5949234e-06,-2.1853946e-05,1.0001634,0.0,0.0,1.0,0.0001649109908612445,0.79999113,-2.1567072e-05,0.99999255,0.8,0.0,1.0,2.4485168978571892e-05,-1.14317345e-05,0.79996365,0.99983656,4.898587e-17,0.8,1.0,0.00016782119928393513,-0.7999656,-3.068943e-05,1.0001109,-0.8,9.797174e-17,1.0,0.00012006502947770059,-6.4610185e-06,-0.7999922,0.99984777,-1.4695762e-16,-0.8,1.0,0.00015256725600920618
650,-0.002367950277402997,0,0.0001380410831188783,inf,3.5335652e-06,-2.821455e-05,1.0001779,0.0,0.0,1.0,0.00018011890642810613,0.79999024,-2.9524477e-05,0.99997586,0.8,0.0,1.0,3.936981374863535e-05,-1.8568027e-05,0.7999495,0.99982774,4.898587e-17,0.8,1.0,0.00018046092009171844,-0.7999517,-4.2150034e-05,1.0000976,-0.8,9.797174e-17,1.0,0.00011681355681503192,-8.178486e-06,-0.7999892,0.9998271,-1.4695762e-16,-0.8,1.0,0.00017344224033877254
651,-0.0023725428618490696,0,0.0001515343610662967,inf,4.4708518e-06,-3.502156e-05,1.0001853,0.0,0.0,1.0,0.00018858557450585067,0.79998994,-3.939362e-05,0.99996346,0.8,0.0,1.0,5.466558286570944e-05,-2.8460136e-05,0.79993254,0.9998247,4.898587e-17,0.8,1.0,0.0001899780036183074,-0.7999339,-5.6003035e-05,1.000087,-0.8,9.797174e-17,1.0,0.00012279543443582952,-1.0198159e-05,-0.7999855,0.99979913,-1.4695762e-16,-0.8,1.0,0.00020164721354376525
652,-0.0023776439484208822,0,0.00016905521624721587,inf,5.40446e-06,-4.1990388e-05,1.0002018,0.0,0.0,1.0,0.0002062140847556293,0.7999906,-5.1164792e-05,0.99994135,0.8,0.0,1.0,7.839937461540103e-05,-4.144919e-05,0.79991275,0.99981976,4.898587e-17,0.8,1.0,0.00020450088777579367,-0.79991215,-7.23257e-05,1.0000734,-0.8,9.797174e-17,1.0,0.00013543374370783567,-1.2717375e-05,-0.7999808,0.9997805,-1.4695762e-16,-0.8,1.0,0.0002207279612775892
653,-0.0023849981371313334,0,0.00018783802806865424,inf,6.4061196e-06,-4.88822e-05,1.0002095,0.0,0.0,1.0,0.00021517461573239416,0.7999926,-6.531608e-05,0.99992913,0.8,0.0,1.0,9.666107507655397e-05,-5.8229547e-05,0.7998902,0.99982005,4.898587e-17,0.8,1.0,0.00021869070769753307,-0.7998858,-9.132715e-05,1.0000653,-0.8,9.797174e-17,1.0,0.00016015753499232233,-1.5761396e-05,-0.7999752,0.99975324,-1.4695762e-16,-0.8,1.0,0.00024850619956851006
654,-0.0023915108758956194,0,0.00021169660612940788,inf,7.480764e-06,-5.5352175e-05,1.0002295,0.0,0.0,1.0,0.00023617774422746152,0.7999963,-8.167921e-05,0.9999036,0.8,0.0,1.0,0.0001263898448087275,-7.923679e-05,0.79986507,0.9998173,4.898587e-17,0.8,1.0,0.00024054852838162333,-0.7998548,-0.000112938294,1.000048,-0.8,9.797174e-17,1.0,0.00019011883705388755,-1.956431e-05,-0.7999683,0.9997374,-1.4695762e-16,-0.8,1.0,0.00026524803251959383
655,-0.002398882294073701,0,0.0002369629219174385,inf,8.687664e-06,-6.123819e-05,1.0002375,0.0,0.0,1.0,0.0002453878114465624,0.8000026,-0.00010089537,0.9998926,0.8,0.0,1.0,0.00014738667232450098,-0.00010523875,0.79983723,0.9998197,4.898587e-17,0.8,1.0,0.0002647303626872599,-0.79981834,-0.00013752333,1.000039,-0.8,9.797174e-17,1.0,0.00023116661759559065,-2.4092542e-05,-0.7999603,0.9997075,-1.4695762e-16,-0.8,1.0,0.0002961432619486004
656,-0.002404948929324746,0,0.00026792814605869353,inf,1.0210727e-05,-6.6109125e-05,1.0002588,0.0,0.0,1.0,0.0002673085546121001,0.8000114,-0.00012262544,0.9998652,0.8,0.0,1.0,0.00018260497017763555,-0.00013658838,0.799807,0.9998182,4.898587e-17,0.8,1.0,0.00029825232923030853,-0.7997767,-0.00016486486,1.0000161,-0.8,9.797174e-17,1.0,0.000278063933365047,-2.9648938e-05,-0.7999508,0.9996919,-1.4695762e-16,-0.8,1.0,0.00031341088470071554
657,-0.002411437686532736,0,0.00030090639484114945,inf,1.2074465e-05,-6.9885726e-05,1.0002683,0.0,0.0,1.0,0.00027755400515161455,0.8000239,-0.00014764848,0.9998538,0.8,0.0,1.0,0.00020916206995025277,-0.00017418047,0.7997745,0.9998233,4.898587e-17,0.8,1.0,0.0003352830826770514,-0.79972863,-0.0001954668,1.0000031,-0.8,9.797174e-17,1.0,0.0003344606957398355,-3.6129422e-05,-0.79993993,0.99965906,-1.4695762e-16,-0.8,1.0,0.00034807214979082346
658,-0.0024171913973987103,0,0.0003391200734768063,inf,1.4484902e-05,-7.208296e-05,1.000288,0.0,0.0,1.0,0.0002972462389152497,0.80003995,-0.00017567533,0.9998262,0.8,0.0,1.0,0.00025033089332282543,-0.00021823311,0.7997402,0.99982387,4.898587e-17,0.8,1.0,0.00038229930214583874,-0.79967487,-0.00022891049,0.99997675,-0.8,9.797174e-17,1.0,0.00039831968024373055,-4.3910797e-05,-0.7999273,0.99964255,-1.4695762e-16,-0.8,1.0,0.0003674041945487261
659,-0.0024230252020061016,0,0.00038085837149992585,inf,1.7454262e-05,-7.248404e-05,1.0003,0.0,0.0,1.0,0.0003091738326475024,0.80006063,-0.00020769089,0.99981165,0.8,0.0,1.0,0.00028685538563877344,-0.0002696995,0.7997044,0.9998301,4.898587e-17,0.8,1.0,0.0004347380599938333,-0.7996143,-0.00026551707,0.9999591,-0.8,9.797174e-17,1.0,0.0004700393183156848,-5.28358e-05,-0.79991317,0.99960953,-1.4695762e-16,-0.8,1.0,0.00040348523180000484
660,-0.002428027568385005,0,0.00042771283187903464,inf,2.1025096e-05,-7.060064e-05,1.0003192,0.0,0.0,1.0,0.0003276313073001802,0.800086,-0.00024342332,0.99978447,0.8,0.0,1.0,0.00033631219412200153,-0.00032864406,0.7996674,0.99983245,4.898587e-17,0.8,1.0,0.0004966871929354966,-0.7995475,-0.00030496955,0.99993217,-0.8,9.797174e-17,1.0,0.0005498912069015205,-6.329289e-05,-0.799897,0.9995894,-1.4695762e-16,-0.8,1.0,0.0004280422581359744
661,-0.002433495596051216,0,0.0004788282385561615,inf,2.5072812e-05,-6.620194e-05,1.000334,0.0,0.0,1.0,0.00034144349046982825,0.80011725,-0.0002838136,0.99976724,0.8,0.0,1.0,0.00038531978498212993,-0.00039605176,0.79962975,0.99984,4.898587e-17,0.8,1.0,0.0005652837571687996,-0.79947394,-0.00034744476,0.99991035,-0.8,9.797174e-17,1.0,0.0006367922760546207,-7.514584e-05,-0.7998791,0.999557,-1.4695762e-16,-0.8,1.0,0.00046530168037861586
662,-0.0024397429078817368,0,0.0005349955754354596,inf,2.9612342e-05,-5.8841113e-05,1.000353,0.0,0.0,1.0,0.00035907261190004647,0.8001543,-0.00032866315,0.9997409,0.8,0.0,1.0,0.0004460566851776093,-0.00047200735,0.7995918,0.9998448,4.898587e-17,0.8,1.0,0.000643066712655127,-0.79939383,-0.00039277767,0.999884,-0.8,9.797174e-17,1.0,0.0007315609254874289,-8.874944e-05,-0.799859,0.99953365,-1.4695762e-16,-0.8,1.0,0.0004952208255417645
663,-0.0024480882566422224,0,0.0005960025009699166,inf,3.469199e-05,-4.8239737e-05,1.0003698,0.0,0.0,1.0,0.0003745306166820228,0.8001984,-0.0003788129,0.99972117,0.8,0.0,1.0,0.0005104841548018157,-0.00055742357,0.7995541,0.9998535,4.898587e-17,0.8,1.0,0.0007287075277417898,-0.79930687,-0.00044100994,0.99986005,-0.8,9.797174e-17,1.0,0.0008333802688866854,-0.00010402466,-0.79983675,0.9995035,-1.4695762e-16,-0.8,1.0,0.0005329098203219473
664,-0.002456935588270426,0,0.000662552542053163,inf,4.031705e-05,-3.3987697e-05,1.0003892,0.0,0.0,1.0,0.00039277414907701313,0.80024964,-0.0004342097,0.9996962,0.8,0.0,1.0,0.0005857881624251604,-0.0006524582,0.7995172,0.99986035,4.898587e-17,0.8,1.0,0.0008235887507908046,-0.7992131,-0.0004920675,0.999834,-0.8,9.797174e-17,1.0,0.000942814105655998,-0.000121251534,-0.79981226,0.99947804,-1.4695762e-16,-0.8,1.0,0.000567797280382365
665,-0.0024644446093589067,0,0.0007345714839175344,inf,4.6539273e-05,-1.5788639e-05,1.0004072,0.0,0.0,1.0,0.0004101736703887582,0.8003089,-0.00049554737,0.99967515,0.8,0.0,1.0,0.0006682014209218323,-0.00075791485,0.79948163,0.9998695,4.898587e-17,0.8,1.0,0.0009274578187614679,-0.7991125,-0.00054591766,0.9998085,-0.8,9.797174e-17,1.0,0.0010594251798465848,-0.00014057152,-0.7997853,0.99944925,-1.4695762e-16,-0.8,1.0,0.0006075992714613676
666,-0.002473044442012906,0,0.0008129446650855243,inf,5.3361535e-05,6.7658893e-06,1.0004275,0.0,0.0,1.0,0.0004308552306611091,0.80037653,-0.00056291826,0.99965173,0.8,0.0,1.0,0.0007615367067046463,-0.0008740679,0.79944783,0.99987763,4.898587e-17,0.8,1.0,0.001041090115904808,-0.79900503,-0.0006025453,0.99978256,-0.8,9.797174e-17,1.0,0.0011833537137135863,-0.00016220497,-0.79975605,0.99942213,-1.4695762e-16,-0.8,1.0,0.0006478874129243195
667,-0.0024812151677906513,0,0.000897597405128181,inf,6.0836534e-05,3.3977853e-05,1.0004468,0.0,0.0,1.0,0.0004521975351963192,0.80045336,-0.00063688477,0.99963033,0.8,0.0,1.0,0.0008647575159557164,-0.0010016202,0.79941636,0.99988693,4.898587e-17,0.8,1.0,0.0011647633509710431,-0.7988907,-0.0006618734,0.9997562,-0.8,9.797174e-17,1.0,0.0013145559933036566,-0.00018633968,-0.79972446,0.9993935,-1.4695762e-16,-0.8,1.0,0.0006917124846950173
668,-0.0024889635387808084,0,0.0009893469978123903,inf,6.896368e-05,6.624297e-05,1.000468,0.0,0.0,1.0,0.00047768480726517737,0.8005398,-0.000717652,0.99960816,0.8,0.0,1.0,0.0009797579841688275,-0.001140953,0.79938793,0.9998959,4.898587e-17,0.8,1.0,0.0012989452807232738,-0.79876953,-0.0007237643,0.9997306,-0.8,9.797174e-17,1.0,0.0014527542516589165,-0.00021331945,-0.7996905,0.9993654,-1.4695762e-16,-0.8,1.0,0.0007375925779342651
669,-0.0024967442732304335,0,0.0010883704526349902,inf,7.7802404e-05,0.00010373242,1.0004891,0.0,0.0,1.0,0.0005060116527602077,0.80063653,-0.0008056846,0.9995867,0.8,0.0,1.0,0.0011068417225033045,-0.0012925401,0.79936296,0.99990547,4.898587e-17,0.8,1.0,0.001444103429093957,-0.7986415,-0.0007881201,0.9997042,-0.8,9.797174e-17,1.0,0.0015981828328222036,-0.0002433566,-0.7996542,0.9993366,-1.4695762e-16,-0.8,1.0,0.0007867129752412438
670,-0.0025041005574166775,0,0.0011952599743381143,inf,8.734626e-05,0.00014680329,1.0005116,0.0,0.0,1.0,0.0005394094041548669,0.8007439,-0.00090127345,0.99956536,0.8,0.0,1.0,0.0012468118220567703,-0.0014568508,0.79934216,0.9999155,4.898587e-17,0.8,1.0,0.0016007288359105587,-0.7985066,-0.0008548067,0.9996787,-0.8,9.797174e-17,1.0,0.0017504780553281307,-0.0002767748,-0.79961544,0.99930775,-1.4695762e-16,-0.8,1.0,0.0008388715796172619
671,-0.002511476632207632,0,0.0013101756339892745,inf,9.765804e-05,0.00019565439,1.0005342,0.0,0.0,1.0,0.0005772024160251021,0.80086243,-0.0010048312,0.99954426,0.8,0.0,1.0,0.0014004105469211936,-0.0016342916,0.79932606,0.9999259,4.898587e-17,0.8,1.0,0.0017693518893793225,-0.79836506,-0.00092373294,0.99965286,-0.8,9.797174e-17,1.0,0.0019096769392490387,-0.00031380812,-0.79957443,0.99927884,-1.4695762e-16,-0.8,1.0,0.0008942361455410719
672,-0.0025188797153532505,0,0.0014336915919557214,inf,0.00010872792,0.0002506212,1.0005578,0.0,0.0,1.0,0.0006210890132933855,0.80099267,-0.0011166716,0.9995232,0.8,0.0,1.0,0.0015683232340961695,-0.0018251865,0.7993153,0.99993664,4.898587e-17,0.8,1.0,0.0019504324300214648,-0.7982168,-0.0009947602,0.99962807,-0.8,9.797174e-17,1.0,0.002075489377602935,-0.00035476702,-0.799531,0.99924994,-1.4695762e-16,-0.8,1.0,0.0009531238465569913
673,-0.0025262769777327776,0,0.0015660354401916265,inf,0.0001206194,0.0003119109,1.0005815,0.0,0.0,1.0,0.0006708077853545547,0.8011351,-0.0012372187,0.9995026,0.8,0.0,1.0,0.0017511694459244609,-0.0020299726,0.7993103,0.9999481,4.898587e-17,0.8,1.0,0.002144562778994441,-0.7980621,-0.0010677946,0.999603,-0.8,9.797174e-17,1.0,0.002247970551252365,-0.0003998875,-0.79948527,0.9992211,-1.4695762e-16,-0.8,1.0,0.0010156669886782765
674,-0.0025337031111121178,0,0.0017078241799026728,inf,0.00013346653,0.00037987318,1.0006064,0.0,0.0,1.0,0.0007279143901541829,0.8012902,-0.0013667891,0.99948215,0.8,0.0,1.0,0.0019495891174301505,-0.0022489333,0.79931176,0.9999595,4.898587e-17,0.8,1.0,0.002352240262553096,-0.7979008,-0.0011428532,0.9995787,-0.8,9.797174e-17,1.0,0.0024269947316497564,-0.00044947132,-0.7994373,0.999192,-1.4695762e-16,-0.8,1.0,0.0010823822813108563
675,-0.00254071201197803,0,0.0018591845873743296,inf,0.00014731594,0.00045470215,1.0006313,0.0,0.0,1.0,0.0007918564369902015,0.8014585,-0.0015058042,0.99946207,0.8,0.0,1.0,0.0021642413921654224,-0.002482511,0.79932004,0.9999714,4.898587e-17,0.8,1.0,0.0025741092395037413,-0.79773325,-0.0012198479,0.9995544,-0.8,9.797174e-17,1.0,0.00261243456043303,-0.0005037626,-0.7993871,0.999163,-1.4695762e-16,-0.8,1.0,0.001153280958533287
676,-0.0025477830786257982,0,0.0020206805784255266,inf,0.00016230496,0.0005365872,1.0006572,0.0,0.0,1.0,0.000863818044308573,0.8016404,-0.0016545999,0.9994422,0.8,0.0,1.0,0.002395759802311659,-0.0027310164,0.79933566,0.9999834,4.898587e-17,0.8,1.0,0.0028107103426009417,-0.7975593,-0.0012987911,0.9995309,-0.8,9.797174e-17,1.0,0.0028042602352797985,-0.00056306174,-0.7993348,0.99913365,-1.4695762e-16,-0.8,1.0,0.001228853827342391
677,-0.002555066952481866,0,0.0021924255415797234,inf,0.00017847963,0.0006257251,1.0006831,0.0,0.0,1.0,0.0009433824452571571,0.8018365,-0.0018135866,0.9994225,0.8,0.0,1.0,0.0026448566932231188,-0.0029947083,0.79935914,0.9999955,4.898587e-17,0.8,1.0,0.0030625169165432453,-0.79737926,-0.001379599,0.9995075,-0.8,9.797174e-17,1.0,0.003002370474860072,-0.000627614,-0.7992805,0.9991045,-1.4695762e-16,-0.8,1.0,0.0013090005377307534
678,-0.0025619755033403635,0,0.002374937292188406,inf,0.00019597834,0.00072230987,1.0007099,0.0,0.0,1.0,0.0010315447580069304,0.80204713,-0.001983127,0.9994031,0.8,0.0,1.0,0.002912003779783845,-0.0032739453,0.7993909,1.0000081,4.898587e-17,0.8,1.0,0.003330133156850934,-0.79719305,-0.0014622764,0.9994845,-0.8,9.797174e-17,1.0,0.003206718945875764,-0.0006977164,-0.7992243,0.99907506,-1.4695762e-16,-0.8,1.0,0.0013942861696705222
679,-0.002569417702034116,0,0.0025683282874524593,inf,0.00021484452,0.0008265288,1.0007365,0.0,0.0,1.0,0.0011276983423158526,0.8022729,-0.0021636384,0.9993839,0.8,0.0,1.0,0.00319796334952116,-0.0035689613,0.79943144,1.0000207,4.898587e-17,0.8,1.0,0.0036140261217951775,-0.7970008,-0.0015467451,0.9994615,-0.8,9.797174e-17,1.0,0.003417243482545018,-0.0007736149,-0.79916626,0.99904567,-1.4695762e-16,-0.8,1.0,0.0014847101410850883
680,-0.00257555628195405,0,0.002773038577288389,inf,0.00023521658,0.0009385752,1.0007638,0.0,0.0,1.0,0.0012327209115028381,0.80251426,-0.0023554643,0.9993649,0.8,0.0,1.0,0.0035032795276492834,-0.003880064,0.79948115,1.0000334,4.898587e-17,0.8,1.0,0.003914744593203068,-0.79680264,-0.0016330127,0.999439,-0.8,9.797174e-17,1.0,0.0036338185891509056,-0.0008556191,-0.79910636,0.9990163,-1.4695762e-16,-0.8,1.0,0.0015806308947503567
681,-0.0025831491220742464,0,0.0029892537277191877,inf,0.00025714462,0.0010584989,1.0007911,0.0,0.0,1.0,0.001346231554634869,0.80277157,-0.0025590456,0.99934614,0.8,0.0,1.0,0.003828547429293394,-0.004207538,0.7995404,1.000046,4.898587e-17,0.8,1.0,0.004232816398143768,-0.7965987,-0.0017209976,0.99941653,-0.8,9.797174e-17,1.0,0.0038563425187021494,-0.0009439575,-0.7990447,0.9989868,-1.4695762e-16,-0.8,1.0,0.0016823305049911141
682,-0.002589442301541567,0,0.0032173071522265673,inf,0.00028076486,0.0011864798,1.0008188,0.0,0.0,1.0,0.001468698843382299,0.80304515,-0.0027747161,0.99932736,0.8,0.0,1.0,0.004174252040684223,-0.0045516994,0.7996096,1.0000587,4.898587e-17,0.8,1.0,0.004568788222968578,-0.7963889,-0.0018107074,0.9993944,-0.8,9.797174e-17,1.0,0.004084770102053881,-0.0010389431,-0.7989815,0.9989572,-1.4695762e-16,-0.8,1.0,0.0017900255043059587
683,-0.0025967282708734274,0,0.0034574251621961594,inf,0.00030612678,0.0013225682,1.0008467,0.0,0.0,1.0,0.0015999609604477882,0.8033355,-0.0030029393,0.99930906,0.8,0.0,1.0,0.004540972877293825,-0.0049128286,0.79968923,1.0000713,4.898587e-17,0.8,1.0,0.0049231648445129395,-0.7961735,-0.0019020633,0.99937224,-0.8,9.797174e-17,1.0,0.004319029860198498,-0.0011408109,-0.79891664,0.9989276,-1.4695762e-16,-0.8,1.0,0.0019039971521124244
684,-0.0026032922323793173,0,0.0037098689936101437,inf,0.00033336497,0.0014669363,1.0008749,0.0,0.0,1.0,0.001740242587402463,0.8036429,-0.0032440508,0.9992909,0.8,0.0,1.0,0.00492925476282835,-0.005291068,0.7997797,1.0000837,4.898587e-17,0.8,1.0,0.00529631320387125,-0.79595244,-0.0019950715,0.9993505,-0.8,9.797174e-17,1.0,0.004559059161692858,-0.0012498747,-0.7988503,0.99889797,-1.4695762e-16,-0.8,1.0,0.0020244752522557974
685,-0.0026096231304109097,0,0.003974881488829851,inf,0.00036252858,0.0016196355,1.0009029,0.0,0.0,1.0,0.0018894069362431765,0.80396795,-0.003498518,0.9992732,0.8,0.0,1.0,0.00533970445394516,-0.0056867395,0.7998814,1.0000964,4.898587e-17,0.8,1.0,0.005688793957233429,-0.795726,-0.0020896876,0.99932814,-0.8,9.797174e-17,1.0,0.004804722964763641,-0.0013663677,-0.79878247,0.9988683,-1.4695762e-16,-0.8,1.0,0.0021517782006412745
686,-0.0026165011804550886,0,0.004252729006111622,inf,0.00039375472,0.0017808492,1.0009313,0.0,0.0,1.0,0.00204785680398345,0.80431074,-0.003766694,0.99925596,0.8,0.0,1.0,0.005772690288722515,-0.0060999934,0.79999465,1.0001092,4.898587e-17,0.8,1.0,0.0061009731143713,-0.7954941,-0.00218596,0.999306,-0.8,9.797174e-17,1.0,0.005056031513959169,-0.0014904372,-0.79871327,0.9988385,-1.4695762e-16,-0.8,1.0,0.0022860958706587553
687,-0.0026230057701468468,0,0.00454359408468008,inf,0.00042709048,0.0019506223,1.0009593,0.0,0.0,1.0,0.0022152981255203485,0.80467176,-0.0040490204,0.99923915,0.8,0.0,1.0,0.006228863261640072,-0.0065311273,0.8001198,1.0001223,4.898587e-17,0.8,1.0,0.006533370818942785,-0.7952569,-0.0022838458,0.99928343,-0.8,9.797174e-17,1.0,0.005312853492796421,-0.001622328,-0.7986428,0.9988087,-1.4695762e-16,-0.8,1.0,0.0024275858886539936
688,-0.0026296002324670553,0,0.004847793374210596,inf,0.0004626734,0.0021291396,1.0009876,0.0,0.0,1.0,0.002392227528616786,0.8050514,-0.0043458594,0.9992227,0.8,0.0,1.0,0.006708731409162283,-0.006980273,0.80025715,1.0001352,4.898587e-17,0.8,1.0,0.0069863153621554375,-0.79501444,-0.002383393,0.99926114,-0.8,9.797174e-17,1.0,0.005575158633291721,-0.0017621892,-0.79857105,0.9987788,-1.4695762e-16,-0.8,1.0,0.002576533006504178
689,-0.0026362857315689325,0,0.005165445618331432,inf,0.0005005503,0.0023164477,1.0010157,0.0,0.0,1.0,0.0025783816818147898,0.8054497,-0.004657655,0.99920666,0.8,0.0,1.0,0.0072126626037061214,-0.0074477335,0.8004071,1.0001485,4.898587e-17,0.8,1.0,0.007460330612957478,-0.7947669,-0.0024845595,0.99923843,-0.8,9.797174e-17,1.0,0.005842812359333038,-0.0019102651,-0.79849815,0.9987491,-1.4695762e-16,-0.8,1.0,0.0027330382727086544
690,-0.0026430643629282713,0,0.005496825557202101,inf,0.0005408578,0.0025127267,1.0010438,0.0,0.0,1.0,0.002774136606603861,0.8058671,-0.0049847555,0.999191,0.8,0.0,1.0,0.007741106674075127,-0.007933636,0.80056995,1.0001615,4.898587e-17,0.8,1.0,0.007955721579492092,-0.7945143,-0.0025873913,0.9992158,-0.8,9.797174e-17,1.0,0.0061157699674367905,-0.002066699,-0.7984242,0.9987192,-1.4695762e-16,-0.8,1.0,0.0028973931912332773
691,-0.002649940550327301,0,0.005842165555804968,inf,0.0005836432,0.0027180277,1.0010717,0.0,0.0,1.0,0.0029794019646942616,0.8063038,-0.005327624,0.9991757,0.8,0.0,1.0,0.008294620551168919,-0.008438293,0.800746,1.0001748,4.898587e-17,0.8,1.0,0.008473007939755917,-0.7942567,-0.0026918487,0.9991927,-0.8,9.797174e-17,1.0,0.006394024007022381,-0.0022317388,-0.79834914,0.9986895,-1.4695762e-16,-0.8,1.0,0.003069773782044649
692,-0.0026555336080491543,0,0.0062016588635742664,inf,0.00062904175,0.002932526,1.0010996,0.0,0.0,1.0,0.0031944471411406994,0.80676013,-0.0056866067,0.99916077,0.8,0.0,1.0,0.008873614482581615,-0.00896183,0.8009357,1.0001876,4.898587e-17,0.8,1.0,0.009012497030198574,-0.79399425,-0.0027979775,0.99916977,-0.8,9.797174e-17,1.0,0.006677362602204084,-0.002405532,-0.7982732,0.9986597,-1.4695762e-16,-0.8,1.0,0.003250373527407646
693,-0.0026626023463904858,0,0.006575469858944416,inf,0.0006771073,0.003156297,1.0011274,0.0,0.0,1.0,0.003419302636757493,0.80723625,-0.0060620024,0.99914616,0.8,0.0,1.0,0.009478402324020863,-0.0095043825,0.80113906,1.0002005,4.898587e-17,0.8,1.0,0.00957449246197939,-0.793727,-0.0029057413,0.99914676,-0.8,9.797174e-17,1.0,0.006965793203562498,-0.0025883277,-0.7981963,0.99863017,-1.4695762e-16,-0.8,1.0,0.003439360996708274
694,-0.002668390516191721,0,0.006963829044252634,inf,0.00072796195,0.0033894705,1.0011548,0.0,0.0,1.0,0.0036540329456329346,0.8077325,-0.006454184,0.9991319,0.8,0.0,1.0,0.010109489783644676,-0.010066126,0.80135655,1.0002134,4.898587e-17,0.8,1.0,0.01015936117619276,-0.793455,-0.0030151797,0.9991234,-0.8,9.797174e-17,1.0,0.00725926086306572,-0.0027802675,-0.7981186,0.99860066,-1.4695762e-16,-0.8,1.0,0.003637001384049654
695,-0.0026747395750135183,0,0.007366888225078583,inf,0.00078166684,0.0036321476,1.0011822,0.0,0.0,1.0,0.0038988578598946333,0.8082492,-0.0068634376,0.99911803,0.8,0.0,1.0,0.010767234489321709,-0.010647153,0.8015883,1.000226,4.898587e-17,0.8,1.0,0.010767338797450066,-0.79317844,-0.0031262627,0.99910027,-0.8,9.797174e-17,1.0,0.007557571865618229,-0.0029816062,-0.7980401,0.99857146,-1.4695762e-16,-0.8,1.0,0.0038434360176324844
696,-0.002680947072803974,0,0.007784822024405003,inf,0.0008383473,0.003884471,1.0012094,0.0,0.0,1.0,0.004153858404606581,0.8087863,-0.0072901123,0.99910444,0.8,0.0,1.0,0.011451906524598598,-0.011247654,0.80183464,1.0002385,4.898587e-17,0.8,1.0,0.011398793198168278,-0.79289746,-0.0032390344,0.9990772,-0.8,9.797174e-17,1.0,0.007860604673624039,-0.0031924816,-0.7979609,0.99854225,-1.4695762e-16,-0.8,1.0,0.004058946389704943
697,-0.002687939442694187,0,0.008217768743634224,inf,0.0008980603,0.004146527,1.0012363,0.0,0.0,1.0,0.0044191270135343075,0.8093441,-0.007734499,0.999091,0.8,0.0,1.0,0.0121639184653759,-0.011867717,0.80209583,1.0002508,4.898587e-17,0.8,1.0,0.012053964659571648,-0.7926122,-0.0033534626,0.9990543,-0.8,9.797174e-17,1.0,0.008168223313987255,-0.0034131494,-0.79788107,0.99851346,-1.4695762e-16,-0.8,1.0,0.004283610265702009
698,-0.0026945960707962513,0,0.008665937930345535,inf,0.0009609323,0.0044184634,1.0012631,0.0,0.0,1.0,0.004694862756878138,0.80992275,-0.0081969565,0.9990778,0.8,0.0,1.0,0.012903541326522827,-0.012507573,0.8023721,1.0002632,4.898587e-17,0.8,1.0,0.01273324154317379,-0.7923229,-0.0034695899,0.9990314,-0.8,9.797174e-17,1.0,0.008480249904096127,-0.00364375,-0.79780054,0.9984848,-1.4695762e-16,-0.8,1.0,0.004517792258411646
699,-0.0027018291875720024,0,0.009129460901021957,inf,0.0010270186,0.0047003627,1.0012897,0.0,0.0,1.0,0.004981121048331261,0.81052244,-0.008677772,0.9990648,0.8,0.0,1.0,0.013671129010617733,-0.013167286,0.8026636,1.0002754,4.898587e-17,0.8,1.0,0.0134368184953928,-0.79202956,-0.003587385,0.99900866,-0.8,9.797174e-17,1.0,0.008796601556241512,-0.003884531,-0.7977194,0.9984565,-1.4695762e-16,-0.8,1.0,0.004761632531881332
700,-0.002708729589357972,0,0.009608554653823376,inf,0.0010964478,0.004992378,1.0013162,0.0,0.0,1.0,0.005278104916214943,0.81114334,-0.009177312,0.99905187,0.8,0.0,1.0,0.014467057771980762,-0.013847081,0.8029709,1.0002877,4.898587e-17,0.8,1.0,0.014165115542709827,-0.79173255,-0.0037068927,0.9989859,-0.8,9.797174e-17,1.0,0.00911703985184431,-0.0041356306,-0.7976376,0.9984283,-1.4695762e-16,-0.8,1.0,0.005015456583350897
701,-0.0027162106707692146,0,0.010103333741426468,inf,0.0011692725,0.005294584,1.0013424,0.0,0.0,1.0,0.0055858660489320755,0.81178564,-0.009695873,0.9990392,0.8,0.0,1.0,0.015291635878384113,-0.014547021,0.8032939,1.0002998,4.898587e-17,0.8,1.0,0.01491828728467226,-0.7914319,-0.003828082,0.9989633,-0.8,9.797174e-17,1.0,0.009441474452614784,-0.004397301,-0.7975551,0.99840057,-1.4695762e-16,-0.8,1.0,0.005279401782900095
702,-0.002722521312534809,0,0.01061400305479765,inf,0.0012456226,0.0056071416,1.0013685,0.0,0.0,1.0,0.005904613994061947,0.8124494,-0.010233815,0.9990266,0.8,0.0,1.0,0.016145143657922745,-0.01526733,0.8036331,1.000312,4.898587e-17,0.8,1.0,0.015696750953793526,-0.79112786,-0.0039509987,0.99894065,-0.8,9.797174e-17,1.0,0.009769733063876629,-0.0046696775,-0.79747194,0.9983729,-1.4695762e-16,-0.8,1.0,0.0055537777952849865
703,-0.0027291502337902784,0,0.011140679940581322,inf,0.0013255493,0.0059301197,1.0013944,0.0,0.0,1.0,0.006234398577362299,0.81313497,-0.010791443,0.9990142,0.8,0.0,1.0,0.017028039321303368,-0.01600807,0.80398864,1.0003238,4.898587e-17,0.8,1.0,0.016500674188137054,-0.7908205,-0.0040756124,0.9989183,-0.8,9.797174e-17,1.0,0.010101708583533764,-0.0049528577,-0.7973882,0.99834573,-1.4695762e-16,-0.8,1.0,0.0058385771699249744
704,-0.0027354462072253227,0,0.011683463118970394,inf,0.0014091834,0.0062636817,1.00142,0.0,0.0,1.0,0.006575406063348055,0.81384236,-0.01136896,0.9990019,0.8,0.0,1.0,0.017940456047654152,-0.016769348,0.8043606,1.0003356,4.898587e-17,0.8,1.0,0.01733027957379818,-0.79051006,-0.0042019715,0.9988961,-0.8,9.797174e-17,1.0,0.010437161661684513,-0.005247001,-0.79730386,0.998319,-1.4695762e-16,-0.8,1.0,0.006134015042334795
705,-0.002742793643847108,0,0.012242523953318596,inf,0.001496577,0.0066079013,1.0014455,0.0,0.0,1.0,0.006927746348083019,0.8145717,-0.011966652,0.9989898,0.8,0.0,1.0,0.01888265646994114,-0.017551357,0.80474937,1.0003474,4.898587e-17,0.8,1.0,0.01818590611219406,-0.7901966,-0.0043300427,0.9988741,-0.8,9.797174e-17,1.0,0.010776074603199959,-0.005552164,-0.797219,0.9982924,-1.4695762e-16,-0.8,1.0,0.006440233904868364
706,-0.002749878913164139,0,0.012817944400012493,inf,0.0015878599,0.006962768,1.0014707,0.0,0.0,1.0,0.00729138869792223,0.81532305,-0.012584864,0.9989778,0.8,0.0,1.0,0.019854959100484848,-0.018354148,0.8051549,1.0003588,4.898587e-17,0.8,1.0,0.019067684188485146,-0.7898803,-0.004459867,0.99885195,-0.8,9.797174e-17,1.0,0.01111834030598402,-0.005868505,-0.7971337,0.99826604,-1.4695762e-16,-0.8,1.0,0.006757351104170084
707,-0.0027572261169552803,0,0.013409847393631935,inf,0.001683091,0.007328375,1.0014958,0.0,0.0,1.0,0.007666511926800013,0.8160966,-0.013223904,0.99896574,0.8,0.0,1.0,0.02085765078663826,-0.019177755,0.8055775,1.00037,4.898587e-17,0.8,1.0,0.019975779578089714,-0.78956115,-0.0045914184,0.9988302,-0.8,9.797174e-17,1.0,0.011463827453553677,-0.0061961175,-0.797048,0.99824005,-1.4695762e-16,-0.8,1.0,0.007085465360432863
708,-0.002764251083135605,0,0.014018381014466286,inf,0.001782403,0.0077047194,1.0015208,0.0,0.0,1.0,0.008053096011281013,0.81689256,-0.013883979,0.99895376,0.8,0.0,1.0,0.021891044452786446,-0.020022294,0.80601734,1.000381,4.898587e-17,0.8,1.0,0.020910419523715973,-0.7892392,-0.0047247396,0.99880856,-0.8,9.797174e-17,1.0,0.011812585406005383,-0.0065351585,-0.7969618,0.99821454,-1.4695762e-16,-0.8,1.0,0.007424754556268454
709,-0.002771619940176606,0,0.014643589965999126,inf,0.00188585,0.008091883,1.0015457,0.0,0.0,1.0,0.008451277390122414,0.8177109,-0.014565364,0.9989417,0.8,0.0,1.0,0.022955272346735,-0.020887798,0.8064745,1.0003917,4.898587e-17,0.8,1.0,0.02187173068523407,-0.78891474,-0.0048597986,0.99878716,-0.8,9.797174e-17,1.0,0.01216436829417944,-0.0068856864,-0.79687536,0.99818915,-1.4695762e-16,-0.8,1.0,0.007775301579385996
710,-0.0027791273314505816,0,0.015285630710422993,inf,0.001993473,0.008489843,1.0015703,0.0,0.0,1.0,0.008861002512276173,0.8185518,-0.01526829,0.99892986,0.8,0.0,1.0,0.024050652980804443,-0.021774381,0.80694926,1.0004023,4.898587e-17,0.8,1.0,0.022859957069158554,-0.7885876,-0.004996639,0.9987658,-0.8,9.797174e-17,1.0,0.012519266456365585,-0.0072478787,-0.7967886,0.9981642,-1.4695762e-16,-0.8,1.0,0.008137280121445656
711,-0.00278677511960268,0,0.01594456657767296,inf,0.0021054042,0.008898704,1.0015949,0.0,0.0,1.0,0.009282423183321953,0.8194152,-0.015993018,0.9989179,0.8,0.0,1.0,0.025177322328090668,-0.022682063,0.8074418,1.0004126,4.898587e-17,0.8,1.0,0.023875216022133827,-0.7882581,-0.0051352326,0.99874467,-0.8,9.797174e-17,1.0,0.012877093628048897,-0.007621794,-0.79670155,0.99813944,-1.4695762e-16,-0.8,1.0,0.008510774001479149
712,-0.0027944378089159727,0,0.016620513051748276,inf,0.0022216816,0.009318437,1.0016192,0.0,0.0,1.0,0.009715504013001919,0.82030135,-0.016739782,0.998906,0.8,0.0,1.0,0.02633555792272091,-0.023610972,0.80795217,1.0004228,4.898587e-17,0.8,1.0,0.024917734786868095,-0.78792614,-0.005275622,0.9987237,-0.8,9.797174e-17,1.0,0.013237809762358665,-0.008007608,-0.7966142,0.9981151,-1.4695762e-16,-0.8,1.0,0.008895957842469215
713,-0.0028022436890751123,0,0.01731356605887413,inf,0.0023423964,0.009749148,1.0016437,0.0,0.0,1.0,0.010160429403185844,0.8212102,-0.017508846,0.99889416,0.8,0.0,1.0,0.027525531128048897,-0.02456112,0.8084807,1.0004327,4.898587e-17,0.8,1.0,0.025987643748521805,-0.7875919,-0.0054177786,0.9987029,-0.8,9.797174e-17,1.0,0.013601348735392094,-0.008405381,-0.79652685,0.998091,-1.4695762e-16,-0.8,1.0,0.00929288100451231
714,-0.002810194157063961,0,0.018023822456598282,inf,0.002467542,0.0101908045,1.0016677,0.0,0.0,1.0,0.0106170903891325,0.8221419,-0.018300442,0.9988824,0.8,0.0,1.0,0.02874748222529888,-0.025532642,0.80902743,1.0004426,4.898587e-17,0.8,1.0,0.027085164561867714,-0.7872554,-0.005561746,0.9986822,-0.8,9.797174e-17,1.0,0.013967626728117466,-0.008815289,-0.79643923,0.99806726,-1.4695762e-16,-0.8,1.0,0.009701750241219997
715,-0.002817833563312888,0,0.018751392140984535,inf,0.002597211,0.010643516,1.0016919,0.0,0.0,1.0,0.011085692793130875,0.8230965,-0.019114831,0.9988706,0.8,0.0,1.0,0.030001677572727203,-0.026525544,0.80959266,1.0004522,4.898587e-17,0.8,1.0,0.02821042202413082,-0.7869168,-0.0057074963,0.99866176,-0.8,9.797174e-17,1.0,0.01433656271547079,-0.00923739,-0.7963516,0.9980438,-1.4695762e-16,-0.8,1.0,0.010122599080204964
716,-0.002825720002874732,0,0.019496332854032516,inf,0.002731396,0.011107248,1.0017159,0.0,0.0,1.0,0.01156614813953638,0.82407415,-0.019952249,0.99885887,0.8,0.0,1.0,0.03128831461071968,-0.027539963,0.81017655,1.0004616,4.898587e-17,0.8,1.0,0.029363660141825676,-0.78657615,-0.005855073,0.99864143,-0.8,9.797174e-17,1.0,0.014708079397678375,-0.009671703,-0.7962639,0.99802077,-1.4695762e-16,-0.8,1.0,0.010555468499660492
717,-0.0028337552212178707,0,0.02025872841477394,inf,0.002870186,0.011582102,1.00174,0.0,0.0,1.0,0.012058630585670471,0.82507473,-0.020812958,0.9988471,0.8,0.0,1.0,0.032607514411211014,-0.028575903,0.8107791,1.0004709,4.898587e-17,0.8,1.0,0.030544927343726158,-0.78623354,-0.006004448,0.9986212,-0.8,9.797174e-17,1.0,0.015082110650837421,-0.01011829,-0.79617614,0.99799794,-1.4695762e-16,-0.8,1.0,0.011000457219779491
718,-0.0028419343288987875,0,0.021038666367530823,inf,0.0030135808,0.012068061,1.0017638,0.0,0.0,1.0,0.012563074938952923,0.82609856,-0.021697193,0.9988354,0.8,0.0,1.0,0.03395966440439224,-0.029633498,0.81140053,1.0004799,4.898587e-17,0.8,1.0,0.031754471361637115,-0.785889,-0.0061556674,0.9986014,-0.8,9.797174e-17,1.0,0.015458596870303154,-0.01057717,-0.79608846,0.99797565,-1.4695762e-16,-0.8,1.0,0.011457521468400955
719,-0.0028498771134763956,0,0.021836217492818832,inf,0.0031616641,0.012565214,1.0017879,0.0,0.0,1.0,0.013079652562737465,0.8271455,-0.022605216,0.9988236,0.8,0.0,1.0,0.03534484654664993,-0.030712754,0.81204087,1.0004889,4.898587e-17,0.8,1.0,0.03299234062433243,-0.7855427,-0.006308701,0.9985816,-0.8,9.797174e-17,1.0,0.015837445855140686,-0.011048404,-0.79600084,0.99795353,-1.4695762e-16,-0.8,1.0,0.0119268037378788
720,-0.002858430612832308,0,0.02265143021941185,inf,0.0033144413,0.013073558,1.001812,0.0,0.0,1.0,0.013608332723379135,0.8282156,-0.023537232,0.99881184,0.8,0.0,1.0,0.03676319494843483,-0.031813793,0.8127004,1.0004976,4.898587e-17,0.8,1.0,0.03425878658890724,-0.7851947,-0.006463598,0.9985623,-0.8,9.797174e-17,1.0,0.016218585893511772,-0.011532009,-0.79591334,0.99793196,-1.4695762e-16,-0.8,1.0,0.012408260256052017
721,-0.002866686088964343,0,0.023484405130147934,inf,0.003471984,0.013593152,1.0018358,0.0,0.0,1.0,0.01414915919303894,0.8293089,-0.024493534,0.9988001,0.8,0.0,1.0,0.03821498900651932,-0.032936662,0.81337917,1.0005063,4.898587e-17,0.8,1.0,0.03555392846465111,-0.78484505,-0.006620325,0.9985429,-0.8,9.797174e-17,1.0,0.016601944342255592,-0.012028045,-0.795826,0.99791056,-1.4695762e-16,-0.8,1.0,0.012902009300887585
722,-0.0028755534440279007,0,0.024335168302059174,inf,0.0036343057,0.0141240135,1.0018599,0.0,0.0,1.0,0.01470221672207117,0.8304254,-0.025474308,0.9987883,0.8,0.0,1.0,0.03970027342438698,-0.034081437,0.8140773,1.0005147,4.898587e-17,0.8,1.0,0.03687790408730507,-0.78449386,-0.0067789345,0.998524,-0.8,9.797174e-17,1.0,0.01698743924498558,-0.012536531,-0.79573894,0.9978897,-1.4695762e-16,-0.8,1.0,0.013408011756837368
723,-0.002884125569835305,0,0.02520383521914482,inf,0.003801477,0.014666199,1.0018839,0.0,0.0,1.0,0.015267533250153065,0.8315651,-0.026479851,0.9987766,0.8,0.0,1.0,0.041219327598810196,-0.03524819,0.81479496,1.0005232,4.898587e-17,0.8,1.0,0.03823086619377136,-0.7841412,-0.006939392,0.9985051,-0.8,9.797174e-17,1.0,0.017375048249959946,-0.013057529,-0.7956521,0.997869,-1.4695762e-16,-0.8,1.0,0.013926398009061813
724,-0.002893312368541956,0,0.026090413331985474,inf,0.0039735087,0.01521972,1.0019078,0.0,0.0,1.0,0.01584514044225216,0.83272797,-0.027510354,0.998765,0.8,0.0,1.0,0.04277223348617554,-0.03643699,0.8155322,1.0005313,4.898587e-17,0.8,1.0,0.03961294889450073,-0.7837872,-0.007101749,0.9984866,-0.8,9.797174e-17,1.0,0.01776459440588951,-0.013591052,-0.79556555,0.99784875,-1.4695762e-16,-0.8,1.0,0.014457146637141705
725,-0.0029022085946053267,0,0.02699502930045128,inf,0.0041504726,0.015784636,1.0019317,0.0,0.0,1.0,0.01643509976565838,0.8339141,-0.028566118,0.9987534,0.8,0.0,1.0,0.0443592444062233,-0.037647918,0.8162893,1.0005397,4.898587e-17,0.8,1.0,0.04102436080574989,-0.7834319,-0.007265973,0.998468,-0.8,9.797174e-17,1.0,0.018156105652451515,-0.014137164,-0.79547936,0.9978288,-1.4695762e-16,-0.8,1.0,0.015000330284237862
726,-0.0029117227531969547,0,0.027917707338929176,inf,0.0043323794,0.01636096,1.0019555,0.0,0.0,1.0,0.017037445679306984,0.8351234,-0.029647317,0.9987419,0.8,0.0,1.0,0.04598043113946915,-0.03888103,0.81706625,1.0005476,4.898587e-17,0.8,1.0,0.042465172708034515,-0.78307533,-0.0074321157,0.9984498,-0.8,9.797174e-17,1.0,0.01854950748383999,-0.01469588,-0.7953935,0.9978092,-1.4695762e-16,-0.8,1.0,0.0155559740960598
727,-0.002920948900282383,0,0.02885853685438633,inf,0.004519301,0.016948752,1.0019792,0.0,0.0,1.0,0.01765224151313305,0.836356,-0.03075426,0.99873054,0.8,0.0,1.0,0.04763604700565338,-0.040136408,0.8178633,1.0005558,4.898587e-17,0.8,1.0,0.04393559694290161,-0.7827177,-0.007600146,0.99843156,-0.8,9.797174e-17,1.0,0.018944665789604187,-0.015267266,-0.7953082,0.9977898,-1.4695762e-16,-0.8,1.0,0.01612413488328457
728,-0.0029307969380170107,0,0.029817555099725723,inf,0.0047112475,0.017548019,1.002003,0.0,0.0,1.0,0.018279513344168663,0.83761173,-0.03188712,0.9987192,0.8,0.0,1.0,0.04932616651058197,-0.04141412,0.8186804,1.0005635,4.898587e-17,0.8,1.0,0.04543571174144745,-0.782359,-0.007770115,0.9984136,-0.8,9.797174e-17,1.0,0.019341573119163513,-0.015851334,-0.7952233,0.99777085,-1.4695762e-16,-0.8,1.0,0.016704818233847618
729,-0.002940354635939002,0,0.030794858932495117,inf,0.0049082916,0.018158827,1.0020264,0.0,0.0,1.0,0.01891932263970375,0.83889073,-0.033046205,0.998708,0.8,0.0,1.0,0.05105104297399521,-0.04271423,0.8195179,1.0005715,4.898587e-17,0.8,1.0,0.04696573689579964,-0.7819994,-0.007941992,0.99839574,-0.8,9.797174e-17,1.0,0.01974007673561573,-0.016448153,-0.7951389,0.99775213,-1.4695762e-16,-0.8,1.0,0.017298124730587006
730,-0.002950545633211732,0,0.031790487468242645,inf,0.0051104417,0.018781181,1.0020499,0.0,0.0,1.0,0.019571702927350998,0.8401929,-0.034231685,0.9986968,0.8,0.0,1.0,0.052810754626989365,-0.044036817,0.82037574,1.0005791,4.898587e-17,0.8,1.0,0.04852573201060295,-0.78163886,-0.008115828,0.99837816,-0.8,9.797174e-17,1.0,0.020140230655670166,-0.017057728,-0.7950551,0.9977337,-1.4695762e-16,-0.8,1.0,0.01790403388440609
731,-0.002960419515147805,0,0.032804541289806366,inf,0.0053177723,0.01941515,1.0020733,0.0,0.0,1.0,0.020236730575561523,0.84151834,-0.035443876,0.99868584,0.8,0.0,1.0,0.05460556223988533,-0.04538195,0.8212542,1.0005869,4.898587e-17,0.8,1.0,0.0501159243285656,-0.7812776,-0.008291595,0.99836063,-0.8,9.797174e-17,1.0,0.020541833713650703,-0.017680138,-0.7949718,0.9977156,-1.4695762e-16,-0.8,1.0,0.01852264814078808
732,-0.002970930887386203,0,0.033837027847766876,inf,0.00553029,0.020060733,1.0020965,0.0,0.0,1.0,0.020914411172270775,0.84286696,-0.036682934,0.9986748,0.8,0.0,1.0,0.05643552914261818,-0.046749692,0.82215333,1.0005944,4.898587e-17,0.8,1.0,0.051736414432525635,-0.7809156,-0.008469342,0.9983434,-0.8,9.797174e-17,1.0,0.020944884046912193,-0.018315382,-0.7948893,0.99769783,-1.4695762e-16,-0.8,1.0,0.019153926521539688
733,-0.002981156576424837,0,0.034888070076704025,inf,0.0057480703,0.020718,1.0021197,0.0,0.0,1.0,0.021604834124445915,0.84423876,-0.037949182,0.998664,0.8,0.0,1.0,0.05830087512731552,-0.048140123,0.8230732,1.000602,4.898587e-17,0.8,1.0,0.05338732525706291,-0.780553,-0.008649042,0.99832624,-0.8,9.797174e-17,1.0,0.021349340677261353,-0.01896354,-0.7948074,0.9976803,-1.4695762e-16,-0.8,1.0,0.01979798637330532
734,-0.0029918754007667303,0,0.0359576940536499,inf,0.0059711197,0.021386959,1.0021427,0.0,0.0,1.0,0.02230800874531269,0.84563375,-0.039242785,0.99865323,0.8,0.0,1.0,0.060201723128557205,-0.049553305,0.824014,1.0006094,4.898587e-17,0.8,1.0,0.05506880581378937,-0.7801898,-0.008830745,0.9983094,-0.8,9.797174e-17,1.0,0.021755099296569824,-0.01962461,-0.7947262,0.997663,-1.4695762e-16,-0.8,1.0,0.020454825833439827
735,-0.0030020379927009344,0,0.03704597055912018,inf,0.006199514,0.022067675,1.0021654,0.0,0.0,1.0,0.023024016991257668,0.8470519,-0.040564034,0.9986426,0.8,0.0,1.0,0.06213827431201935,-0.050989304,0.82497585,1.0006168,4.898587e-17,0.8,1.0,0.05678100138902664,-0.7798262,-0.009014424,0.99829257,-0.8,9.797174e-17,1.0,0.0221620611846447,-0.020298675,-0.79464585,0.99764603,-1.4695762e-16,-0.8,1.0,0.021124498918652534
736,-0.003012839239090681,0,0.03815292567014694,inf,0.0064332574,0.022760147,1.0021882,0.0,0.0,1.0,0.023752881214022636,0.8484931,-0.0419131,0.998632,0.8,0.0,1.0,0.06411051750183105,-0.052448194,0.8259587,1.0006241,4.898587e-17,0.8,1.0,0.058523990213871,-0.7794623,-0.009200128,0.99827605,-0.8,9.797174e-17,1.0,0.022570176050066948,-0.02098573,-0.7945662,0.9976293,-1.4695762e-16,-0.8,1.0,0.021807046607136726
737,-0.003023371798917651,0,0.03927861154079437,inf,0.006672431,0.023464456,1.0022109,0.0,0.0,1.0,0.02449469082057476,0.8499573,-0.04329027,0.99862164,0.8,0.0,1.0,0.06611865758895874,-0.053930037,0.8269629,1.0006313,4.898587e-17,0.8,1.0,0.06029796227812767,-0.77909803,-0.009387833,0.99825966,-0.8,9.797174e-17,1.0,0.02297940105199814,-0.021685703,-0.79448754,0.9976128,-1.4695762e-16,-0.8,1.0,0.02250235341489315
738,-0.0030345413833856583,0,0.040423061698675156,inf,0.006917032,0.02418059,1.0022333,0.0,0.0,1.0,0.025249429047107697,0.8514444,-0.044695698,0.9986113,0.8,0.0,1.0,0.06816276162862778,-0.055434927,0.82798827,1.0006385,4.898587e-17,0.8,1.0,0.06210298836231232,-0.77873355,-0.009577587,0.99824345,-0.8,9.797174e-17,1.0,0.023389697074890137,-0.022398591,-0.79440975,0.99759656,-1.4695762e-16,-0.8,1.0,0.0232104379683733
739,-0.003045551246032119,0,0.04158630594611168,inf,0.007167144,0.024908632,1.0022556,0.0,0.0,1.0,0.026017215102910995,0.85295445,-0.046129692,0.9986011,0.8,0.0,1.0,0.0702429935336113,-0.056962885,0.82903504,1.0006455,4.898587e-17,0.8,1.0,0.06393919140100479,-0.778369,-0.009769367,0.9982274,-0.8,9.797174e-17,1.0,0.02380090020596981,-0.02312432,-0.7943329,0.9975805,-1.4695762e-16,-0.8,1.0,0.0239312332123518
740,-0.0030578342266380787,0,0.04276838153600693,inf,0.007422767,0.025648572,1.0022776,0.0,0.0,1.0,0.026798026636242867,0.8544872,-0.047592394,0.99859095,0.8,0.0,1.0,0.07235933095216751,-0.058514044,0.8301034,1.0006526,4.898587e-17,0.8,1.0,0.0658067837357521,-0.7780044,-0.00996322,0.99821156,-0.8,9.797174e-17,1.0,0.0242130309343338,-0.023862889,-0.7942571,0.9975648,-1.4695762e-16,-0.8,1.0,0.024664726108312607
741,-0.0030693996232002974,0,0.04396933689713478,inf,0.007683982,0.026400493,1.0022997,0.0,0.0,1.0,0.027591992169618607,0.85604274,-0.049084105,0.998581,0.8,0.0,1.0,0.07451208680868149,-0.0600884,0.83119327,1.0006595,4.898587e-17,0.8,1.0,0.06770575791597366,-0.77763987,-0.010159124,0.99819595,-0.8,9.797174e-17,1.0,0.024625973775982857,-0.024614222,-0.7941823,0.99754924,-1.4695762e-16,-0.8,1.0,0.025410864502191544
742,-0.0030819333624094725,0,0.04518919438123703,inf,0.007950788,0.027164383,1.0023215,0.0,0.0,1.0,0.028399083763360977,0.85762095,-0.050604977,0.9985711,0.8,0.0,1.0,0.07670123130083084,-0.061686095,0.8323049,1.0006664,4.898587e-17,0.8,1.0,0.06963636726140976,-0.77727544,-0.010357127,0.99818045,-0.8,9.797174e-17,1.0,0.025039706379175186,-0.025378319,-0.7941087,0.9975339,-1.4695762e-16,-0.8,1.0,0.026169605553150177
743,-0.0030937527772039175,0,0.04642799124121666,inf,0.008223268,0.027940327,1.0023433,0.0,0.0,1.0,0.029219429939985275,0.8592217,-0.052155305,0.9985614,0.8,0.0,1.0,0.07892688363790512,-0.06330713,0.8334383,1.0006732,4.898587e-17,0.8,1.0,0.07159862667322159,-0.77691126,-0.010557207,0.9981652,-0.8,9.797174e-17,1.0,0.02545410767197609,-0.026155103,-0.79403615,0.9975188,-1.4695762e-16,-0.8,1.0,0.026940926909446716
744,-0.0031062201596796513,0,0.04768577218055725,inf,0.008501421,0.028728312,1.0023648,0.0,0.0,1.0,0.030052989721298218,0.86084497,-0.05373524,0.9985517,0.8,0.0,1.0,0.08118917793035507,-0.06495163,0.8345935,1.00068,4.898587e-17,0.8,1.0,0.07359268516302109,-0.7765473,-0.010759413,0.99815005,-0.8,9.797174e-17,1.0,0.0258692167699337,-0.026944574,-0.79396486,0.9975039,-1.4695762e-16,-0.8,1.0,0.02772478573024273
745,-0.003118431894108653,0,0.048962533473968506,inf,0.008785329,0.029528428,1.0023862,0.0,0.0,1.0,0.030899904668331146,0.8624908,-0.055344917,0.9985422,0.8,0.0,1.0,0.08348820358514786,-0.06661958,0.83577055,1.0006865,4.898587e-17,0.8,1.0,0.07561858743429184,-0.7761838,-0.010963724,0.99813527,-0.8,9.797174e-17,1.0,0.026284845545887947,-0.02774666,-0.7938948,0.9974892,-1.4695762e-16,-0.8,1.0,0.02852112427353859
746,-0.0031317591201514006,0,0.05025831609964371,inf,0.009074991,0.030340659,1.0024076,0.0,0.0,1.0,0.03176015242934227,0.8641589,-0.0569845,0.9985328,0.8,0.0,1.0,0.08582396060228348,-0.068311155,0.83696955,1.0006932,4.898587e-17,0.8,1.0,0.07767651975154877,-0.77582073,-0.011170188,0.9981206,-0.8,9.797174e-17,1.0,0.02670098841190338,-0.028561363,-0.7938261,0.99747473,-1.4695762e-16,-0.8,1.0,0.029329944401979446
747,-0.0031443799380213022,0,0.05157313868403435,inf,0.009370487,0.031165088,1.0024287,0.0,0.0,1.0,0.03263383358716965,0.8658494,-0.058654256,0.99852353,0.8,0.0,1.0,0.08819659799337387,-0.07002633,0.83819056,1.0006998,4.898587e-17,0.8,1.0,0.07976650446653366,-0.7754582,-0.011378782,0.9981061,-0.8,9.797174e-17,1.0,0.02711758017539978,-0.029388601,-0.7937587,0.99746037,-1.4695762e-16,-0.8,1.0,0.030151180922985077
748,-0.0031576587352901697,0,0.05290704965591431,inf,0.0096718175,0.032001704,1.0024496,0.0,0.0,1.0,0.03352094814181328,0.86756206,-0.06035435,0.99851435,0.8,0.0,1.0,0.0906062051653862,-0.07176525,0.83943355,1.0007063,4.898587e-17,0.8,1.0,0.08188866823911667,-0.7750963,-0.011589557,0.99809176,-0.8,9.797174e-17,1.0,0.027534600347280502,-0.030228378,-0.7936927,0.99744624,-1.4695762e-16,-0.8,1.0,0.03098481334745884
749,-0.0031702276319265366,0,0.05426003411412239,inf,0.0099790655,0.032850593,1.0024706,0.0,0.0,1.0,0.03442160785198212,0.86929697,-0.062084906,0.9985053,0.8,0.0,1.0,0.09305287897586823,-0.07352788,0.84069866,1.0007128,4.898587e-17,0.8,1.0,0.08404306322336197,-0.77473515,-0.011802493,0.9980777,-0.8,9.797174e-17,1.0,0.02795187383890152,-0.031080622,-0.7936282,0.99743235,-1.4695762e-16,-0.8,1.0,0.031830765306949615
750,-0.0031835816334933043,0,0.055632151663303375,inf,0.010292232,0.03371175,1.0024915,0.0,0.0,1.0,0.03533581271767616,0.871054,-0.0638461,0.9984964,0.8,0.0,1.0,0.09553665667772293,-0.07531422,0.84198594,1.0007191,4.898587e-17,0.8,1.0,0.08622972667217255,-0.7743747,-0.012017638,0.9980638,-0.8,9.797174e-17,1.0,0.028369488194584846,-0.031945325,-0.79356515,0.9974185,-1.4695762e-16,-0.8,1.0,0.03268906846642494
751,-0.003197155427187681,0,0.057023338973522186,inf,0.010611391,0.034585245,1.0025121,0.0,0.0,1.0,0.036263637244701385,0.872833,-0.065638,0.99848765,0.8,0.0,1.0,0.09805753827095032,-0.07712426,0.8432954,1.0007254,4.898587e-17,0.8,1.0,0.0884486734867096,-0.77401525,-0.012234974,0.9980501,-0.8,9.797174e-17,1.0,0.02878723107278347,-0.03282243,-0.7935037,0.997405,-1.4695762e-16,-0.8,1.0,0.03355962038040161
752,-0.003210933180525899,0,0.058433663100004196,inf,0.010936545,0.03547107,1.0025325,0.0,0.0,1.0,0.037205085158348083,0.87463385,-0.06746079,0.998479,0.8,0.0,1.0,0.10061550885438919,-0.07895817,0.84462714,1.000732,4.898587e-17,0.8,1.0,0.09070010483264923,-0.77365667,-0.012454547,0.9980366,-0.8,9.797174e-17,1.0,0.02920517884194851,-0.033711925,-0.7934438,0.9973916,-1.4695762e-16,-0.8,1.0,0.034442439675331116
753,-0.0032244687899947166,0,0.059863120317459106,inf,0.011267777,0.03636932,1.002553,0.0,0.0,1.0,0.0381602942943573,0.87645656,-0.06931455,0.9984705,0.8,0.0,1.0,0.1032107025384903,-0.08081588,0.8459812,1.000738,4.898587e-17,0.8,1.0,0.09298397600650787,-0.77329916,-0.0126763405,0.99802333,-0.8,9.797174e-17,1.0,0.02962317503988743,-0.03461374,-0.79338557,0.9973784,-1.4695762e-16,-0.8,1.0,0.03533743694424629
754,-0.0032384602818638086,0,0.061311691999435425,inf,0.011605086,0.037279975,1.0025733,0.0,0.0,1.0,0.03912922367453575,0.8783009,-0.07119947,0.9984622,0.8,0.0,1.0,0.10584308952093124,-0.082697414,0.8473576,1.0007443,4.898587e-17,0.8,1.0,0.0953003391623497,-0.7729428,-0.012900405,0.99801034,-0.8,9.797174e-17,1.0,0.03004118613898754,-0.03552787,-0.793329,0.9973653,-1.4695762e-16,-0.8,1.0,0.03624463453888893
755,-0.003253047587350011,0,0.06277940422296524,inf,0.011948476,0.038203113,1.0025934,0.0,0.0,1.0,0.0401119627058506,0.8801668,-0.0731156,0.99845403,0.8,0.0,1.0,0.10851266980171204,-0.08460275,0.84875643,1.0007504,4.898587e-17,0.8,1.0,0.09764926135540009,-0.7725876,-0.013126718,0.99799746,-0.8,9.797174e-17,1.0,0.030459174886345863,-0.036454257,-0.79327416,0.9973525,-1.4695762e-16,-0.8,1.0,0.03716395050287247
756,-0.0032673117239028215,0,0.06426627933979034,inf,0.012298018,0.03913873,1.0026133,0.0,0.0,1.0,0.04110852628946304,0.8820542,-0.07506314,0.998446,0.8,0.0,1.0,0.11121951788663864,-0.086532034,0.85017776,1.0007567,4.898587e-17,0.8,1.0,0.10003086179494858,-0.77223366,-0.0133553315,0.9979848,-0.8,9.797174e-17,1.0,0.03087710775434971,-0.03739289,-0.7932212,0.99733984,-1.4695762e-16,-0.8,1.0,0.038095369935035706
757,-0.003282264806330204,0,0.06577228009700775,inf,0.01265371,0.040086903,1.0026332,0.0,0.0,1.0,0.04211900010704994,0.883963,-0.077042155,0.9984381,0.8,0.0,1.0,0.11396365612745285,-0.08848518,0.8516216,1.0007628,4.898587e-17,0.8,1.0,0.10244511067867279,-0.77188116,-0.013586228,0.99797237,-0.8,9.797174e-17,1.0,0.03129483014345169,-0.038343694,-0.79317,0.9973274,-1.4695762e-16,-0.8,1.0,0.03903884068131447
758,-0.003296976676210761,0,0.06729751080274582,inf,0.013015622,0.041047625,1.0026529,0.0,0.0,1.0,0.043143387883901596,0.88589305,-0.079052836,0.9984304,0.8,0.0,1.0,0.11674513667821884,-0.09046237,0.85308814,1.0007691,4.898587e-17,0.8,1.0,0.10489223897457123,-0.77153003,-0.013819456,0.99796015,-0.8,9.797174e-17,1.0,0.03171243146061897,-0.03930667,-0.7931206,0.99731505,-1.4695762e-16,-0.8,1.0,0.039994366466999054
759,-0.003311916720122099,0,0.06884187459945679,inf,0.013383749,0.042020977,1.0026724,0.0,0.0,1.0,0.04418177157640457,0.8878442,-0.08109523,0.9984228,0.8,0.0,1.0,0.11956389993429184,-0.09246353,0.85457724,1.0007751,4.898587e-17,0.8,1.0,0.10737215727567673,-0.7711805,-0.014054999,0.9979481,-0.8,9.797174e-17,1.0,0.032129690051078796,-0.040281747,-0.7930731,0.99730295,-1.4695762e-16,-0.8,1.0,0.04096187278628349
760,-0.0033270837739109993,0,0.07040543854236603,inf,0.013758161,0.04300695,1.0026917,0.0,0.0,1.0,0.04523416981101036,0.88981634,-0.0831695,0.9984154,0.8,0.0,1.0,0.12241997569799423,-0.0944888,0.856089,1.0007812,4.898587e-17,0.8,1.0,0.10988502204418182,-0.77083254,-0.014292906,0.9979363,-0.8,9.797174e-17,1.0,0.032546695321798325,-0.041268915,-0.7930275,0.997291,-1.4695762e-16,-0.8,1.0,0.04194135591387749
761,-0.0033429511822760105,0,0.07198820263147354,inf,0.014138853,0.044005617,1.0027109,0.0,0.0,1.0,0.04630065709352493,0.89180917,-0.08527584,0.9984082,0.8,0.0,1.0,0.12531329691410065,-0.09653815,0.8576236,1.0007871,4.898587e-17,0.8,1.0,0.11243090778589249,-0.7704862,-0.014533145,0.9979247,-0.8,9.797174e-17,1.0,0.03296339884400368,-0.042268105,-0.79298383,0.9972793,-1.4695762e-16,-0.8,1.0,0.04293275624513626
762,-0.003358582267537713,0,0.0735902339220047,inf,0.014525898,0.045016978,1.00273,0.0,0.0,1.0,0.04738124832510948,0.89382267,-0.08741443,0.9984011,0.8,0.0,1.0,0.12824402749538422,-0.09861172,0.8591809,1.0007933,4.898587e-17,0.8,1.0,0.11500991880893707,-0.77014136,-0.014775767,0.9979132,-0.8,9.797174e-17,1.0,0.03337989002466202,-0.043279313,-0.79294205,0.9972677,-1.4695762e-16,-0.8,1.0,0.04393608123064041
763,-0.003374402178451419,0,0.07521147280931473,inf,0.014919289,0.046041112,1.002749,0.0,0.0,1.0,0.04847603291273117,0.8958566,-0.08958535,0.99839413,0.8,0.0,1.0,0.131212055683136,-0.10070943,0.86076117,1.0007992,4.898587e-17,0.8,1.0,0.11762204766273499,-0.7697983,-0.015020754,0.9979019,-0.8,9.797174e-17,1.0,0.033796001225709915,-0.044302467,-0.79290223,0.99725646,-1.4695762e-16,-0.8,1.0,0.044951241463422775
764,-0.003390456782653928,0,0.07685196399688721,inf,0.015319096,0.047078006,1.0027677,0.0,0.0,1.0,0.04958501085639,0.8979109,-0.09178872,0.9983874,0.8,0.0,1.0,0.13421739637851715,-0.10283142,0.8623643,1.0008051,4.898587e-17,0.8,1.0,0.12026742845773697,-0.769457,-0.015268157,0.9978908,-0.8,9.797174e-17,1.0,0.03421172499656677,-0.04533756,-0.7928644,0.99724525,-1.4695762e-16,-0.8,1.0,0.04597825929522514
765,-0.0034072163980454206,0,0.07851171493530273,inf,0.015725313,0.048127733,1.0027863,0.0,0.0,1.0,0.05070825666189194,0.89998525,-0.09402476,0.99838084,0.8,0.0,1.0,0.1372600793838501,-0.104977645,0.86399037,1.000811,4.898587e-17,0.8,1.0,0.12294603884220123,-0.7691174,-0.015517944,0.99787986,-0.8,9.797174e-17,1.0,0.03462710604071617,-0.046384525,-0.79282856,0.9972343,-1.4695762e-16,-0.8,1.0,0.04701705276966095
766,-0.0034237054642289877,0,0.0801907628774643,inf,0.016138013,0.049190305,1.0028046,0.0,0.0,1.0,0.05184580758213997,0.90207964,-0.09629364,0.9983744,0.8,0.0,1.0,0.1403401643037796,-0.10714821,0.8656395,1.0008171,4.898587e-17,0.8,1.0,0.1256580650806427,-0.76877964,-0.015770163,0.99786913,-0.8,9.797174e-17,1.0,0.03504212573170662,-0.04744336,-0.79279476,0.99722356,-1.4695762e-16,-0.8,1.0,0.04806762561202049
767,-0.0034403332974761724,0,0.0818890780210495,inf,0.016557192,0.05026579,1.0028229,0.0,0.0,1.0,0.05299772322177887,0.9041939,-0.09859543,0.9983682,0.8,0.0,1.0,0.14345760643482208,-0.10934302,0.86731166,1.0008228,4.898587e-17,0.8,1.0,0.12840339541435242,-0.7684437,-0.016024802,0.9978587,-0.8,9.797174e-17,1.0,0.035456735640764236,-0.048513986,-0.792763,0.99721307,-1.4695762e-16,-0.8,1.0,0.0491299107670784
768,-0.0034576673060655594,0,0.08360669016838074,inf,0.016982878,0.05135417,1.0028409,0.0,0.0,1.0,0.05416400358080864,0.9063277,-0.10093026,0.9983622,0.8,0.0,1.0,0.14661234617233276,-0.11156222,0.869007,1.0008286,4.898587e-17,0.8,1.0,0.1311822384595871,-0.7681097,-0.016281907,0.9978483,-0.8,9.797174e-17,1.0,0.035870932042598724,-0.049596403,-0.7927333,0.99720275,-1.4695762e-16,-0.8,1.0,0.05020390823483467
769,-0.0034752541687339544,0,0.08534359186887741,inf,0.01741503,0.052455522,1.0028585,0.0,0.0,1.0,0.055344704538583755,0.90848106,-0.103298336,0.9983564,0.8,0.0,1.0,0.14980448782444,-0.11380578,0.8707255,1.0008345,4.898587e-17,0.8,1.0,0.13399457931518555,-0.7677776,-0.016541459,0.9978381,-0.8,9.797174e-17,1.0,0.03628465533256531,-0.050690543,-0.7927058,0.99719274,-1.4695762e-16,-0.8,1.0,0.051289547234773636
770,-0.0034926263615489006,0,0.08709981292486191,inf,0.017853688,0.053569853,1.0028762,0.0,0.0,1.0,0.056539859622716904,0.9106537,-0.105699815,0.99835074,0.8,0.0,1.0,0.1530340164899826,-0.11607377,0.8724672,1.0008404,4.898587e-17,0.8,1.0,0.13684050738811493,-0.76744765,-0.01680351,0.99782807,-0.8,9.797174e-17,1.0,0.036697838455438614,-0.051796395,-0.79268026,0.9971829,-1.4695762e-16,-0.8,1.0,0.05238684266805649
771,-0.003510252572596073,0,0.08887531608343124,inf,0.01829881,0.05469723,1.0028936,0.0,0.0,1.0,0.057749513536691666,0.91284555,-0.10813477,0.9983453,0.8,0.0,1.0,0.15630093216896057,-0.11836613,0.87423223,1.0008461,4.898587e-17,0.8,1.0,0.13971999287605286,-0.7671198,-0.017068045,0.9978183,-0.8,9.797174e-17,1.0,0.03711044043302536,-0.052913893,-0.79265696,0.9971733,-1.4695762e-16,-0.8,1.0,0.05349570885300636
772,-0.003528593573719263,0,0.0906701534986496,inf,0.018750422,0.055837635,1.0029107,0.0,0.0,1.0,0.058973658829927444,0.9150564,-0.110603325,0.99834013,0.8,0.0,1.0,0.1596052199602127,-0.12068299,0.8760206,1.000852,4.898587e-17,0.8,1.0,0.14263324439525604,-0.76679415,-0.017335111,0.9978086,-0.8,9.797174e-17,1.0,0.03752250224351883,-0.054043032,-0.7926358,0.9971639,-1.4695762e-16,-0.8,1.0,0.054616156965494156
773,-0.0035471979063004255,0,0.09248428046703339,inf,0.019208482,0.05699114,1.0029275,0.0,0.0,1.0,0.06021234393119812,0.91728604,-0.11310569,0.9983352,0.8,0.0,1.0,0.16294686496257782,-0.123024315,0.87783235,1.0008577,4.898587e-17,0.8,1.0,0.14558018743991852,-0.76647073,-0.017604694,0.9977991,-0.8,9.797174e-17,1.0,0.037933915853500366,-0.055183742,-0.79261684,0.99715483,-1.4695762e-16,-0.8,1.0,0.0557481087744236
774,-0.0035655975807458162,0,0.09431775659322739,inf,0.019673035,0.05815776,1.0029442,0.0,0.0,1.0,0.06146561726927757,0.9195343,-0.11564201,0.99833035,0.8,0.0,1.0,0.16632592678070068,-0.12539019,0.8796676,1.0008637,4.898587e-17,0.8,1.0,0.14856098592281342,-0.76614964,-0.017876841,0.9977897,-0.8,9.797174e-17,1.0,0.03834468126296997,-0.05633602,-0.7926001,0.997146,-1.4695762e-16,-0.8,1.0,0.05689157545566559
775,-0.0035842598881572485,0,0.09617053717374802,inf,0.020144032,0.059337556,1.0029607,0.0,0.0,1.0,0.06273350864648819,0.92180115,-0.11821235,0.99832577,0.8,0.0,1.0,0.1697423905134201,-0.12778053,0.8815263,1.0008693,4.898587e-17,0.8,1.0,0.15157556533813477,-0.76583093,-0.01815154,0.99778056,-0.8,9.797174e-17,1.0,0.038754742592573166,-0.057499792,-0.7925856,0.9971374,-1.4695762e-16,-0.8,1.0,0.058046478778123856
776,-0.003603508695960045,0,0.09804265201091766,inf,0.020621506,0.060530514,1.0029769,0.0,0.0,1.0,0.06401602923870087,0.9240863,-0.12081684,0.9983215,0.8,0.0,1.0,0.1731962114572525,-0.13019547,0.88340855,1.0008751,4.898587e-17,0.8,1.0,0.1546240895986557,-0.7655147,-0.01842884,0.9977715,-0.8,9.797174e-17,1.0,0.03916410356760025,-0.05867505,-0.79257333,0.9971291,-1.4695762e-16,-0.8,1.0,0.059212829917669296
777,-0.0036225675139576197,0,0.09993407875299454,inf,0.021105412,0.06173671,1.0029927,0.0,0.0,1.0,0.06531322002410889,0.9263895,-0.1234556,0.9983174,0.8,0.0,1.0,0.1766873598098755,-0.13263498,0.8853144,1.000881,4.898587e-17,0.8,1.0,0.15770655870437622,-0.765201,-0.018708756,0.9977626,-0.8,9.797174e-17,1.0,0.03957267478108406,-0.05986173,-0.7925634,0.997121,-1.4695762e-16,-0.8,1.0,0.06039055436849594
778,-0.0036423541605472565,0,0.10184482485055923,inf,0.021595797,0.06295615,1.0030085,0.0,0.0,1.0,0.06662511825561523,0.92871064,-0.12612864,0.9983135,0.8,0.0,1.0,0.1802157163619995,-0.13509913,0.8872439,1.0008867,4.898587e-17,0.8,1.0,0.16082307696342468,-0.7648898,-0.018991368,0.9977538,-0.8,9.797174e-17,1.0,0.03998057171702385,-0.06105983,-0.79255575,0.9971131,-1.4695762e-16,-0.8,1.0,0.06157965585589409
779,-0.003661954076960683,0,0.10377489030361176,inf,0.022092603,0.06418889,1.003024,0.0,0.0,1.0,0.0679517611861229,0.9310495,-0.12883613,0.99830985,0.8,0.0,1.0,0.18378134071826935,-0.13758789,0.8891972,1.0008924,4.898587e-17,0.8,1.0,0.1639736443758011,-0.76458126,-0.019276697,0.9977454,-0.8,9.797174e-17,1.0,0.04038764908909798,-0.062269267,-0.79255044,0.9971055,-1.4695762e-16,-0.8,1.0,0.06278005987405777
780,-0.0036822876427322626,0,0.10572425276041031,inf,0.022595879,0.06543493,1.0030392,0.0,0.0,1.0,0.06929315626621246,0.9334059,-0.13157803,0.99830633,0.8,0.0,1.0,0.18738402426242828,-0.14010134,0.89117414,1.0008982,4.898587e-17,0.8,1.0,0.1671583503484726,-0.76427543,-0.019564817,0.9977369,-0.8,9.797174e-17,1.0,0.04079398885369301,-0.06349004,-0.79254746,0.9970981,-1.4695762e-16,-0.8,1.0,0.06399177014827728
781,-0.0037023129407316446,0,0.10769293457269669,inf,0.023105567,0.06669435,1.0030543,0.0,0.0,1.0,0.07064936310052872,0.9357796,-0.1343545,0.99830306,0.8,0.0,1.0,0.1910238265991211,-0.14263944,0.89317495,1.0009038,4.898587e-17,0.8,1.0,0.1703772246837616,-0.7639724,-0.019855749,0.9977287,-0.8,9.797174e-17,1.0,0.041199494153261185,-0.06472208,-0.7925469,0.9970908,-1.4695762e-16,-0.8,1.0,0.06521472334861755
782,-0.003723075846210122,0,0.1096809059381485,inf,0.023621717,0.06796714,1.003069,0.0,0.0,1.0,0.07202038913965225,0.9381704,-0.13716556,0.9982999,0.8,0.0,1.0,0.19470061361789703,-0.14520225,0.89519954,1.0009094,4.898587e-17,0.8,1.0,0.1736302673816681,-0.7636721,-0.020149572,0.99772054,-0.8,9.797174e-17,1.0,0.04160429537296295,-0.06596539,-0.7925487,0.9970838,-1.4695762e-16,-0.8,1.0,0.06644891947507858
783,-0.003743661567568779,0,0.11168815940618515,inf,0.024144275,0.06925337,1.0030836,0.0,0.0,1.0,0.07340628653764725,0.9405781,-0.14001136,0.9982969,0.8,0.0,1.0,0.1984144151210785,-0.14778967,0.89724815,1.0009149,4.898587e-17,0.8,1.0,0.17691756784915924,-0.76337475,-0.020446308,0.99771273,-0.8,9.797174e-17,1.0,0.04200825095176697,-0.06721988,-0.792553,0.99707687,-1.4695762e-16,-0.8,1.0,0.0676942765712738
784,-0.0037645320408046246,0,0.11371469497680664,inf,0.024673283,0.070553035,1.003098,0.0,0.0,1.0,0.0748070776462555,0.9430025,-0.14289185,0.99829406,0.8,0.0,1.0,0.20216505229473114,-0.15040176,0.89932066,1.0009205,4.898587e-17,0.8,1.0,0.18023908138275146,-0.7630803,-0.020746028,0.99770486,-0.8,9.797174e-17,1.0,0.0424114428460598,-0.068485565,-0.79255974,0.9970702,-1.4695762e-16,-0.8,1.0,0.06895080953836441
785,-0.0037856895942240953,0,0.11576048284769058,inf,0.025208691,0.07186621,1.0031121,0.0,0.0,1.0,0.07622279971837997,0.9454435,-0.14580724,0.99829143,0.8,0.0,1.0,0.20595262944698334,-0.15303843,0.901417,1.0009259,4.898587e-17,0.8,1.0,0.1835947334766388,-0.7627889,-0.02104876,0.9976973,-0.8,9.797174e-17,1.0,0.04281378537416458,-0.06976236,-0.7925689,0.99706364,-1.4695762e-16,-0.8,1.0,0.07021844387054443
786,-0.003807483008131385,0,0.11782549321651459,inf,0.025750544,0.07319289,1.003126,0.0,0.0,1.0,0.07765346765518188,0.9479008,-0.14875747,0.99828887,0.8,0.0,1.0,0.2097768932580948,-0.15569972,0.90353733,1.0009314,4.898587e-17,0.8,1.0,0.1869846135377884,-0.7625005,-0.02135458,0.9976897,-0.8,9.797174e-17,1.0,0.04321535676717758,-0.071050264,-0.7925806,0.9970572,-1.4695762e-16,-0.8,1.0,0.07149718701839447
787,-0.0038291090168058872,0,0.11990976333618164,inf,0.026298787,0.07453314,1.0031399,0.0,0.0,1.0,0.079099141061306,0.9503741,-0.1517427,0.9982865,0.8,0.0,1.0,0.21363790333271027,-0.15838553,0.9056816,1.0009366,4.898587e-17,0.8,1.0,0.1904086470603943,-0.76221526,-0.021663504,0.9976825,-0.8,9.797174e-17,1.0,0.043616119772195816,-0.07234921,-0.79259485,0.99705094,-1.4695762e-16,-0.8,1.0,0.07278696447610855
788,-0.0038510302547365427,0,0.12201324850320816,inf,0.026853465,0.075886965,1.0031534,0.0,0.0,1.0,0.08055981993675232,0.9528634,-0.15476292,0.9982842,0.8,0.0,1.0,0.21753555536270142,-0.16109595,0.90784985,1.000942,4.898587e-17,0.8,1.0,0.19386690855026245,-0.7619331,-0.021975603,0.99767524,-0.8,9.797174e-17,1.0,0.04401616007089615,-0.0736592,-0.7926116,0.9970449,-1.4695762e-16,-0.8,1.0,0.07408777624368668
789,-0.003873248351737857,0,0.12413594871759415,inf,0.027414527,0.07725443,1.0031668,0.0,0.0,1.0,0.08203554898500443,0.9553684,-0.15781827,0.9982821,0.8,0.0,1.0,0.22146984934806824,-0.16383085,0.91004205,1.0009471,4.898587e-17,0.8,1.0,0.19735929369926453,-0.7616541,-0.022290895,0.9976683,-0.8,9.797174e-17,1.0,0.044415440410375595,-0.07498015,-0.792631,0.9970389,-1.4695762e-16,-0.8,1.0,0.07539955526590347
790,-0.003896021982654929,0,0.1262778639793396,inf,0.027982013,0.07863554,1.0031801,0.0,0.0,1.0,0.0835263729095459,0.9578889,-0.16090876,0.99828005,0.8,0.0,1.0,0.22544065117835999,-0.16659029,0.9122582,1.0009524,4.898587e-17,0.8,1.0,0.2008858621120453,-0.76137817,-0.022609452,0.9976614,-0.8,9.797174e-17,1.0,0.0448140949010849,-0.07631206,-0.7926529,0.9970331,-1.4695762e-16,-0.8,1.0,0.07672230899333954
791,-0.00391863938421011,0,0.12843894958496094,inf,0.028555876,0.08003035,1.0031931,0.0,0.0,1.0,0.08503229916095734,0.9604247,-0.1640345,0.99827814,0.8,0.0,1.0,0.22944797575473785,-0.16937417,0.91449827,1.0009574,4.898587e-17,0.8,1.0,0.20444650948047638,-0.7611055,-0.02293129,0.9976548,-0.8,9.797174e-17,1.0,0.0452120415866375,-0.07765486,-0.7926775,0.99702734,-1.4695762e-16,-0.8,1.0,0.0780559629201889
792,-0.003942021168768406,0,0.13061925768852234,inf,0.029136155,0.08143887,1.0032061,0.0,0.0,1.0,0.08655335754156113,0.9629756,-0.16719548,0.9982763,0.8,0.0,1.0,0.2334916591644287,-0.17218256,0.9167623,1.0009625,4.898587e-17,0.8,1.0,0.20804132521152496,-0.76083595,-0.023256484,0.9976481,-0.8,9.797174e-17,1.0,0.045609425753355026,-0.07900855,-0.79270476,0.9970218,-1.4695762e-16,-0.8,1.0,0.07940050959587097
793,-0.003965250216424465,0,0.13281869888305664,inf,0.0297228,0.08286116,1.0032189,0.0,0.0,1.0,0.08808960765600204,0.9655414,-0.17039184,0.9982746,0.8,0.0,1.0,0.23757170140743256,-0.17501535,0.91905016,1.0009674,4.898587e-17,0.8,1.0,0.2116701304912567,-0.7605697,-0.02358505,0.9976418,-0.8,9.797174e-17,1.0,0.04600615054368973,-0.080373056,-0.7927346,0.9970163,-1.4695762e-16,-0.8,1.0,0.08075590431690216
794,-0.0039892494678497314,0,0.1350373476743698,inf,0.030315854,0.08429723,1.0032316,0.0,0.0,1.0,0.08964104950428009,0.96812195,-0.17362359,0.998273,0.8,0.0,1.0,0.241688072681427,-0.1778726,0.921362,1.0009723,4.898587e-17,0.8,1.0,0.21533307433128357,-0.7603066,-0.023917057,0.9976354,-0.8,9.797174e-17,1.0,0.04640241339802742,-0.081748374,-0.7927672,0.997011,-1.4695762e-16,-0.8,1.0,0.08212212473154068
795,-0.004013096448034048,0,0.1372751146554947,inf,0.030915262,0.08574713,1.003244,0.0,0.0,1.0,0.09120772033929825,0.97071695,-0.1768908,0.99827147,0.8,0.0,1.0,0.2458406388759613,-0.1807542,0.92369765,1.000977,4.898587e-17,0.8,1.0,0.2190299928188324,-0.76004684,-0.024252528,0.9976294,-0.8,9.797174e-17,1.0,0.046798087656497955,-0.083134435,-0.7928026,0.9970057,-1.4695762e-16,-0.8,1.0,0.08349911868572235
796,-0.0040377238765358925,0,0.13953202962875366,inf,0.03152107,0.08721087,1.0032564,0.0,0.0,1.0,0.09278964251279831,0.9733262,-0.18019353,0.9982701,0.8,0.0,1.0,0.2500293254852295,-0.18366021,0.9260571,1.0009818,4.898587e-17,0.8,1.0,0.22276091575622559,-0.7597903,-0.02459153,0.9976233,-0.8,9.797174e-17,1.0,0.04719335213303566,-0.08453124,-0.7928406,0.9970006,-1.4695762e-16,-0.8,1.0,0.08488689363002777
797,-0.004062205087393522,0,0.14180807769298553,inf,0.03213322,0.088688515,1.0032687,0.0,0.0,1.0,0.09438686817884445,0.9759496,-0.18353185,0.9982687,0.8,0.0,1.0,0.25425416231155396,-0.18659054,0.92844045,1.0009865,4.898587e-17,0.8,1.0,0.22652582824230194,-0.7595371,-0.024934083,0.99761754,-0.8,9.797174e-17,1.0,0.04758814722299576,-0.08593871,-0.7928815,0.99699545,-1.4695762e-16,-0.8,1.0,0.08628535270690918
798,-0.0040874723345041275,0,0.1441032439470291,inf,0.032751765,0.09018006,1.0032808,0.0,0.0,1.0,0.09599939733743668,0.97858685,-0.18690579,0.99826753,0.8,0.0,1.0,0.25851505994796753,-0.18954523,0.9308476,1.0009911,4.898587e-17,0.8,1.0,0.23032468557357788,-0.75928724,-0.025280258,0.9976117,-0.8,9.797174e-17,1.0,0.04798255115747452,-0.08735685,-0.79292506,0.99699056,-1.4695762e-16,-0.8,1.0,0.08769453316926956
799,-0.0041126674041152,0,0.1464175134897232,inf,0.033376645,0.09168558,1.0032927,0.0,0.0,1.0,0.09762728959321976,0.98123777,-0.19031541,0.99826634,0.8,0.0,1.0,0.2628118693828583,-0.19252418,0.9332785,1.0009955,4.898587e-17,0.8,1.0,0.23415744304656982,-0.7590407,-0.025630075,0.9976062,-0.8,9.797174e-17,1.0,0.048376597464084625,-0.08878558,-0.79297155,0.9969857,-1.4695762e-16,-0.8,1.0,0.08911433070898056
800,-0.004138654563575983,0,0.14875087141990662,inf,0.034007903,0.093205065,1.0033046,0.0,0.0,1.0,0.0992705449461937,0.98390216,-0.19376077,0.9982653,0.8,0.0,1.0,0.2671446204185486,-0.19552745,0.9357332,1.001,4.898587e-17,0.8,1.0,0.23802411556243896,-0.7587976,-0.025983604,0.9976007,-0.8,9.797174e-17,1.0,0.048770323395729065,-0.09022491,-0.79302084,0.99698097,-1.4695762e-16,-0.8,1.0,0.09054478257894516
801,-0.004164168145507574,0,0.15110334753990173,inf,0.034645487,0.09473859,1.0033163,0.0,0.0,1.0,0.10092922300100327,0.9865799,-0.19724195,0.9982643,0.8,0.0,1.0,0.2715132534503937,-0.19855495,0.9382117,1.0010043,4.898587e-17,0.8,1.0,0.24192467331886292,-0.7585578,-0.026340863,0.9975954,-0.8,9.797174e-17,1.0,0.049163807183504105,-0.09167475,-0.793073,0.9969762,-1.4695762e-16,-0.8,1.0,0.0919857993721962
802,-0.004190938081592321,0,0.15347488224506378,inf,0.03528944,0.09628614,1.0033278,0.0,0.0,1.0,0.10260330885648727,0.98927075,-0.20075898,0.9982634,0.8,0.0,1.0,0.27591773867607117,-0.2016067,0.9407138,1.0010087,4.898587e-17,0.8,1.0,0.24585901200771332,-0.75832146,-0.026701808,0.9975901,-0.8,9.797174e-17,1.0,0.04955698922276497,-0.093135126,-0.7931281,0.9969717,-1.4695762e-16,-0.8,1.0,0.09343738853931427
803,-0.004217120818793774,0,0.15586550533771515,inf,0.035939712,0.09784779,1.0033393,0.0,0.0,1.0,0.10429287701845169,0.99197453,-0.20431197,0.9982625,0.8,0.0,1.0,0.2803580164909363,-0.20468265,0.94323975,1.0010129,4.898587e-17,0.8,1.0,0.24982720613479614,-0.7580886,-0.027066503,0.9975851,-0.8,9.797174e-17,1.0,0.049949921667575836,-0.094605945,-0.79318607,0.99696714,-1.4695762e-16,-0.8,1.0,0.0948994904756546
804,-0.004244565032422543,0,0.15827517211437225,inf,0.03659634,0.09942354,1.0033506,0.0,0.0,1.0,0.10599792003631592,0.9946911,-0.20790091,0.9982618,0.8,0.0,1.0,0.28483402729034424,-0.20778282,0.94578934,1.0010171,4.898587e-17,0.8,1.0,0.2538291811943054,-0.7578592,-0.0274349,0.99758,-0.8,9.797174e-17,1.0,0.050342634320259094,-0.09608722,-0.7932469,0.99696285,-1.4695762e-16,-0.8,1.0,0.0963720977306366
805,-0.004271429032087326,0,0.1607038825750351,inf,0.037259273,0.10101345,1.0033618,0.0,0.0,1.0,0.10771849006414413,0.9974202,-0.21152592,0.9982611,0.8,0.0,1.0,0.28934577107429504,-0.21090712,0.9483626,1.0010211,4.898587e-17,0.8,1.0,0.25786489248275757,-0.75763327,-0.027807062,0.9975752,-0.8,9.797174e-17,1.0,0.05073512718081474,-0.09757885,-0.7933109,0.9969584,-1.4695762e-16,-0.8,1.0,0.09785514324903488
806,-0.0042995610274374485,0,0.16315163671970367,inf,0.037928555,0.10261753,1.0033729,0.0,0.0,1.0,0.10945460200309753,1.0001616,-0.215187,0.9982605,0.8,0.0,1.0,0.29389309883117676,-0.2140556,0.9509595,1.0010252,4.898587e-17,0.8,1.0,0.261934369802475,-0.7574109,-0.028182944,0.99757034,-0.8,9.797174e-17,1.0,0.051127444952726364,-0.09908088,-0.79337776,0.99695426,-1.4695762e-16,-0.8,1.0,0.09934864193201065
807,-0.004327118396759033,0,0.1656184047460556,inf,0.038604133,0.10423583,1.0033839,0.0,0.0,1.0,0.1112062856554985,1.0029154,-0.21888426,0.99825996,0.8,0.0,1.0,0.29847612977027893,-0.21722817,0.9535801,1.0010291,4.898587e-17,0.8,1.0,0.26603755354881287,-0.7571921,-0.02856261,0.99756575,-0.8,9.797174e-17,1.0,0.05151958391070366,-0.100593194,-0.7934476,0.99695,-1.4695762e-16,-0.8,1.0,0.10085250437259674
808,-0.004355685785412788,0,0.16810420155525208,inf,0.039286047,0.10586836,1.0033948,0.0,0.0,1.0,0.11297357827425003,1.0056812,-0.2226177,0.9982595,0.8,0.0,1.0,0.3030947148799896,-0.22042486,0.9562242,1.0010331,4.898587e-17,0.8,1.0,0.2701743543148041,-0.75697684,-0.02894601,0.9975611,-0.8,9.797174e-17,1.0,0.05191158503293991,-0.10211583,-0.79352057,0.996946,-1.4695762e-16,-0.8,1.0,0.10236676037311554
809,-0.0043841456063091755,0,0.17060895264148712,inf,0.03997425,0.10751509,1.0034055,0.0,0.0,1.0,0.11475639790296555,1.0084586,-0.22638743,0.99825907,0.8,0.0,1.0,0.3077487349510193,-0.2236456,0.958892,1.0010369,4.898587e-17,0.8,1.0,0.2743448317050934,-0.7567652,-0.029333211,0.9975567,-0.8,9.797174e-17,1.0,0.052303511649370193,-0.103648685,-0.7935966,0.9969418,-1.4695762e-16,-0.8,1.0,0.10389131307601929
810,-0.0044134254567325115,0,0.1731327474117279,inf,0.04066878,0.10917609,1.0034162,0.0,0.0,1.0,0.1165548786520958,1.0112479,-0.23019345,0.99825877,0.8,0.0,1.0,0.31243833899497986,-0.22689041,0.9615833,1.0010407,4.898587e-17,0.8,1.0,0.278548926115036,-0.75655717,-0.029724168,0.9975522,-0.8,9.797174e-17,1.0,0.05269533768296242,-0.10519178,-0.7936757,0.996938,-1.4695762e-16,-0.8,1.0,0.10542619973421097
811,-0.004442605655640364,0,0.17567548155784607,inf,0.0413696,0.11085133,1.0034266,0.0,0.0,1.0,0.11836892366409302,1.0140486,-0.23403586,0.99825853,0.8,0.0,1.0,0.3171633780002594,-0.23015924,0.96429825,1.0010444,4.898587e-17,0.8,1.0,0.28278660774230957,-0.75635284,-0.03011894,0.997548,-0.8,9.797174e-17,1.0,0.053087085485458374,-0.10674503,-0.7937579,0.996934,-1.4695762e-16,-0.8,1.0,0.10697133094072342
812,-0.004472610540688038,0,0.17823714017868042,inf,0.04207673,0.112540886,1.003437,0.0,0.0,1.0,0.12019865214824677,1.0168605,-0.23791465,0.99825835,0.8,0.0,1.0,0.32192370295524597,-0.23345208,0.96703666,1.001048,4.898587e-17,0.8,1.0,0.2870578467845917,-0.7561522,-0.030517487,0.9975437,-0.8,9.797174e-17,1.0,0.05347878113389015,-0.10830844,-0.7938433,0.9969303,-1.4695762e-16,-0.8,1.0,0.10852670669555664
813,-0.0045025222934782505,0,0.18081776797771454,inf,0.042790134,0.11424472,1.0034472,0.0,0.0,1.0,0.12204398959875107,1.0196835,-0.24182993,0.99825823,0.8,0.0,1.0,0.3267194330692291,-0.2367689,0.9697986,1.0010515,4.898587e-17,0.8,1.0,0.2913626432418823,-0.7559553,-0.030919867,0.99753964,-0.8,9.797174e-17,1.0,0.053870491683483124,-0.10988193,-0.79393184,0.9969265,-1.4695762e-16,-0.8,1.0,0.11009226739406586
814,-0.004533266648650169,0,0.18341732025146484,inf,0.043509845,0.115962915,1.0034574,0.0,0.0,1.0,0.12390503287315369,1.0225174,-0.2457817,0.99825823,0.8,0.0,1.0,0.3315504193305969,-0.24010968,0.97258407,1.0010551,4.898587e-17,0.8,1.0,0.29570090770721436,-0.7557621,-0.031326037,0.99753547,-0.8,9.797174e-17,1.0,0.05426220968365669,-0.11146553,-0.7940236,0.9969229,-1.4695762e-16,-0.8,1.0,0.11166803538799286
815,-0.004563922993838787,0,0.18603578209877014,inf,0.044235818,0.11769543,1.0034674,0.0,0.0,1.0,0.12578172981739044,1.025362,-0.24977005,0.99825823,0.8,0.0,1.0,0.336416631937027,-0.24347438,0.975393,1.0010586,4.898587e-17,0.8,1.0,0.30007264018058777,-0.7555727,-0.03173606,0.9975316,-0.8,9.797174e-17,1.0,0.054653991013765335,-0.11305912,-0.7941185,0.9969192,-1.4695762e-16,-0.8,1.0,0.11325390636920929
816,-0.004595419391989708,0,0.18867316842079163,inf,0.04496809,0.119442336,1.0034773,0.0,0.0,1.0,0.1276741623878479,1.0282172,-0.25379497,0.9982584,0.8,0.0,1.0,0.3413180410861969,-0.246863,0.97822535,1.0010619,4.898587e-17,0.8,1.0,0.3044778108596802,-0.755387,-0.032149892,0.9975276,-0.8,9.797174e-17,1.0,0.055045876652002335,-0.114662744,-0.7942167,0.9969158,-1.4695762e-16,-0.8,1.0,0.11484991759061813
817,-0.00462683429941535,0,0.19132943451404572,inf,0.04570662,0.12120361,1.0034871,0.0,0.0,1.0,0.12958228588104248,1.0310827,-0.25785658,0.99825853,0.8,0.0,1.0,0.3462546467781067,-0.2502755,0.9810812,1.0010653,4.898587e-17,0.8,1.0,0.3089164197444916,-0.7552052,-0.032567594,0.9975238,-0.8,9.797174e-17,1.0,0.0554378367960453,-0.1162763,-0.7943182,0.9969122,-1.4695762e-16,-0.8,1.0,0.11645598709583282
818,-0.00465909531340003,0,0.1940045803785324,inf,0.04645143,0.12297933,1.0034968,0.0,0.0,1.0,0.13150618970394135,1.0339584,-0.26195484,0.9982588,0.8,0.0,1.0,0.3512263000011444,-0.25371185,0.98396045,1.0010685,4.898587e-17,0.8,1.0,0.3133884072303772,-0.75502723,-0.032989126,0.9975199,-0.8,9.797174e-17,1.0,0.055829957127571106,-0.11789982,-0.7944229,0.99690896,-1.4695762e-16,-0.8,1.0,0.11807212233543396
819,-0.004691096488386393,0,0.19669859111309052,inf,0.047202483,0.124769434,1.0035062,0.0,0.0,1.0,0.13344579935073853,1.036844,-0.26608986,0.9982591,0.8,0.0,1.0,0.35623297095298767,-0.25717205,0.9868631,1.0010717,4.898587e-17,0.8,1.0,0.31789371371269226,-0.7548531,-0.033414546,0.9975162,-0.8,9.797174e-17,1.0,0.056222252547740936,-0.119533196,-0.79453105,0.99690545,-1.4695762e-16,-0.8,1.0,0.11969824880361557
820,-0.004723949823528528,0,0.19941145181655884,inf,0.047959752,0.12657402,1.0035156,0.0,0.0,1.0,0.1354011744260788,1.0397394,-0.27026162,0.9982596,0.8,0.0,1.0,0.3612746000289917,-0.2606561,0.98978907,1.0010748,4.898587e-17,0.8,1.0,0.32243236899375916,-0.7546829,-0.03384381,0.99751246,-0.8,9.797174e-17,1.0,0.056614771485328674,-0.12117646,-0.79464245,0.99690235,-1.4695762e-16,-0.8,1.0,0.12133438885211945
821,-0.004756737034767866,0,0.20214314758777618,inf,0.04872312,0.12839304,1.0035248,0.0,0.0,1.0,0.13737225532531738,1.0426444,-0.2744702,0.99826,0.8,0.0,1.0,0.3663512170314789,-0.26416388,0.9927384,1.0010779,4.898587e-17,0.8,1.0,0.3270043134689331,-0.75451666,-0.03427699,0.9975089,-0.8,9.797174e-17,1.0,0.057007480412721634,-0.122829504,-0.79475725,0.99689895,-1.4695762e-16,-0.8,1.0,0.12298044562339783
822,-0.004790437873452902,0,0.20489367842674255,inf,0.049492568,0.13022657,1.003534,0.0,0.0,1.0,0.13935911655426025,1.0455588,-0.27871567,0.9982607,0.8,0.0,1.0,0.37146276235580444,-0.26769546,0.9957111,1.001081,4.898587e-17,0.8,1.0,0.33160948753356934,-0.7543543,-0.03471403,0.9975052,-0.8,9.797174e-17,1.0,0.05740051344037056,-0.12449238,-0.7948754,0.99689597,-1.4695762e-16,-0.8,1.0,0.12463647127151489
823,-0.0048240781761705875,0,0.20766296982765198,inf,0.050267994,0.13207455,1.0035428,0.0,0.0,1.0,0.14136162400245667,1.0484824,-0.282998,0.9982613,0.8,0.0,1.0,0.37660905718803406,-0.27125075,0.9987071,1.001084,4.898587e-17,0.8,1.0,0.33624792098999023,-0.7541959,-0.035155,0.9975017,-0.8,9.797174e-17,1.0,0.05779385566711426,-0.12616496,-0.79499704,0.9968927,-1.4695762e-16,-0.8,1.0,0.1263023465871811
824,-0.004858586937189102,0,0.21045103669166565,inf,0.051049396,0.13393708,1.0035517,0.0,0.0,1.0,0.14337989687919617,1.051415,-0.28731728,0.9982621,0.8,0.0,1.0,0.3817901611328125,-0.27482978,1.0017264,1.0010868,4.898587e-17,0.8,1.0,0.34091952443122864,-0.7540416,-0.035599854,0.9974981,-0.8,9.797174e-17,1.0,0.05818748474121094,-0.12784728,-0.795122,0.99688977,-1.4695762e-16,-0.8,1.0,0.1279781013727188
825,-0.004893043078482151,0,0.21325786411762238,inf,0.051836677,0.13581409,1.0035603,0.0,0.0,1.0,0.1454138308763504,1.0543565,-0.2916735,0.9982629,0.8,0.0,1.0,0.387006014585495,-0.2784325,1.004769,1.0010897,4.898587e-17,0.8,1.0,0.34562429785728455,-0.7538913,-0.036048654,0.99749464,-0.8,9.797174e-17,1.0,0.05858153849840164,-0.12953927,-0.7952506,0.9968866,-1.4695762e-16,-0.8,1.0,0.12966369092464447
826,-0.0049283746629953384,0,0.21608348190784454,inf,0.052629832,0.13770568,1.0035689,0.0,0.0,1.0,0.14746353030204773,1.0573065,-0.29606673,0.99826384,0.8,0.0,1.0,0.392256498336792,-0.28205886,1.0078348,1.0010924,4.898587e-17,0.8,1.0,0.35036221146583557,-0.75374496,-0.03650136,0.9974911,-0.8,9.797174e-17,1.0,0.05897604301571846,-0.1312409,-0.79538256,0.9968838,-1.4695762e-16,-0.8,1.0,0.13135908544063568
827,-0.004963197745382786,0,0.21892781555652618,inf,0.053428765,0.13961178,1.0035772,0.0,0.0,1.0,0.1495288610458374,1.0602651,-0.30049703,0.99826485,0.8,0.0,1.0,0.39754167199134827,-0.2857089,1.0109239,1.001095,4.898587e-17,0.8,1.0,0.3551332652568817,-0.75360274,-0.03695803,0.9974878,-0.8,9.797174e-17,1.0,0.0593709871172905,-0.13295214,-0.7955181,0.99688077,-1.4695762e-16,-0.8,1.0,0.13306422531604767
828,-0.004999353084713221,0,0.22179079055786133,inf,0.05423347,0.14153251,1.0035856,0.0,0.0,1.0,0.15160995721817017,1.0632318,-0.3049643,0.99826586,0.8,0.0,1.0,0.4028612971305847,-0.28938237,1.014036,1.0010976,4.898587e-17,0.8,1.0,0.35993722081184387,-0.75346464,-0.03741863,0.9974843,-0.8,9.797174e-17,1.0,0.05976640433073044,-0.13467297,-0.7956572,0.996878,-1.4695762e-16,-0.8,1.0,0.13477914035320282
829,-0.005034931935369968,0,0.22467248141765594,inf,0.05504385,0.14346777,1.0035936,0.0,0.0,1.0,0.15370666980743408,1.0662067,-0.30946875,0.99826705,0.8,0.0,1.0,0.4082155227661133,-0.2930793,1.0171715,1.0011002,4.898587e-17,0.8,1.0,0.36477407813072205,-0.7533307,-0.03788322,0.99748105,-0.8,9.797174e-17,1.0,0.060162343084812164,-0.13640329,-0.79579985,0.99687505,-1.4695762e-16,-0.8,1.0,0.13650371134281158
830,-0.0050717745907604694,0,0.22757279872894287,inf,0.055859905,0.14541768,1.0036017,0.0,0.0,1.0,0.1558191329240799,1.0691894,-0.3140103,0.99826825,0.8,0.0,1.0,0.41360417008399963,-0.29679942,1.0203302,1.0011026,4.898587e-17,0.8,1.0,0.3696437478065491,-0.7532009,-0.03835175,0.99747765,-0.8,9.797174e-17,1.0,0.06055887043476105,-0.13814317,-0.79594606,0.9968724,-1.4695762e-16,-0.8,1.0,0.13823802769184113
831,-0.0051078107208013535,0,0.23049168288707733,inf,0.05668153,0.14738217,1.0036094,0.0,0.0,1.0,0.15794722735881805,1.0721798,-0.318589,0.9982696,0.8,0.0,1.0,0.419027179479599,-0.3005428,1.023512,1.0011051,4.898587e-17,0.8,1.0,0.3745461404323578,-0.75307524,-0.03882429,0.9974745,-0.8,9.797174e-17,1.0,0.06095603108406067,-0.13989246,-0.79609597,0.99686956,-1.4695762e-16,-0.8,1.0,0.1399819254875183
832,-0.005145573522895575,0,0.2334292232990265,inf,0.057508733,0.14936124,1.0036173,0.0,0.0,1.0,0.16009096801280975,1.0751778,-0.32320487,0.998271,0.8,0.0,1.0,0.42448461055755615,-0.30430925,1.0267168,1.0011073,4.898587e-17,0.8,1.0,0.3794810175895691,-0.75295377,-0.039300796,0.99747115,-0.8,9.797174e-17,1.0,0.06135386601090431,-0.14165123,-0.79624945,0.996867,-1.4695762e-16,-0.8,1.0,0.1417355090379715
833,-0.005182300694286823,0,0.23638522624969482,inf,0.05834141,0.15135488,1.0036248,0.0,0.0,1.0,0.16225029528141022,1.0781829,-0.32785797,0.99827254,0.8,0.0,1.0,0.4299762547016144,-0.30809876,1.0299449,1.0011097,4.898587e-17,0.8,1.0,0.3844486176967621,-0.7528366,-0.03978133,0.99746805,-0.8,9.797174e-17,1.0,0.061752356588840485,-0.14341936,-0.7964067,0.99686426,-1.4695762e-16,-0.8,1.0,0.14349862933158875
834,-0.005220756866037846,0,0.2393597811460495,inf,0.05917957,0.15336308,1.0036324,0.0,0.0,1.0,0.16442520916461945,1.0811954,-0.3325483,0.99827415,0.8,0.0,1.0,0.43550220131874084,-0.31191114,1.0331961,1.0011119,4.898587e-17,0.8,1.0,0.3894485831260681,-0.75272363,-0.04026585,0.99746484,-0.8,9.797174e-17,1.0,0.062151603400707245,-0.14519688,-0.79656756,0.9968618,-1.4695762e-16,-0.8,1.0,0.14527134597301483
835,-0.005258179735392332,0,0.24235281348228455,inf,0.060023107,0.15538585,1.0036396,0.0,0.0,1.0,0.16661567986011505,1.0842146,-0.33727592,0.9982759,0.8,0.0,1.0,0.4410622715950012,-0.31574643,1.0364703,1.0011141,4.898587e-17,0.8,1.0,0.39448097348213196,-0.752615,-0.04075442,0.99746174,-0.8,9.797174e-17,1.0,0.06255163997411728,-0.1469837,-0.7967321,0.99685913,-1.4695762e-16,-0.8,1.0,0.1470535695552826
836,-0.005297338590025902,0,0.24536430835723877,inf,0.060872026,0.15742318,1.003647,0.0,0.0,1.0,0.16882169246673584,1.0872406,-0.34204078,0.9982776,0.8,0.0,1.0,0.4466564655303955,-0.31960446,1.0397675,1.0011162,4.898587e-17,0.8,1.0,0.3995456099510193,-0.7525106,-0.041247,0.9974586,-0.8,9.797174e-17,1.0,0.06295249611139297,-0.14877984,-0.7969005,0.9968568,-1.4695762e-16,-0.8,1.0,0.14884531497955322
837,-0.0053354366682469845,0,0.24839425086975098,inf,0.06172622,0.15947506,1.0036539,0.0,0.0,1.0,0.17104318737983704,1.0902731,-0.34684297,0.9982795,0.8,0.0,1.0,0.4522847533226013,-0.3234852,1.043088,1.0011183,4.898587e-17,0.8,1.0,0.40464264154434204,-0.7524106,-0.041743647,0.99745554,-0.8,9.797174e-17,1.0,0.06335423141717911,-0.1505852,-0.79707265,0.9968542,-1.4695762e-16,-0.8,1.0,0.15064650774002075
838,-0.005375085864216089,0,0.2514426112174988,inf,0.062585704,0.1615415,1.003661,0.0,0.0,1.0,0.17328020930290222,1.093312,-0.35168248,0.9982814,0.8,0.0,1.0,0.4579470157623291,-0.3273885,1.0464313,1.0011202,4.898587e-17,0.8,1.0,0.40977171063423157,-0.7523149,-0.042244326,0.99745244,-0.8,9.797174e-17,1.0,0.06375689059495926,-0.15239982,-0.79724854,0.996852,-1.4695762e-16,-0.8,1.0,0.15245716273784637
839,-0.005413633771240711,0,0.2545093297958374,inf,0.063450366,0.1636225,1.0036678,0.0,0.0,1.0,0.17553268373012543,1.0963571,-0.35655934,0.9982835,0.8,0.0,1.0,0.46364322304725647,-0.33131436,1.0497977,1.0011224,4.898587e-17,0.8,1.0,0.41493290662765503,-0.7522236,-0.042749096,0.99744946,-0.8,9.797174e-17,1.0,0.0641605406999588,-0.15422359,-0.7974283,0.9968495,-1.4695762e-16,-0.8,1.0,0.15427720546722412
840,-0.005453838966786861,0,0.25759437680244446,inf,0.06432023,0.16571805,1.0036749,0.0,0.0,1.0,0.17780064046382904,1.0994083,-0.3614734,0.99828553,0.8,0.0,1.0,0.46937328577041626,-0.33526263,1.0531869,1.0011241,4.898587e-17,0.8,1.0,0.4201260507106781,-0.75213677,-0.04325792,0.9974464,-0.8,9.797174e-17,1.0,0.06456515192985535,-0.15605655,-0.7976119,0.9968474,-1.4695762e-16,-0.8,1.0,0.15610666573047638
841,-0.005492943339049816,0,0.26069772243499756,inf,0.06519516,0.16782811,1.0036813,0.0,0.0,1.0,0.1800839602947235,1.1024652,-0.36642486,0.99828774,0.8,0.0,1.0,0.4751371145248413,-0.3392333,1.0565993,1.0011262,4.898587e-17,0.8,1.0,0.42535126209259033,-0.7520543,-0.043770853,0.99744344,-0.8,9.797174e-17,1.0,0.06497089564800262,-0.15789859,-0.7977994,0.996845,-1.4695762e-16,-0.8,1.0,0.1579454392194748
842,-0.005533706396818161,0,0.2638193666934967,inf,0.06607519,0.16995274,1.0036881,0.0,0.0,1.0,0.182382732629776,1.1055278,-0.3714135,0.9982899,0.8,0.0,1.0,0.48093461990356445,-0.3432262,1.0600345,1.0011278,4.898587e-17,0.8,1.0,0.43060821294784546,-0.7519763,-0.044287864,0.99744046,-0.8,9.797174e-17,1.0,0.06537768989801407,-0.15974976,-0.7979908,0.996843,-1.4695762e-16,-0.8,1.0,0.15979358553886414
843,-0.00557337049394846,0,0.2669592499732971,inf,0.0669602,0.17209187,1.0036944,0.0,0.0,1.0,0.18469685316085815,1.1085958,-0.37643945,0.99829227,0.8,0.0,1.0,0.4867658317089081,-0.34724134,1.0634927,1.0011297,4.898587e-17,0.8,1.0,0.43589702248573303,-0.7519028,-0.044809006,0.99743754,-0.8,9.797174e-17,1.0,0.06578566133975983,-0.16160993,-0.7981861,0.99684066,-1.4695762e-16,-0.8,1.0,0.16165098547935486
844,-0.005614623427391052,0,0.2701173722743988,inf,0.06785021,0.17424555,1.0037011,0.0,0.0,1.0,0.18702636659145355,1.1116692,-0.38150254,0.9982946,0.8,0.0,1.0,0.4926304519176483,-0.3512785,1.0669738,1.0011314,4.898587e-17,0.8,1.0,0.4412175118923187,-0.7518338,-0.04533425,0.99743456,-0.8,9.797174e-17,1.0,0.06619486212730408,-0.16347915,-0.7983854,0.99683875,-1.4695762e-16,-0.8,1.0,0.16351768374443054
845,-0.005654776468873024,0,0.273293673992157,inf,0.0687451,0.17641374,1.0037072,0.0,0.0,1.0,0.18937116861343384,1.1147478,-0.38660294,0.9982971,0.8,0.0,1.0,0.49852871894836426,-0.3553378,1.0704777,1.0011332,4.898587e-17,0.8,1.0,0.44656962156295776,-0.7517693,-0.045863647,0.99743176,-0.8,9.797174e-17,1.0,0.0666053369641304,-0.1653573,-0.7985886,0.99683654,-1.4695762e-16,-0.8,1.0,0.16539359092712402
846,-0.005696593318134546,0,0.27648812532424927,inf,0.06964489,0.17859647,1.0037136,0.0,0.0,1.0,0.1917313188314438,1.1178312,-0.39174044,0.99829954,0.8,0.0,1.0,0.5044602751731873,-0.35941896,1.0740045,1.0011348,4.898587e-17,0.8,1.0,0.4519532322883606,-0.7517094,-0.046397164,0.99742883,-0.8,9.797174e-17,1.0,0.0670170933008194,-0.16724445,-0.79879576,0.9968347,-1.4695762e-16,-0.8,1.0,0.1672787368297577
847,-0.005737311206758022,0,0.27970072627067566,inf,0.070549466,0.18079369,1.0037196,0.0,0.0,1.0,0.19410672783851624,1.1209196,-0.39691517,0.99830216,0.8,0.0,1.0,0.5104252696037292,-0.36352202,1.0775542,1.0011365,4.898587e-17,0.8,1.0,0.4573684632778168,-0.7516541,-0.04693486,0.99742603,-0.8,9.797174e-17,1.0,0.06743022054433823,-0.16914044,-0.7990069,0.9968326,-1.4695762e-16,-0.8,1.0,0.16917301714420319
848,-0.0057796938344836235,0,0.282931387424469,inf,0.07145884,0.18300542,1.0037259,0.0,0.0,1.0,0.19649741053581238,1.1240125,-0.402127,0.9983047,0.8,0.0,1.0,0.5164233446121216,-0.3676468,1.0811268,1.001138,4.898587e-17,0.8,1.0,0.4628150463104248,-0.75160336,-0.0474767,0.9974233,-0.8,9.797174e-17,1.0,0.06784476339817047,-0.17104533,-0.79922193,0.9968309,-1.4695762e-16,-0.8,1.0,0.1710764616727829
849,-0.005820979364216328,0,0.28618016839027405,inf,0.072372906,0.18523166,1.0037316,0.0,0.0,1.0,0.19890330731868744,1.1271099,-0.407376,0.99830747,0.8,0.0,1.0,0.5224547386169434,-0.37179336,1.084722,1.0011396,4.898587e-17,0.8,1.0,0.46829289197921753,-0.7515573,-0.048022743,0.99742055,-0.8,9.797174e-17,1.0,0.06826078146696091,-0.172959,-0.79944104,0.99682885,-1.4695762e-16,-0.8,1.0,0.17298896610736847
850,-0.005863931030035019,0,0.2894468903541565,inf,0.07329168,0.18747242,1.0037378,0.0,0.0,1.0,0.2013244926929474,1.1302115,-0.412662,0.99831015,0.8,0.0,1.0,0.5285190343856812,-0.37596145,1.0883402,1.0011411,4.898587e-17,0.8,1.0,0.47380203008651733,-0.75151587,-0.04857295,0.99741787,-0.8,9.797174e-17,1.0,0.06867831945419312,-0.17488149,-0.799664,0.9968272,-1.4695762e-16,-0.8,1.0,0.17491059005260468
851,-0.0059057860635221004,0,0.29273170232772827,inf,0.07421505,0.18972765,1.0037435,0.0,0.0,1.0,0.20376081764698029,1.1333174,-0.41798514,0.998313,0.8,0.0,1.0,0.5346165299415588,-0.38015115,1.091981,1.0011427,4.898587e-17,0.8,1.0,0.47934240102767944,-0.7514791,-0.04912738,0.9974152,-0.8,9.797174e-17,1.0,0.06909747421741486,-0.17681268,-0.799891,0.9968253,-1.4695762e-16,-0.8,1.0,0.17684121429920197
852,-0.005949309095740318,0,0.29603442549705505,inf,0.075143024,0.1919974,1.0037497,0.0,0.0,1.0,0.2062123566865921,1.136427,-0.4233453,0.99831575,0.8,0.0,1.0,0.5407469272613525,-0.38436225,1.0956446,1.001144,4.898587e-17,0.8,1.0,0.48491376638412476,-0.7514471,-0.049686003,0.9974126,-0.8,9.797174e-17,1.0,0.06951820105314255,-0.17875262,-0.8001219,0.99682367,-1.4695762e-16,-0.8,1.0,0.17878086864948273
853,-0.005991736426949501,0,0.2993551194667816,inf,0.07607549,0.19428161,1.0037553,0.0,0.0,1.0,0.20867900550365448,1.1395406,-0.4287425,0.9983187,0.8,0.0,1.0,0.5469101667404175,-0.38859475,1.099331,1.0011457,4.898587e-17,0.8,1.0,0.4905163049697876,-0.7514198,-0.050248876,0.99741006,-0.8,9.797174e-17,1.0,0.06994065642356873,-0.18070118,-0.8003568,0.99682176,-1.4695762e-16,-0.8,1.0,0.18072949349880219
854,-0.006035832222551107,0,0.3026936948299408,inf,0.07701247,0.19658034,1.0037614,0.0,0.0,1.0,0.2111608386039734,1.1426576,-0.43417665,0.99832153,0.8,0.0,1.0,0.5531061887741089,-0.39284846,1.10304,1.001147,4.898587e-17,0.8,1.0,0.49614962935447693,-0.7513972,-0.05081596,0.99740756,-0.8,9.797174e-17,1.0,0.07036488503217697,-0.1826584,-0.8005957,0.9968203,-1.4695762e-16,-0.8,1.0,0.18268704414367676
855,-0.006078833248466253,0,0.306050181388855,inf,0.077953845,0.1988935,1.0037669,0.0,0.0,1.0,0.2136577069759369,1.1457781,-0.4396478,0.99832463,0.8,0.0,1.0,0.5593348145484924,-0.39712346,1.1067717,1.0011486,4.898587e-17,0.8,1.0,0.5018139481544495,-0.75137943,-0.051387314,0.99740505,-0.8,9.797174e-17,1.0,0.07079089432954788,-0.18462418,-0.80083853,0.9968185,-1.4695762e-16,-0.8,1.0,0.18465350568294525
856,-0.006123505532741547,0,0.309424489736557,inf,0.07889963,0.20122117,1.003773,0.0,0.0,1.0,0.21616971492767334,1.1489018,-0.44515583,0.99832755,0.8,0.0,1.0,0.5655961632728577,-0.40141952,1.1105261,1.0011499,4.898587e-17,0.8,1.0,0.5075089931488037,-0.75136644,-0.051962905,0.9974026,-0.8,9.797174e-17,1.0,0.07121878117322922,-0.18659854,-0.80108535,0.99681705,-1.4695762e-16,-0.8,1.0,0.18662884831428528
857,-0.006167083978652954,0,0.3128166198730469,inf,0.07984972,0.20356327,1.0037783,0.0,0.0,1.0,0.218696728348732,1.1520287,-0.45070082,0.9983307,0.8,0.0,1.0,0.5718900561332703,-0.40573665,1.1143032,1.0011514,4.898587e-17,0.8,1.0,0.5132349133491516,-0.75135833,-0.052542794,0.9974002,-0.8,9.797174e-17,1.0,0.07164856791496277,-0.18858136,-0.80133617,0.9968153,-1.4695762e-16,-0.8,1.0,0.18861298263072968
858,-0.006212356500327587,0,0.3162265419960022,inf,0.080804124,0.20591986,1.0037843,0.0,0.0,1.0,0.22123882174491882,1.1551584,-0.45628262,0.9983338,0.8,0.0,1.0,0.5782163143157959,-0.41007468,1.1181028,1.0011528,4.898587e-17,0.8,1.0,0.5189912915229797,-0.75135505,-0.053126942,0.9973979,-0.8,9.797174e-17,1.0,0.0720803365111351,-0.19057271,-0.8015909,0.99681395,-1.4695762e-16,-0.8,1.0,0.19060596823692322
859,-0.00625660689547658,0,0.31965428590774536,inf,0.08176274,0.20829089,1.0037897,0.0,0.0,1.0,0.22379589080810547,1.158291,-0.4619013,0.99833703,0.8,0.0,1.0,0.5845750570297241,-0.41443366,1.1219251,1.0011542,4.898587e-17,0.8,1.0,0.5247783660888672,-0.7513566,-0.053715408,0.9973956,-0.8,9.797174e-17,1.0,0.07251419872045517,-0.19257244,-0.80184966,0.99681234,-1.4695762e-16,-0.8,1.0,0.19260771572589874
860,-0.006302528083324432,0,0.32309967279434204,inf,0.08272559,0.21067639,1.0037955,0.0,0.0,1.0,0.2263679951429367,1.1614261,-0.46755674,0.99834025,0.8,0.0,1.0,0.5909660458564758,-0.41881335,1.1257699,1.0011554,4.898587e-17,0.8,1.0,0.5305958390235901,-0.7513631,-0.054308165,0.99739337,-0.8,9.797174e-17,1.0,0.07295012474060059,-0.19458061,-0.80211234,0.99681103,-1.4695762e-16,-0.8,1.0,0.19461821019649506
861,-0.006347360089421272,0,0.326562762260437,inf,0.08369257,0.2130763,1.0038007,0.0,0.0,1.0,0.22895501554012299,1.1645635,-0.473249,0.9983436,0.8,0.0,1.0,0.5973892211914062,-0.4232138,1.1296374,1.0011569,4.898587e-17,0.8,1.0,0.5364438891410828,-0.75137454,-0.054905258,0.9973911,-0.8,9.797174e-17,1.0,0.07338821142911911,-0.19659711,-0.8023791,0.9968095,-1.4695762e-16,-0.8,1.0,0.19663740694522858
862,-0.006393864750862122,0,0.3300434947013855,inf,0.08466371,0.21549068,1.0038065,0.0,0.0,1.0,0.23155704140663147,1.1677032,-0.47897795,0.99834687,0.8,0.0,1.0,0.6038445234298706,-0.4276348,1.1335274,1.001158,4.898587e-17,0.8,1.0,0.5423222184181213,-0.7513909,-0.055506665,0.99738896,-0.8,9.797174e-17,1.0,0.0738285556435585,-0.19862196,-0.80264974,0.9968083,-1.4695762e-16,-0.8,1.0,0.19866527616977692
863,-0.006439280230551958,0,0.33354195952415466,inf,0.0856389,0.21791947,1.0038117,0.0,0.0,1.0,0.2341739684343338,1.170845,-0.48474365,0.9983503,0.8,0.0,1.0,0.6103320121765137,-0.43207642,1.1374401,1.0011594,4.898587e-17,0.8,1.0,0.5482309460639954,-0.7514122,-0.056112442,0.9973868,-0.8,9.797174e-17,1.0,0.07427118718624115,-0.20065504,-0.8029244,0.99680686,-1.4695762e-16,-0.8,1.0,0.2007017582654953
864,-0.006486369296908379,0,0.33705800771713257,inf,0.08661818,0.22036272,1.0038173,0.0,0.0,1.0,0.23680585622787476,1.1739887,-0.49054596,0.9983537,0.8,0.0,1.0,0.6168513298034668,-0.43653846,1.1413753,1.0011605,4.898587e-17,0.8,1.0,0.5541698932647705,-0.75143856,-0.05672255,0.9973848,-0.8,9.797174e-17,1.0,0.07471614331007004,-0.20269641,-0.80320305,0.9968057,-1.4695762e-16,-0.8,1.0,0.20274688303470612
865,-0.0065323710441589355,0,0.3405917286872864,inf,0.087601416,0.22282037,1.0038224,0.0,0.0,1.0,0.23945258557796478,1.177134,-0.49638495,0.99835736,0.8,0.0,1.0,0.6234025955200195,-0.4410209,1.1453333,1.0011618,4.898587e-17,0.8,1.0,0.5601391196250916,-0.7514699,-0.057337053,0.99738264,-0.8,9.797174e-17,1.0,0.07516354322433472,-0.20474595,-0.80348575,0.99680436,-1.4695762e-16,-0.8,1.0,0.2048005610704422
866,-0.006580098066478968,0,0.3441428542137146,inf,0.08858866,0.22529247,1.003828,0.0,0.0,1.0,0.24211424589157104,1.1802809,-0.50226045,0.9983609,0.8,0.0,1.0,0.6299855709075928,-0.4455236,1.1493137,1.0011629,4.898587e-17,0.8,1.0,0.5661383867263794,-0.7515063,-0.057955913,0.99738073,-0.8,9.797174e-17,1.0,0.07561339437961578,-0.20680368,-0.80377233,0.99680334,-1.4695762e-16,-0.8,1.0,0.20686279237270355
867,-0.0066267880611121655,0,0.34771162271499634,inf,0.08957981,0.22777897,1.003833,0.0,0.0,1.0,0.244790717959404,1.1834294,-0.5081726,0.99836457,0.8,0.0,1.0,0.6366004347801208,-0.45004657,1.1533169,1.0011642,4.898587e-17,0.8,1.0,0.5721678137779236,-0.7515478,-0.05857919,0.9973787,-0.8,9.797174e-17,1.0,0.07606581598520279,-0.2088695,-0.80406296,0.99680203,-1.4695762e-16,-0.8,1.0,0.208933487534523
868,-0.006675397977232933,0,0.35129791498184204,inf,0.09057492,0.23027991,1.0038385,0.0,0.0,1.0,0.2474820911884308,1.1865789,-0.5141212,0.99836814,0.8,0.0,1.0,0.6432467699050903,-0.4545896,1.1573426,1.0011652,4.898587e-17,0.8,1.0,0.5782272815704346,-0.75159436,-0.05920686,0.9973768,-0.8,9.797174e-17,1.0,0.07652084529399872,-0.21094345,-0.8043576,0.9968011,-1.4695762e-16,-0.8,1.0,0.21101269125938416
869,-0.006722961086779833,0,0.3549017310142517,inf,0.09157389,0.23279522,1.0038434,0.0,0.0,1.0,0.25018826127052307,1.1897296,-0.52010626,0.9983719,0.8,0.0,1.0,0.6499248147010803,-0.45915276,1.161391,1.0011665,4.898587e-17,0.8,1.0,0.5843167304992676,-0.75164604,-0.059838966,0.9973749,-0.8,9.797174e-17,1.0,0.07697856426239014,-0.2130254,-0.8046562,0.9967999,-1.4695762e-16,-0.8,1.0,0.21310031414031982
870,-0.00677220243960619,0,0.35852301120758057,inf,0.092576765,0.23532498,1.0038489,0.0,0.0,1.0,0.2529093027114868,1.1928811,-0.52612776,0.99837554,0.8,0.0,1.0,0.6566343307495117,-0.46373585,1.1654619,1.0011674,4.898587e-17,0.8,1.0,0.5904360413551331,-0.7517029,-0.060475484,0.9973731,-0.8,9.797174e-17,1.0,0.07743898034095764,-0.21511541,-0.8049588,0.996799,-1.4695762e-16,-0.8,1.0,0.2151963710784912
871,-0.006820359732955694,0,0.3621617257595062,inf,0.093583465,0.23786911,1.0038538,0.0,0.0,1.0,0.25564512610435486,1.1960334,-0.53218573,0.99837935,0.8,0.0,1.0,0.6633752584457397,-0.46833885,1.1695555,1.0011686,4.898587e-17,0.8,1.0,0.596585214138031,-0.7517649,-0.06111647,0.99737126,-0.8,9.797174e-17,1.0,0.07790224254131317,-0.21721336,-0.8052655,0.9967978,-1.4695762e-16,-0.8,1.0,0.21730077266693115
872,-0.006870196666568518,0,0.3658178746700287,inf,0.094594024,0.24042767,1.0038593,0.0,0.0,1.0,0.258395791053772,1.1991863,-0.53828007,0.99838305,0.8,0.0,1.0,0.6701475381851196,-0.47296163,1.1736717,1.0011694,4.898587e-17,0.8,1.0,0.6027641296386719,-0.75183207,-0.06176189,0.9973696,-0.8,9.797174e-17,1.0,0.07836836576461792,-0.21931927,-0.8055761,0.996797,-1.4695762e-16,-0.8,1.0,0.21941351890563965
873,-0.006918952334672213,0,0.36949148774147034,inf,0.09560836,0.24300061,1.0038642,0.0,0.0,1.0,0.2611612379550934,1.2023398,-0.54441077,0.9983869,0.8,0.0,1.0,0.6769512295722961,-0.47760418,1.1778107,1.0011706,4.898587e-17,0.8,1.0,0.6089729070663452,-0.7519044,-0.062411807,0.9973678,-0.8,9.797174e-17,1.0,0.07883747667074203,-0.22143304,-0.80589074,0.9967959,-1.4695762e-16,-0.8,1.0,0.22153455018997192
874,-0.0069693876430392265,0,0.373182475566864,inf,0.09662652,0.24558797,1.0038695,0.0,0.0,1.0,0.2639414966106415,1.2054935,-0.5505777,0.9983907,0.8,0.0,1.0,0.6837860345840454,-0.4822663,1.1819721,1.0011715,4.898587e-17,0.8,1.0,0.6152112483978271,-0.7519821,-0.063066185,0.99736625,-0.8,9.797174e-17,1.0,0.07930952310562134,-0.22355472,-0.8062094,0.9967952,-1.4695762e-16,-0.8,1.0,0.22366389632225037
875,-0.007018743082880974,0,0.3768908381462097,inf,0.097648405,0.2481897,1.0038743,0.0,0.0,1.0,0.2667364776134491,1.2086474,-0.55678105,0.9983946,0.8,0.0,1.0,0.6906521320343018,-0.48694807,1.1861563,1.0011727,4.898587e-17,0.8,1.0,0.6214792728424072,-0.75206494,-0.063725084,0.9973646,-0.8,9.797174e-17,1.0,0.07978472858667374,-0.22568418,-0.806532,0.99679416,-1.4695762e-16,-0.8,1.0,0.22580145299434662
876,-0.007069780025631189,0,0.3806164860725403,inf,0.09867407,0.25080585,1.0038797,0.0,0.0,1.0,0.2695463001728058,1.2118012,-0.5630205,0.9983984,0.8,0.0,1.0,0.6975491642951965,-0.49164927,1.1903629,1.0011734,4.898587e-17,0.8,1.0,0.6277766823768616,-0.7521531,-0.06438847,0.9973631,-0.8,9.797174e-17,1.0,0.08026304095983505,-0.22782145,-0.80685866,0.9967935,-1.4695762e-16,-0.8,1.0,0.22794722020626068
877,-0.0071197375655174255,0,0.3843595087528229,inf,0.0997034,0.25343636,1.0038844,0.0,0.0,1.0,0.2723707854747772,1.2149549,-0.56929624,0.9984025,0.8,0.0,1.0,0.7044773101806641,-0.4963699,1.1945924,1.0011744,4.898587e-17,0.8,1.0,0.6341037750244141,-0.7522466,-0.065056406,0.99736154,-0.8,9.797174e-17,1.0,0.08074456453323364,-0.22996643,-0.80718935,0.99679255,-1.4695762e-16,-0.8,1.0,0.23010113835334778
878,-0.0071713789366185665,0,0.3881198763847351,inf,0.10073648,0.25608125,1.0038897,0.0,0.0,1.0,0.27521005272865295,1.2181083,-0.5756081,0.9984064,0.8,0.0,1.0,0.7114364504814148,-0.5011098,1.1988443,1.0011752,4.898587e-17,0.8,1.0,0.6404601335525513,-0.7523454,-0.06572886,0.9973602,-0.8,9.797174e-17,1.0,0.08122939616441727,-0.23211916,-0.807524,0.996792,-1.4695762e-16,-0.8,1.0,0.2322632223367691
879,-0.00722194230183959,0,0.3918974995613098,inf,0.10177319,0.2587405,1.0038943,0.0,0.0,1.0,0.2780640423297882,1.2212613,-0.58195615,0.9984105,0.8,0.0,1.0,0.7184264063835144,-0.505869,1.203119,1.0011761,4.898587e-17,0.8,1.0,0.6468459963798523,-0.7524496,-0.06640588,0.9973588,-0.8,9.797174e-17,1.0,0.08171756565570831,-0.23427951,-0.80786276,0.9967912,-1.4695762e-16,-0.8,1.0,0.2344333678483963
880,-0.007274115923792124,0,0.395692378282547,inf,0.10281358,0.26141417,1.0038996,0.0,0.0,1.0,0.280932754278183,1.2244136,-0.5883402,0.9984145,0.8,0.0,1.0,0.7254472374916077,-0.5106473,1.2074163,1.0011767,4.898587e-17,0.8,1.0,0.653261125087738,-0.75255907,-0.06708744,0.99735767,-0.8,9.797174e-17,1.0,0.08220918476581573,-0.23644753,-0.8082055,0.9967907,-1.4695762e-16,-0.8,1.0,0.23661163449287415
881,-0.007325211074203253,0,0.39950451254844666,inf,0.10385756,0.2641022,1.0039041,0.0,0.0,1.0,0.2838161289691925,1.2275652,-0.5947604,0.99841875,0.8,0.0,1.0,0.7324987053871155,-0.5154447,1.2117362,1.0011777,4.898587e-17,0.8,1.0,0.6597054600715637,-0.752674,-0.0677736,0.99735636,-0.8,9.797174e-17,1.0,0.08270430564880371,-0.23862311,-0.80855227,0.99678993,-1.4695762e-16,-0.8,1.0,0.23879790306091309
882,-0.007377992384135723,0,0.403333842754364,inf,0.10490519,0.26680458,1.0039092,0.0,0.0,1.0,0.28671425580978394,1.2307159,-0.6012165,0.99842286,0.8,0.0,1.0,0.7395808696746826,-0.52026105,1.2160788,1.0011781,4.898587e-17,0.8,1.0,0.6661790013313293,-0.75279427,-0.06846432,0.9973554,-0.8,9.797174e-17,1.0,0.08320300281047821,-0.24080628,-0.80890304,0.9967896,-1.4695762e-16,-0.8,1.0,0.24099218845367432
883,-0.0074296980164945126,0,0.40718045830726624,inf,0.10595635,0.26952133,1.0039138,0.0,0.0,1.0,0.2896270155906677,1.2338654,-0.6077087,0.99842715,0.8,0.0,1.0,0.7466937303543091,-0.52509636,1.220444,1.001179,4.898587e-17,0.8,1.0,0.6726817488670349,-0.7529199,-0.06915963,0.9973542,-0.8,9.797174e-17,1.0,0.08370538055896759,-0.24299693,-0.80925786,0.99678886,-1.4695762e-16,-0.8,1.0,0.24319443106651306
884,-0.007483089808374643,0,0.4110442101955414,inf,0.107011124,0.27225244,1.0039188,0.0,0.0,1.0,0.29255449771881104,1.2370138,-0.61423665,0.9984314,0.8,0.0,1.0,0.7538369297981262,-0.52995044,1.2248317,1.0011795,4.898587e-17,0.8,1.0,0.6792134046554565,-0.7530509,-0.06985952,0.9973534,-0.8,9.797174e-17,1.0,0.08421148359775543,-0.2451951,-0.8096167,0.9967886,-1.4695762e-16,-0.8,1.0,0.24540463089942932
885,-0.00753540825098753,0,0.41492509841918945,inf,0.10806939,0.27499786,1.0039233,0.0,0.0,1.0,0.29549655318260193,1.2401608,-0.6208006,0.9984358,0.8,0.0,1.0,0.7610107660293579,-0.5348233,1.2292422,1.0011802,4.898587e-17,0.8,1.0,0.6857741475105286,-0.7531873,-0.07056402,0.99735236,-0.8,9.797174e-17,1.0,0.08472143113613129,-0.24740067,-0.8099796,0.996788,-1.4695762e-16,-0.8,1.0,0.24762269854545593
886,-0.007589413318783045,0,0.4188231825828552,inf,0.1091312,0.2777577,1.0039282,0.0,0.0,1.0,0.29845333099365234,1.2433063,-0.62740034,0.9984401,0.8,0.0,1.0,0.7682148218154907,-0.5397148,1.2336752,1.0011806,4.898587e-17,0.8,1.0,0.6923638582229614,-0.75332904,-0.071273096,0.9973516,-0.8,9.797174e-17,1.0,0.08523525297641754,-0.24961367,-0.8103465,0.9967878,-1.4695762e-16,-0.8,1.0,0.24984866380691528
887,-0.007642345502972603,0,0.4227384030818939,inf,0.11019647,0.28053182,1.0039325,0.0,0.0,1.0,0.30142468214035034,1.2464501,-0.6340359,0.99844456,0.8,0.0,1.0,0.775449275970459,-0.544625,1.238131,1.0011812,4.898587e-17,0.8,1.0,0.6989825367927551,-0.75347614,-0.0719868,0.99735063,-0.8,9.797174e-17,1.0,0.08575306832790375,-0.251834,-0.81071746,0.9967873,-1.4695762e-16,-0.8,1.0,0.2520824074745178
888,-0.007697087246924639,0,0.426670640707016,inf,0.11126525,0.28332034,1.0039374,0.0,0.0,1.0,0.3044106960296631,1.2495921,-0.64070714,0.9984489,0.8,0.0,1.0,0.7827138900756836,-0.5495536,1.2426094,1.0011816,4.898587e-17,0.8,1.0,0.7056299448013306,-0.7536286,-0.072705105,0.9973499,-0.8,9.797174e-17,1.0,0.08627492189407349,-0.2540617,-0.81109244,0.99678713,-1.4695762e-16,-0.8,1.0,0.2543240189552307
889,-0.007750756572932005,0,0.43062010407447815,inf,0.112337455,0.28612316,1.0039415,0.0,0.0,1.0,0.3074112832546234,1.252732,-0.64741415,0.99845344,0.8,0.0,1.0,0.7900087237358093,-0.55450064,1.2471104,1.0011823,4.898587e-17,0.8,1.0,0.7123061418533325,-0.75378644,-0.073428035,0.997349,-0.8,9.797174e-17,1.0,0.08680091053247452,-0.2562967,-0.8114715,0.9967867,-1.4695762e-16,-0.8,1.0,0.2565734088420868
890,-0.007806115783751011,0,0.4345865249633789,inf,0.11341317,0.28894034,1.0039463,0.0,0.0,1.0,0.3104265332221985,1.2558699,-0.6541567,0.9984579,0.8,0.0,1.0,0.7973334789276123,-0.55946594,1.251634,1.0011826,4.898587e-17,0.8,1.0,0.7190109491348267,-0.75394964,-0.074155584,0.9973484,-0.8,9.797174e-17,1.0,0.08733108639717102,-0.25853896,-0.81185454,0.99678665,-1.4695762e-16,-0.8,1.0,0.25883054733276367
891,-0.007860401645302773,0,0.4385700821876526,inf,0.11449233,0.29177183,1.0039504,0.0,0.0,1.0,0.31345638632774353,1.2590055,-0.6609349,0.9984625,0.8,0.0,1.0,0.8046884536743164,-0.5644496,1.2561803,1.0011832,4.898587e-17,0.8,1.0,0.7257446050643921,-0.7541182,-0.074887775,0.9973476,-0.8,9.797174e-17,1.0,0.08786554634571075,-0.2607885,-0.8122417,0.99678636,-1.4695762e-16,-0.8,1.0,0.26109543442726135
892,-0.007916378788650036,0,0.44257062673568726,inf,0.115574986,0.2946177,1.0039549,0.0,0.0,1.0,0.31650087237358093,1.2621387,-0.6677487,0.998467,0.8,0.0,1.0,0.8120731711387634,-0.5694514,1.2607491,1.0011834,4.898587e-17,0.8,1.0,0.7325066924095154,-0.7542921,-0.075624585,0.99734706,-0.8,9.797174e-17,1.0,0.08840436488389969,-0.26304528,-0.81263286,0.9967863,-1.4695762e-16,-0.8,1.0,0.26336807012557983
893,-0.007971629500389099,0,0.44658827781677246,inf,0.11666109,0.29747787,1.003959,0.0,0.0,1.0,0.3195599615573883,1.2652693,-0.6745979,0.99847174,0.8,0.0,1.0,0.8194877505302429,-0.57447135,1.2653407,1.0011839,4.898587e-17,0.8,1.0,0.7392974495887756,-0.7544713,-0.07636605,0.9973463,-0.8,9.797174e-17,1.0,0.08894762396812439,-0.26530927,-0.81302804,0.99678606,-1.4695762e-16,-0.8,1.0,0.26564839482307434
894,-0.008027659729123116,0,0.4506228566169739,inf,0.11775069,0.30035236,1.0039632,0.0,0.0,1.0,0.32263365387916565,1.2683973,-0.6814827,0.9984763,0.8,0.0,1.0,0.8269323110580444,-0.57950926,1.2699549,1.0011841,4.898587e-17,0.8,1.0,0.7461166381835938,-0.7546559,-0.07711215,0.9973457,-0.8,9.797174e-17,1.0,0.08949535340070724,-0.2675805,-0.81342727,0.9967861,-1.4695762e-16,-0.8,1.0,0.26793643832206726
895,-0.008083535358309746,0,0.45467454195022583,inf,0.11884375,0.30324125,1.0039676,0.0,0.0,1.0,0.3257220387458801,1.2715225,-0.6884028,0.998481,0.8,0.0,1.0,0.8344064950942993,-0.58456516,1.2745917,1.0011847,4.898587e-17,0.8,1.0,0.7529642581939697,-0.7548458,-0.077862926,0.997345,-0.8,9.797174e-17,1.0,0.0900476947426796,-0.2698589,-0.8138305,0.99678594,-1.4695762e-16,-0.8,1.0,0.2702321708202362
896,-0.008140642195940018,0,0.458743155002594,inf,0.1199403,0.30614442,1.0039717,0.0,0.0,1.0,0.3288249671459198,1.2746449,-0.6953581,0.9984857,0.8,0.0,1.0,0.8419102430343628,-0.589639,1.2792512,1.001185,4.898587e-17,0.8,1.0,0.7598403096199036,-0.75504106,-0.07861834,0.99734443,-0.8,9.797174e-17,1.0,0.09060464799404144,-0.27214444,-0.81423783,0.9967858,-1.4695762e-16,-0.8,1.0,0.2725355923175812
897,-0.00819714181125164,0,0.46282872557640076,inf,0.121040314,0.3090619,1.0039756,0.0,0.0,1.0,0.33194249868392944,1.2777642,-0.7023486,0.9984905,0.8,0.0,1.0,0.8494436144828796,-0.5947308,1.2839333,1.0011853,4.898587e-17,0.8,1.0,0.7667447924613953,-0.7552417,-0.07937845,0.99734396,-0.8,9.797174e-17,1.0,0.09116633236408234,-0.27443713,-0.81464916,0.9967858,-1.4695762e-16,-0.8,1.0,0.2748466432094574
898,-0.00825442373752594,0,0.4669313430786133,inf,0.12214382,0.31199375,1.0039796,0.0,0.0,1.0,0.33507469296455383,1.2808803,-0.7093742,0.9984953,0.8,0.0,1.0,0.8570063710212708,-0.59984046,1.288638,1.0011855,4.898587e-17,0.8,1.0,0.7736776471138,-0.7554477,-0.0801432,0.99734336,-0.8,9.797174e-17,1.0,0.09173276275396347,-0.27673694,-0.8150645,0.99678594,-1.4695762e-16,-0.8,1.0,0.2771652936935425
899,-0.00831178855150938,0,0.4710509181022644,inf,0.1232508,0.31493992,1.0039837,0.0,0.0,1.0,0.3382214903831482,1.2839934,-0.71643484,0.99850005,0.8,0.0,1.0,0.8645985722541809,-0.6049679,1.2933654,1.0011859,4.898587e-17,0.8,1.0,0.7806388139724731,-0.755659,-0.08091266,0.9973429,-0.8,9.797174e-17,1.0,0.09230408817529678,-0.27904385,-0.8154839,0.99678594,-1.4695762e-16,-0.8,1.0,0.2794916033744812
900,-0.008370396681129932,0,0.47518736124038696,inf,0.12436127,0.3179004,1.0039876,0.0,0.0,1.0,0.3413828909397125,1.2871028,-0.72353035,0.99850494,0.8,0.0,1.0,0.8722199201583862,-0.61011314,1.2981153,1.0011863,4.898587e-17,0.8,1.0,0.7876282930374146,-0.7558756,-0.08168677,0.9973424,-0.8,9.797174e-17,1.0,0.09288033843040466,-0.28135785,-0.81590736,0.996786,-1.4695762e-16,-0.8,1.0,0.2818254828453064
901,-0.008428400382399559,0,0.4793407917022705,inf,0.1254752,0.3208752,1.0039911,0.0,0.0,1.0,0.3445589244365692,1.2902088,-0.73066074,0.9985098,0.8,0.0,1.0,0.8798704743385315,-0.61527616,1.3028879,1.0011864,4.898587e-17,0.8,1.0,0.7946460843086243,-0.75609756,-0.082465604,0.997342,-0.8,9.797174e-17,1.0,0.09346157312393188,-0.28367892,-0.8163348,0.9967861,-1.4695762e-16,-0.8,1.0,0.28416699171066284
902,-0.008487188257277012,0,0.48351114988327026,inf,0.12659264,0.3238643,1.0039948,0.0,0.0,1.0,0.3477495610713959,1.2933112,-0.7378259,0.9985148,0.8,0.0,1.0,0.8875501155853271,-0.6204569,1.3076831,1.0011865,4.898587e-17,0.8,1.0,0.8016921281814575,-0.7563248,-0.08324911,0.99734163,-0.8,9.797174e-17,1.0,0.09404787421226501,-0.28600702,-0.8167663,0.9967864,-1.4695762e-16,-0.8,1.0,0.28651607036590576
903,-0.008545552380383015,0,0.48769837617874146,inf,0.12771353,0.3268678,1.0039988,0.0,0.0,1.0,0.3509548306465149,1.2964098,-0.74502563,0.99851966,0.8,0.0,1.0,0.8952586650848389,-0.62565523,1.312501,1.0011867,4.898587e-17,0.8,1.0,0.8087664246559143,-0.75655746,-0.08403734,0.9973412,-0.8,9.797174e-17,1.0,0.09463930875062943,-0.28834212,-0.81720185,0.99678653,-1.4695762e-16,-0.8,1.0,0.288872629404068
904,-0.008605614304542542,0,0.4919024407863617,inf,0.12883794,0.3298855,1.0040023,0.0,0.0,1.0,0.3541746437549591,1.2995046,-0.75225997,0.9985246,0.8,0.0,1.0,0.9029961824417114,-0.6308711,1.3173413,1.0011868,4.898587e-17,0.8,1.0,0.8158687949180603,-0.7567954,-0.084830254,0.9973409,-0.8,9.797174e-17,1.0,0.0952359214425087,-0.29068422,-0.8176414,0.9967868,-1.4695762e-16,-0.8,1.0,0.2912367880344391
905,-0.008665076456964016,0,0.49612340331077576,inf,0.1299658,0.3329176,1.0040057,0.0,0.0,1.0,0.35740914940834045,1.3025954,-0.75952876,0.99852973,0.8,0.0,1.0,0.9107624292373657,-0.6361046,1.3222045,1.0011871,4.898587e-17,0.8,1.0,0.8229993581771851,-0.75703865,-0.085627906,0.99734056,-0.8,9.797174e-17,1.0,0.09583783149719238,-0.2930333,-0.81808496,0.99678695,-1.4695762e-16,-0.8,1.0,0.2936084270477295
906,-0.008725319989025593,0,0.5003612637519836,inf,0.13109717,0.33596396,1.004009,0.0,0.0,1.0,0.360658198595047,1.3056821,-0.766832,0.99853474,0.8,0.0,1.0,0.9185574650764465,-0.6413556,1.32709,1.0011871,4.898587e-17,0.8,1.0,0.830157995223999,-0.75728726,-0.08643026,0.9973403,-0.8,9.797174e-17,1.0,0.09644502401351929,-0.29538935,-0.8185326,0.99678737,-1.4695762e-16,-0.8,1.0,0.2959875762462616
907,-0.00878495629876852,0,0.5046159029006958,inf,0.13223201,0.3390247,1.0040126,0.0,0.0,1.0,0.3639219105243683,1.3087645,-0.7741695,0.9985398,0.8,0.0,1.0,0.9263810515403748,-0.64662415,1.3319983,1.0011874,4.898587e-17,0.8,1.0,0.8373448848724365,-0.7575412,-0.08723736,0.99733996,-0.8,9.797174e-17,1.0,0.09705764055252075,-0.29775232,-0.8189842,0.9967876,-1.4695762e-16,-0.8,1.0,0.298374205827713
908,-0.008846286684274673,0,0.5088874697685242,inf,0.13337037,0.3420997,1.0040158,0.0,0.0,1.0,0.36720019578933716,1.3118426,-0.78154117,0.9985449,0.8,0.0,1.0,0.9342331290245056,-0.6519102,1.3369292,1.0011873,4.898587e-17,0.8,1.0,0.8445597887039185,-0.7578004,-0.088049166,0.99733984,-0.8,9.797174e-17,1.0,0.09767568111419678,-0.30012223,-0.8194399,0.99678797,-1.4695762e-16,-0.8,1.0,0.30076831579208374
909,-0.008907021023333073,0,0.5131757855415344,inf,0.13451217,0.345189,1.0040188,0.0,0.0,1.0,0.370493084192276,1.3149161,-0.788947,0.9985501,0.8,0.0,1.0,0.9421136379241943,-0.6572138,1.3418828,1.0011876,4.898587e-17,0.8,1.0,0.8518030643463135,-0.7580649,-0.088865735,0.9973395,-0.8,9.797174e-17,1.0,0.09829927980899811,-0.30249903,-0.81989956,0.9967883,-1.4695762e-16,-0.8,1.0,0.303169846534729
910,-0.008968535810709,0,0.5174808502197266,inf,0.1356575,0.3482926,1.0040219,0.0,0.0,1.0,0.3738005757331848,1.317985,-0.79638684,0.99855524,0.8,0.0,1.0,0.9500223994255066,-0.66253483,1.3468589,1.0011874,4.898587e-17,0.8,1.0,0.8590741753578186,-0.7583348,-0.08968703,0.99733937,-0.8,9.797174e-17,1.0,0.09892840683460236,-0.30488268,-0.8203633,0.9967888,-1.4695762e-16,-0.8,1.0,0.3055788278579712
911,-0.009029447101056576,0,0.5218028426170349,inf,0.1368063,0.35141057,1.0040251,0.0,0.0,1.0,0.377122700214386,1.3210495,-0.80386066,0.99856037,0.8,0.0,1.0,0.9579595923423767,-0.66787344,1.3518575,1.0011877,4.898587e-17,0.8,1.0,0.8663735389709473,-0.75860995,-0.09051309,0.9973391,-0.8,9.797174e-17,1.0,0.09956322610378265,-0.3072732,-0.82083106,0.9967892,-1.4695762e-16,-0.8,1.0,0.3079952299594879
912,-0.009092050604522228,0,0.5261415839195251,inf,0.1379586,0.3545428,1.0040281,0.0,0.0,1.0,0.3804594576358795,1.3241088,-0.8113682,0.99856555,0.8,0.0,1.0,0.9659246802330017,-0.6732294,1.3568789,1.0011874,4.898587e-17,0.8,1.0,0.8737009763717651,-0.75889045,-0.09134389,0.99733907,-0.8,9.797174e-17,1.0,0.10020370781421661,-0.30967057,-0.8213028,0.9967897,-1.4695762e-16,-0.8,1.0,0.3104190230369568
913,-0.009154058992862701,0,0.5304970145225525,inf,0.13911438,0.3576893,1.0040307,0.0,0.0,1.0,0.38381075859069824,1.3271633,-0.8189095,0.9985709,0.8,0.0,1.0,0.9739178419113159,-0.6786028,1.3619227,1.0011876,4.898587e-17,0.8,1.0,0.8810563683509827,-0.7591762,-0.09217946,0.99733883,-0.8,9.797174e-17,1.0,0.10084997862577438,-0.31207472,-0.8217786,0.9967902,-1.4695762e-16,-0.8,1.0,0.3128501772880554
914,-0.009216508828103542,0,0.5348692536354065,inf,0.14027366,0.3608501,1.0040334,0.0,0.0,1.0,0.38717666268348694,1.3302127,-0.82648456,0.99857616,0.8,0.0,1.0,0.9819390177726746,-0.68399364,1.3669893,1.0011874,4.898587e-17,0.8,1.0,0.888439953327179,-0.7594673,-0.09301978,0.9973388,-0.8,9.797174e-17,1.0,0.10150203108787537,-0.3144857,-0.8222584,0.9967908,-1.4695762e-16,-0.8,1.0,0.3152887225151062
915,-0.009278811514377594,0,0.5392583012580872,inf,0.14143643,0.36402526,1.0040364,0.0,0.0,1.0,0.3905572295188904,1.333257,-0.8340931,0.9985814,0.8,0.0,1.0,0.9899880290031433,-0.6894018,1.3720783,1.0011874,4.898587e-17,0.8,1.0,0.8958514332771301,-0.75976366,-0.0938649,0.99733865,-0.8,9.797174e-17,1.0,0.1021600067615509,-0.3169034,-0.8227423,0.99679136,-1.4695762e-16,-0.8,1.0,0.31773459911346436
916,-0.009342352859675884,0,0.5436639785766602,inf,0.14260271,0.36721468,1.004039,0.0,0.0,1.0,0.3939523696899414,1.336296,-0.84173506,0.9985868,0.8,0.0,1.0,0.9980647563934326,-0.6948272,1.3771899,1.0011874,4.898587e-17,0.8,1.0,0.903290867805481,-0.7600653,-0.094714776,0.99733853,-0.8,9.797174e-17,1.0,0.1028238907456398,-0.31932792,-0.8232301,0.99679196,-1.4695762e-16,-0.8,1.0,0.32018783688545227
917,-0.009405754506587982,0,0.5480862855911255,inf,0.14377245,0.37041837,1.0040413,0.0,0.0,1.0,0.39736208319664,1.3393295,-0.8494104,0.99859226,0.8,0.0,1.0,1.006169080734253,-0.7002698,1.3823241,1.0011872,4.898587e-17,0.8,1.0,0.9107582569122314,-0.76037234,-0.09556946,0.99733853,-0.8,9.797174e-17,1.0,0.10349375754594803,-0.32175913,-0.823722,0.9967926,-1.4695762e-16,-0.8,1.0,0.3226483464241028
918,-0.009469482116401196,0,0.5525254011154175,inf,0.14494571,0.37363636,1.0040436,0.0,0.0,1.0,0.4007863998413086,1.3423574,-0.8571191,0.9985977,0.8,0.0,1.0,1.014301061630249,-0.70572966,1.387481,1.0011872,4.898587e-17,0.8,1.0,0.9182536005973816,-0.76068455,-0.09642891,0.9973384,-0.8,9.797174e-17,1.0,0.10416968911886215,-0.32419708,-0.8242179,0.9967934,-1.4695762e-16,-0.8,1.0,0.32511618733406067
919,-0.009533037431538105,0,0.556981086730957,inf,0.14612247,0.3768687,1.0040463,0.0,0.0,1.0,0.4042253792285919,1.3453797,-0.8648609,0.998603,0.8,0.0,1.0,1.0224604606628418,-0.71120656,1.3926604,1.0011871,4.898587e-17,0.8,1.0,0.9257767200469971,-0.7610021,-0.09729318,0.9973385,-0.8,9.797174e-17,1.0,0.10485171526670456,-0.32664168,-0.8247178,0.99679404,-1.4695762e-16,-0.8,1.0,0.32759127020835876
920,-0.009597796015441418,0,0.5614534020423889,inf,0.14730272,0.38011524,1.0040486,0.0,0.0,1.0,0.40767890214920044,1.3483963,-0.8726357,0.9986085,0.8,0.0,1.0,1.0306471586227417,-0.7167005,1.3978623,1.0011871,4.898587e-17,0.8,1.0,0.9333275556564331,-0.761325,-0.09816223,0.9973384,-0.8,9.797174e-17,1.0,0.10553986579179764,-0.329093,-0.8252218,0.9967948,-1.4695762e-16,-0.8,1.0,0.33007365465164185
921,-0.009662379510700703,0,0.5659424066543579,inf,0.14848645,0.38337612,1.0040505,0.0,0.0,1.0,0.41114702820777893,1.351407,-0.8804435,0.9986141,0.8,0.0,1.0,1.0388611555099487,-0.7222114,1.4030868,1.0011868,4.898587e-17,0.8,1.0,0.9409061670303345,-0.7616531,-0.099036105,0.9973385,-0.8,9.797174e-17,1.0,0.10623425990343094,-0.33155093,-0.8257297,0.9967956,-1.4695762e-16,-0.8,1.0,0.33256322145462036
922,-0.009727252647280693,0,0.5704478621482849,inf,0.1496737,0.38665122,1.0040525,0.0,0.0,1.0,0.4146296977996826,1.3544117,-0.88828427,0.9986197,0.8,0.0,1.0,1.0471022129058838,-0.72773933,1.4083339,1.0011868,4.898587e-17,0.8,1.0,0.9485125541687012,-0.7619865,-0.09991477,0.99733835,-0.8,9.797174e-17,1.0,0.10693489760160446,-0.33401552,-0.82624173,0.9967964,-1.4695762e-16,-0.8,1.0,0.3350600600242615
923,-0.00979194138199091,0,0.5749700665473938,inf,0.15086445,0.38994068,1.0040548,0.0,0.0,1.0,0.4181270897388458,1.3574103,-0.89615774,0.9986251,0.8,0.0,1.0,1.0553704500198364,-0.7332841,1.4136035,1.0011867,4.898587e-17,0.8,1.0,0.9561465978622437,-0.7623252,-0.10079829,0.99733853,-0.8,9.797174e-17,1.0,0.10764184594154358,-0.3364867,-0.8267577,0.99679726,-1.4695762e-16,-0.8,1.0,0.3375641107559204
924,-0.009857832454144955,0,0.5795086622238159,inf,0.1520587,0.3932444,1.0040567,0.0,0.0,1.0,0.42163899540901184,1.3604027,-0.9040639,0.99863076,0.8,0.0,1.0,1.0636656284332275,-0.7388457,1.4188958,1.0011867,4.898587e-17,0.8,1.0,0.9638082981109619,-0.76266915,-0.10168659,0.99733853,-0.8,9.797174e-17,1.0,0.10835515707731247,-0.3389645,-0.8272777,0.9967981,-1.4695762e-16,-0.8,1.0,0.34007537364959717
925,-0.009923546575009823,0,0.5840638279914856,inf,0.15325643,0.39656237,1.0040584,0.0,0.0,1.0,0.4251655042171478,1.3633888,-0.91200256,0.9986364,0.8,0.0,1.0,1.0719876289367676,-0.74442405,1.4242105,1.0011865,4.898587e-17,0.8,1.0,0.9714974761009216,-0.76301837,-0.10257976,0.99733865,-0.8,9.797174e-17,1.0,0.10907489061355591,-0.34144884,-0.82780176,0.996799,-1.4695762e-16,-0.8,1.0,0.3425937592983246
926,-0.009989549405872822,0,0.5886355638504028,inf,0.15445767,0.3998946,1.0040599,0.0,0.0,1.0,0.4287065863609314,1.3663683,-0.9199738,0.9986421,0.8,0.0,1.0,1.080336332321167,-0.7500192,1.4295479,1.0011865,4.898587e-17,0.8,1.0,0.9792143702507019,-0.7633729,-0.10347773,0.99733865,-0.8,9.797174e-17,1.0,0.1098010390996933,-0.34393975,-0.8283298,0.9968,-1.4695762e-16,-0.8,1.0,0.3451193571090698
927,-0.010055366903543472,0,0.5932236909866333,inf,0.15566242,0.40324116,1.0040618,0.0,0.0,1.0,0.4322623312473297,1.3693415,-0.9279774,0.99864763,0.8,0.0,1.0,1.0887118577957153,-0.7556309,1.4349078,1.0011864,4.898587e-17,0.8,1.0,0.9869586229324341,-0.7637327,-0.10438058,0.9973389,-0.8,9.797174e-17,1.0,0.11053373664617538,-0.34643716,-0.8288619,0.9968009,-1.4695762e-16,-0.8,1.0,0.34765204787254333
928,-0.010122384876012802,0,0.5978283882141113,inf,0.15687068,0.40660194,1.0040634,0.0,0.0,1.0,0.43583258986473083,1.3723079,-0.9360132,0.9986534,0.8,0.0,1.0,1.097113847732544,-0.7612593,1.4402902,1.0011864,4.898587e-17,0.8,1.0,0.9947304725646973,-0.7640977,-0.105288245,0.99733895,-0.8,9.797174e-17,1.0,0.11127296090126038,-0.34894112,-0.829398,0.9968019,-1.4695762e-16,-0.8,1.0,0.3501919209957123
929,-0.010189223103225231,0,0.6024494171142578,inf,0.15808241,0.40997702,1.0040647,0.0,0.0,1.0,0.4394174814224243,1.3752675,-0.9440812,0.99865925,0.8,0.0,1.0,1.1055423021316528,-0.7669042,1.4456952,1.0011861,4.898587e-17,0.8,1.0,1.0025296211242676,-0.764468,-0.106200784,0.99733907,-0.8,9.797174e-17,1.0,0.11201879382133484,-0.35145152,-0.82993805,0.9968029,-1.4695762e-16,-0.8,1.0,0.3527388274669647
930,-0.010256350971758366,0,0.6070868968963623,inf,0.15929767,0.41336632,1.0040659,0.0,0.0,1.0,0.443016916513443,1.3782202,-0.95218134,0.99866503,0.8,0.0,1.0,1.113997220993042,-0.7725656,1.4511226,1.0011861,4.898587e-17,0.8,1.0,1.0103561878204346,-0.7648436,-0.10711816,0.9973391,-0.8,9.797174e-17,1.0,0.11277125030755997,-0.3539684,-0.8304821,0.99680406,-1.4695762e-16,-0.8,1.0,0.3552928566932678
931,-0.010323289781808853,0,0.6117407083511353,inf,0.16051643,0.41676995,1.0040674,0.0,0.0,1.0,0.4466310143470764,1.381166,-0.9603134,0.9986707,0.8,0.0,1.0,1.1224782466888428,-0.7782435,1.4565727,1.001186,4.898587e-17,0.8,1.0,1.0182101726531982,-0.7652244,-0.10804043,0.9973394,-0.8,9.797174e-17,1.0,0.11353041976690292,-0.35649174,-0.8310303,0.9968051,-1.4695762e-16,-0.8,1.0,0.3578539788722992
932,-0.01039142720401287,0,0.6164109706878662,inf,0.1617387,0.4201878,1.0040686,0.0,0.0,1.0,0.45025965571403503,1.3841046,-0.96847725,0.9986766,0.8,0.0,1.0,1.1309854984283447,-0.78393775,1.4620452,1.001186,4.898587e-17,0.8,1.0,1.026091456413269,-0.76561046,-0.108967535,0.99733955,-0.8,9.797174e-17,1.0,0.11429629474878311,-0.35902154,-0.8315824,0.9968062,-1.4695762e-16,-0.8,1.0,0.36042216420173645
933,-0.010459383949637413,0,0.6210975050926208,inf,0.16296445,0.4236199,1.0040696,0.0,0.0,1.0,0.45390284061431885,1.387036,-0.9766729,0.9986825,0.8,0.0,1.0,1.1395187377929688,-0.7896483,1.4675403,1.0011859,4.898587e-17,0.8,1.0,1.0339999198913574,-0.7660018,-0.10989955,0.9973397,-0.8,9.797174e-17,1.0,0.1150689572095871,-0.3615577,-0.8321386,0.9968074,-1.4695762e-16,-0.8,1.0,0.3629973232746124
934,-0.010527626611292362,0,0.6258004903793335,inf,0.16419373,0.42706624,1.0040703,0.0,0.0,1.0,0.45756062865257263,1.38996,-0.98490024,0.99868846,0.8,0.0,1.0,1.1480779647827148,-0.79537517,1.4730579,1.0011859,4.898587e-17,0.8,1.0,1.041935682296753,-0.7663984,-0.11083641,0.9973398,-0.8,9.797174e-17,1.0,0.11584842205047607,-0.36410028,-0.8326987,0.9968086,-1.4695762e-16,-0.8,1.0,0.3655795454978943
935,-0.010595681145787239,0,0.630519688129425,inf,0.16542651,0.4305269,1.0040715,0.0,0.0,1.0,0.4612330496311188,1.3928769,-0.9931591,0.9986942,0.8,0.0,1.0,1.156663179397583,-0.80111825,1.478598,1.0011858,4.898587e-17,0.8,1.0,1.049898624420166,-0.7668002,-0.11177819,0.99734014,-0.8,9.797174e-17,1.0,0.11663474887609482,-0.3666492,-0.8332629,0.9968098,-1.4695762e-16,-0.8,1.0,0.36816877126693726
936,-0.010664931498467922,0,0.6352551579475403,inf,0.1666628,0.43400177,1.0040723,0.0,0.0,1.0,0.4649200141429901,1.395786,-1.0014495,0.9987002,0.8,0.0,1.0,1.1652740240097046,-0.8068775,1.4841607,1.0011858,4.898587e-17,0.8,1.0,1.0578886270523071,-0.76720726,-0.11272484,0.9973403,-0.8,9.797174e-17,1.0,0.11742797493934631,-0.3692045,-0.8338311,0.99681103,-1.4695762e-16,-0.8,1.0,0.37076497077941895
937,-0.010734000243246555,0,0.6400068402290344,inf,0.16790257,0.4374909,1.0040729,0.0,0.0,1.0,0.46862155199050903,1.3986875,-1.0097711,0.9987062,0.8,0.0,1.0,1.1739106178283691,-0.8126528,1.4897457,1.0011857,4.898587e-17,0.8,1.0,1.0659058094024658,-0.7676196,-0.11367641,0.99734056,-0.8,9.797174e-17,1.0,0.11822811514139175,-0.3717661,-0.8344033,0.99681234,-1.4695762e-16,-0.8,1.0,0.37336814403533936
938,-0.010803180746734142,0,0.6447747945785522,inf,0.16914588,0.44099423,1.0040734,0.0,0.0,1.0,0.47233760356903076,1.4015812,-1.018124,0.9987123,0.8,0.0,1.0,1.182572603225708,-0.81844425,1.4953533,1.0011857,4.898587e-17,0.8,1.0,1.0739500522613525,-0.76803714,-0.11463285,0.9973407,-0.8,9.797174e-17,1.0,0.11903523653745651,-0.374334,-0.8349795,0.9968137,-1.4695762e-16,-0.8,1.0,0.3759782612323761
939,-0.010872170329093933,0,0.6495589017868042,inf,0.17039269,0.4445119,1.0040741,0.0,0.0,1.0,0.476068377494812,1.4044671,-1.026508,0.99871814,0.8,0.0,1.0,1.1912600994110107,-0.8242517,1.5009835,1.0011857,4.898587e-17,0.8,1.0,1.0820213556289673,-0.7684599,-0.11559423,0.9973411,-0.8,9.797174e-17,1.0,0.11984937638044357,-0.37690818,-0.83555967,0.996815,-1.4695762e-16,-0.8,1.0,0.3785952925682068
940,-0.01094235572963953,0,0.6543591618537903,inf,0.17164302,0.44804376,1.0040746,0.0,0.0,1.0,0.4798136353492737,1.4073452,-1.034923,0.9987243,0.8,0.0,1.0,1.1999731063842773,-0.8300751,1.506636,1.0011858,4.898587e-17,0.8,1.0,1.090119481086731,-0.76888794,-0.116560504,0.9973414,-0.8,9.797174e-17,1.0,0.12067054212093353,-0.37948862,-0.8361437,0.99681646,-1.4695762e-16,-0.8,1.0,0.3812192678451538
941,-0.01101235393434763,0,0.6591756343841553,inf,0.17289682,0.45158985,1.0040747,0.0,0.0,1.0,0.48357346653938293,1.410215,-1.0433689,0.9987304,0.8,0.0,1.0,1.2087112665176392,-0.8359143,1.5123112,1.0011857,4.898587e-17,0.8,1.0,1.0982446670532227,-0.76932114,-0.11753172,0.9973417,-0.8,9.797174e-17,1.0,0.12149882316589355,-0.38207525,-0.83673155,0.99681795,-1.4695762e-16,-0.8,1.0,0.38385000824928284
942,-0.011082635261118412,0,0.6640081405639648,inf,0.17415416,0.45515016,1.0040746,0.0,0.0,1.0,0.48734787106513977,1.4130766,-1.0518458,0.9987366,0.8,0.0,1.0,1.2174744606018066,-0.8417694,1.5180087,1.0011858,4.898587e-17,0.8,1.0,1.1063966751098633,-0.7697596,-0.11850783,0.997342,-0.8,9.797174e-17,1.0,0.12233418971300125,-0.38466808,-0.83732325,0.99681956,-1.4695762e-16,-0.8,1.0,0.38648760318756104
943,-0.0111527219414711,0,0.6688567996025085,inf,0.17541501,0.45872474,1.004075,0.0,0.0,1.0,0.4911368489265442,1.4159302,-1.0603532,0.99874264,0.8,0.0,1.0,1.2262626886367798,-0.8476403,1.5237288,1.0011859,4.898587e-17,0.8,1.0,1.1145756244659424,-0.7702033,-0.11948891,0.9973425,-0.8,9.797174e-17,1.0,0.12317673116922379,-0.38726702,-0.83791864,0.99682105,-1.4695762e-16,-0.8,1.0,0.38913196325302124
944,-0.01122400350868702,0,0.673721432685852,inf,0.17667937,0.46231353,1.0040749,0.0,0.0,1.0,0.4949404001235962,1.4187753,-1.0688912,0.99874884,0.8,0.0,1.0,1.2350760698318481,-0.8535269,1.5294714,1.0011861,4.898587e-17,0.8,1.0,1.1227813959121704,-0.77065223,-0.12047489,0.99734294,-0.8,9.797174e-17,1.0,0.12402641773223877,-0.38987213,-0.83851767,0.99682266,-1.4695762e-16,-0.8,1.0,0.39178305864334106
945,-0.011295097880065441,0,0.6786021590232849,inf,0.17794722,0.46591657,1.0040747,0.0,0.0,1.0,0.4987585246562958,1.4216119,-1.0774597,0.99875516,0.8,0.0,1.0,1.2439141273498535,-0.8594291,1.5352364,1.0011861,4.898587e-17,0.8,1.0,1.1310138702392578,-0.77110636,-0.12146584,0.9973434,-0.8,9.797174e-17,1.0,0.12488334625959396,-0.39248326,-0.8391203,0.9968244,-1.4695762e-16,-0.8,1.0,0.3944408595561981
946,-0.011366472579538822,0,0.683498740196228,inf,0.1792186,0.4695338,1.0040742,0.0,0.0,1.0,0.5025911927223206,1.4244398,-1.0860586,0.9987614,0.8,0.0,1.0,1.252776861190796,-0.865347,1.5410237,1.0011863,4.898587e-17,0.8,1.0,1.1392730474472046,-0.7715657,-0.122461714,0.99734384,-0.8,9.797174e-17,1.0,0.12574751675128937,-0.3951005,-0.8397265,0.9968262,-1.4695762e-16,-0.8,1.0,0.3971053957939148
947,-0.011437653563916683,0,0.6884114146232605,inf,0.18049349,0.4731653,1.0040742,0.0,0.0,1.0,0.5064384341239929,1.4272592,-1.0946878,0.99876755,0.8,0.0,1.0,1.2616643905639648,-0.8712805,1.5468338,1.0011865,4.898587e-17,0.8,1.0,1.1475590467453003,-0.77203023,-0.123462565,0.99734455,-0.8,9.797174e-17,1.0,0.12661898136138916,-0.39772373,-0.8403362,0.99682784,-1.4695762e-16,-0.8,1.0,0.39977648854255676
948,-0.011510017327964306,0,0.693340003490448,inf,0.18177189,0.476811,1.0040737,0.0,0.0,1.0,0.5103002786636353,1.4300698,-1.1033472,0.9987739,0.8,0.0,1.0,1.2705764770507812,-0.87722945,1.5526661,1.0011867,4.898587e-17,0.8,1.0,1.1558715105056763,-0.7725,-0.12446836,0.9973451,-0.8,9.797174e-17,1.0,0.12749773263931274,-0.40035295,-0.8409493,0.9968296,-1.4695762e-16,-0.8,1.0,0.4024542272090912
949,-0.011582366190850735,0,0.6982845067977905,inf,0.18305379,0.48047093,1.004073,0.0,0.0,1.0,0.514176607131958,1.4328715,-1.1120365,0.99878025,0.8,0.0,1.0,1.2795127630233765,-0.8831938,1.5585209,1.0011868,4.898587e-17,0.8,1.0,1.1642106771469116,-0.7729749,-0.12547913,0.99734575,-0.8,9.797174e-17,1.0,0.1283838450908661,-0.4029881,-0.8415658,0.99683154,-1.4695762e-16,-0.8,1.0,0.40513846278190613
950,-0.011654967442154884,0,0.7032448053359985,inf,0.18433921,0.48414502,1.004072,0.0,0.0,1.0,0.518067479133606,1.435664,-1.1207558,0.9987866,0.8,0.0,1.0,1.28847336769104,-0.8891736,1.564398,1.0011871,4.898587e-17,0.8,1.0,1.1725764274597168,-0.7734551,-0.12649484,0.9973462,-0.8,9.797174e-17,1.0,0.129277303814888,-0.40562922,-0.84218556,0.9968336,-1.4695762e-16,-0.8,1.0,0.40782925486564636
951,-0.011727358214557171,0,0.7082209587097168,inf,0.18562815,0.48783338,1.0040712,0.0,0.0,1.0,0.5219729542732239,1.4384476,-1.1295052,0.99879295,0.8,0.0,1.0,1.297458529472351,-0.8951687,1.5702977,1.0011873,4.898587e-17,0.8,1.0,1.1809686422348022,-0.77394044,-0.12751557,0.997347,-0.8,9.797174e-17,1.0,0.13017818331718445,-0.4082762,-0.8428086,0.99683553,-1.4695762e-16,-0.8,1.0,0.4105265438556671
952,-0.011800915002822876,0,0.7132128477096558,inf,0.18692061,0.49153593,1.0040703,0.0,0.0,1.0,0.5258930325508118,1.4412217,-1.1382842,0.9987994,0.8,0.0,1.0,1.3064676523208618,-0.90117913,1.5762198,1.0011876,4.898587e-17,0.8,1.0,1.1893874406814575,-0.774431,-0.12854123,0.9973478,-0.8,9.797174e-17,1.0,0.13108645379543304,-0.41092905,-0.8434349,0.99683756,-1.4695762e-16,-0.8,1.0,0.413230299949646
953,-0.011874256655573845,0,0.7182207107543945,inf,0.18821655,0.49525267,1.0040691,0.0,0.0,1.0,0.5298275947570801,1.4439863,-1.147093,0.9988058,0.8,0.0,1.0,1.3155007362365723,-0.90720475,1.5821643,1.0011877,4.898587e-17,0.8,1.0,1.1978325843811035,-0.7749267,-0.12957191,0.9973484,-0.8,9.797174e-17,1.0,0.13200220465660095,-0.41358772,-0.84406424,0.9968397,-1.4695762e-16,-0.8,1.0,0.41594040393829346
954,-0.011947855353355408,0,0.723244309425354,inf,0.18951604,0.49898362,1.0040678,0.0,0.0,1.0,0.5337766408920288,1.4467413,-1.1559317,0.9988124,0.8,0.0,1.0,1.3245580196380615,-0.91324556,1.5881313,1.0011882,4.898587e-17,0.8,1.0,1.2063041925430298,-0.77542764,-0.13060756,0.997349,-0.8,9.797174e-17,1.0,0.13292540609836578,-0.4162522,-0.8446967,0.99684197,-1.4695762e-16,-0.8,1.0,0.41865697503089905
955,-0.012021241709589958,0,0.7282835245132446,inf,0.19081903,0.5027288,1.0040668,0.0,0.0,1.0,0.5377403497695923,1.4494866,-1.1648,0.99881876,0.8,0.0,1.0,1.333639144897461,-0.91930145,1.5941206,1.0011885,4.898587e-17,0.8,1.0,1.2148021459579468,-0.77593374,-0.13164823,0.9973499,-0.8,9.797174e-17,1.0,0.1338561326265335,-0.41892242,-0.8453322,0.99684405,-1.4695762e-16,-0.8,1.0,0.42137983441352844
956,-0.012095794081687927,0,0.733338475227356,inf,0.19212554,0.5064882,1.0040656,0.0,0.0,1.0,0.541718602180481,1.452222,-1.173698,0.99882525,0.8,0.0,1.0,1.3427441120147705,-0.9253725,1.6001323,1.0011889,4.898587e-17,0.8,1.0,1.223326325416565,-0.77644503,-0.13269387,0.99735075,-0.8,9.797174e-17,1.0,0.13479435443878174,-0.4215984,-0.8459707,0.9968463,-1.4695762e-16,-0.8,1.0,0.42410901188850403
957,-0.012170125730335712,0,0.7384091019630432,inf,0.19343556,0.5102618,1.0040642,0.0,0.0,1.0,0.5457113981246948,1.4549472,-1.1826253,0.99883175,0.8,0.0,1.0,1.3518726825714111,-0.9314584,1.6061665,1.0011892,4.898587e-17,0.8,1.0,1.2318768501281738,-0.7769615,-0.13374455,0.9973516,-0.8,9.797174e-17,1.0,0.13574016094207764,-0.42428005,-0.8466121,0.9968487,-1.4695762e-16,-0.8,1.0,0.42684444785118103
958,-0.012244711630046368,0,0.7434954047203064,inf,0.1947491,0.51404953,1.0040624,0.0,0.0,1.0,0.5497186779975891,1.4576622,-1.1915822,0.99883837,0.8,0.0,1.0,1.3610249757766724,-0.93755937,1.6122229,1.0011897,4.898587e-17,0.8,1.0,1.2404536008834839,-0.77748317,-0.13480021,0.99735224,-0.8,9.797174e-17,1.0,0.13669350743293762,-0.42696738,-0.8472563,0.9968512,-1.4695762e-16,-0.8,1.0,0.42958611249923706
959,-0.01231954712420702,0,0.7485973238945007,inf,0.19606616,0.51785153,1.0040613,0.0,0.0,1.0,0.5537405610084534,1.460367,-1.2005686,0.9988448,0.8,0.0,1.0,1.3702009916305542,-0.9436752,1.6183019,1.0011902,4.898587e-17,0.8,1.0,1.2490565776824951,-0.77801,-0.13586092,0.99735326,-0.8,9.797174e-17,1.0,0.13765446841716766,-0.42966035,-0.8479033,0.99685353,-1.4695762e-16,-0.8,1.0,0.43233391642570496
960,-0.012395085766911507,0,0.7537147998809814,inf,0.19738674,0.5216677,1.0040599,0.0,0.0,1.0,0.5577770471572876,1.4630612,-1.2095841,0.9988513,0.8,0.0,1.0,1.379400372505188,-0.9498059,1.6244031,1.0011908,4.898587e-17,0.8,1.0,1.257685661315918,-0.778542,-0.13692662,0.99735415,-0.8,9.797174e-17,1.0,0.13862302899360657,-0.43235895,-0.84855324,0.99685603,-1.4695762e-16,-0.8,1.0,0.43508800864219666
961,-0.012471135705709457,0,0.7588478326797485,inf,0.19871083,0.5254981,1.0040581,0.0,0.0,1.0,0.5618280172348022,1.4657447,-1.2186289,0.99885786,0.8,0.0,1.0,1.3886229991912842,-0.95595133,1.6305268,1.0011913,4.898587e-17,0.8,1.0,1.2663408517837524,-0.77907914,-0.13799737,0.99735504,-0.8,9.797174e-17,1.0,0.1395992636680603,-0.43506315,-0.84920603,0.99685866,-1.4695762e-16,-0.8,1.0,0.43784818053245544
962,-0.012546982616186142,0,0.7639964818954468,inf,0.20003842,0.5293428,1.0040562,0.0,0.0,1.0,0.5658935904502869,1.4684174,-1.2277031,0.9988645,0.8,0.0,1.0,1.3978691101074219,-0.96211153,1.6366727,1.0011919,4.898587e-17,0.8,1.0,1.275022029876709,-0.7796214,-0.13907312,0.9973558,-0.8,9.797174e-17,1.0,0.1405831128358841,-0.43777296,-0.8498616,0.9968614,-1.4695762e-16,-0.8,1.0,0.4406145513057709
963,-0.012622618116438389,0,0.7691606879234314,inf,0.2013695,0.5332018,1.0040548,0.0,0.0,1.0,0.5699739456176758,1.4710793,-1.2368063,0.99887097,0.8,0.0,1.0,1.407138466835022,-0.9682864,1.6428411,1.0011925,4.898587e-17,0.8,1.0,1.2837294340133667,-0.7801689,-0.14015394,0.9973569,-0.8,9.797174e-17,1.0,0.1415746659040451,-0.4404883,-0.85052013,0.99686396,-1.4695762e-16,-0.8,1.0,0.44338706135749817
964,-0.012699414975941181,0,0.7743403315544128,inf,0.20270409,0.5370752,1.0040531,0.0,0.0,1.0,0.5740689635276794,1.4737301,-1.2459384,0.9988775,0.8,0.0,1.0,1.4164307117462158,-0.9744759,1.6490319,1.0011932,4.898587e-17,0.8,1.0,1.292462706565857,-0.7807215,-0.14123979,0.9973579,-0.8,9.797174e-17,1.0,0.14257392287254333,-0.44320923,-0.85118157,0.99686664,-1.4695762e-16,-0.8,1.0,0.44616565108299255
965,-0.012776268646121025,0,0.7795355916023254,inf,0.20404215,0.54096293,1.0040511,0.0,0.0,1.0,0.5781785845756531,1.4763695,-1.2550995,0.9988841,0.8,0.0,1.0,1.4257460832595825,-0.9806799,1.6552448,1.0011938,4.898587e-17,0.8,1.0,1.3012218475341797,-0.78127927,-0.1423307,0.99735886,-0.8,9.797174e-17,1.0,0.14358088374137878,-0.44593573,-0.85184604,0.9968695,-1.4695762e-16,-0.8,1.0,0.4489504396915436
966,-0.012852797284722328,0,0.7847462296485901,inf,0.20538372,0.544865,1.004049,0.0,0.0,1.0,0.582302987575531,1.4789976,-1.2642897,0.99889064,0.8,0.0,1.0,1.4350844621658325,-0.9868985,1.6614802,1.0011946,4.898587e-17,0.8,1.0,1.310006856918335,-0.7818422,-0.14342664,0.99735963,-0.8,9.797174e-17,1.0,0.14459557831287384,-0.44866773,-0.85251343,0.99687237,-1.4695762e-16,-0.8,1.0,0.4517412483692169
967,-0.012929658405482769,0,0.7899723649024963,inf,0.20672877,0.5487816,1.0040473,0.0,0.0,1.0,0.5864421725273132,1.4816142,-1.2735087,0.9988972,0.8,0.0,1.0,1.4444457292556763,-0.9931315,1.667738,1.0011955,4.898587e-17,0.8,1.0,1.3188179731369019,-0.7824102,-0.14452766,0.99736077,-0.8,9.797174e-17,1.0,0.1456180363893509,-0.45140526,-0.8531838,0.99687517,-1.4695762e-16,-0.8,1.0,0.4545381963253021
968,-0.013007218018174171,0,0.7952139377593994,inf,0.20807733,0.5527125,1.0040454,0.0,0.0,1.0,0.5905960202217102,1.4842192,-1.2827563,0.9989037,0.8,0.0,1.0,1.4538297653198242,-0.9993789,1.674018,1.0011964,4.898587e-17,0.8,1.0,1.3276547193527222,-0.7829834,-0.14563373,0.9973618,-0.8,9.797174e-17,1.0,0.14664824306964874,-0.45414826,-0.85385716,0.996878,-1.4695762e-16,-0.8,1.0,0.45734119415283203
969,-0.013085021637380123,0,0.8004710078239441,inf,0.20942932,0.5566578,1.0040431,0.0,0.0,1.0,0.5947645902633667,1.4868124,-1.2920327,0.99891025,0.8,0.0,1.0,1.4632364511489868,-1.0056406,1.6803204,1.0011972,4.898587e-17,0.8,1.0,1.336517333984375,-0.78356177,-0.14674489,0.9973628,-0.8,9.797174e-17,1.0,0.14768627285957336,-0.45689675,-0.85453343,0.99688107,-1.4695762e-16,-0.8,1.0,0.46015027165412903
970,-0.013162615709006786,0,0.805743396282196,inf,0.21078484,0.56061757,1.0040407,0.0,0.0,1.0,0.5989479422569275,1.4893935,-1.3013378,0.99891686,0.8,0.0,1.0,1.4726659059524536,-1.0119168,1.686645,1.0011982,4.898587e-17,0.8,1.0,1.3454055786132812,-0.78414524,-0.14786111,0.9973636,-0.8,9.797174e-17,1.0,0.14873208105564117,-0.45965067,-0.8552126,0.99688417,-1.4695762e-16,-0.8,1.0,0.46296530961990356
971,-0.013240463100373745,0,0.8110310435295105,inf,0.21214381,0.56459177,1.0040387,0.0,0.0,1.0,0.6031460165977478,1.4919627,-1.3106713,0.9989234,0.8,0.0,1.0,1.482117772102356,-1.018207,1.692992,1.0011992,4.898587e-17,0.8,1.0,1.3543195724487305,-0.7847339,-0.14898245,0.9973648,-0.8,9.797174e-17,1.0,0.14978574216365814,-0.46241,-0.85589474,0.99688715,-1.4695762e-16,-0.8,1.0,0.465786337852478
972,-0.013319008983671665,0,0.8163341283798218,inf,0.21350628,0.56858045,1.0040367,0.0,0.0,1.0,0.607358992099762,1.4945196,-1.3200333,0.9989299,0.8,0.0,1.0,1.4915919303894043,-1.0245115,1.6993612,1.0012003,4.898587e-17,0.8,1.0,1.363259196281433,-0.7853277,-0.15010884,0.9973659,-0.8,9.797174e-17,1.0,0.15084721148014069,-0.46517473,-0.8565797,0.9968902,-1.4695762e-16,-0.8,1.0,0.4686133563518524
973,-0.013399510644376278,0,0.8216524124145508,inf,0.21487221,0.5725835,1.004034,0.0,0.0,1.0,0.6115866303443909,1.497064,-1.3294237,0.9989365,0.8,0.0,1.0,1.5010885000228882,-1.03083,1.7057526,1.0012012,4.898587e-17,0.8,1.0,1.3722243309020996,-0.78592664,-0.15124038,0.99736696,-0.8,9.797174e-17,1.0,0.15191657841205597,-0.4679448,-0.85726756,0.9968934,-1.4695762e-16,-0.8,1.0,0.4714462459087372
974,-0.01348605751991272,0,0.8269861340522766,inf,0.21624163,0.576601,1.0040314,0.0,0.0,1.0,0.6158290505409241,1.499596,-1.3388424,0.99894303,0.8,0.0,1.0,1.510607361793518,-1.0371627,1.7121664,1.0012023,4.898587e-17,0.8,1.0,1.381215214729309,-0.78653073,-0.152377,0.9973678,-0.8,9.797174e-17,1.0,0.15299378335475922,-0.47072026,-0.8579582,0.99689674,-1.4695762e-16,-0.8,1.0,0.4742850959300995
975,-0.013578471727669239,0,0.8323351144790649,inf,0.21761452,0.5806331,1.0040293,0.0,0.0,1.0,0.6200863718986511,1.5021154,-1.3482894,0.9989496,0.8,0.0,1.0,1.520148515701294,-1.0435092,1.7186025,1.0012035,4.898587e-17,0.8,1.0,1.3902314901351929,-0.78714,-0.15351877,0.99736905,-0.8,9.797174e-17,1.0,0.1540789157152176,-0.473501,-0.85865164,0.99689984,-1.4695762e-16,-0.8,1.0,0.4771297574043274
976,-0.013671623542904854,0,0.8376991152763367,inf,0.21899088,0.58467966,1.0040269,0.0,0.0,1.0,0.6243584752082825,1.504622,-1.3577645,0.998956,0.8,0.0,1.0,1.5297117233276367,-1.0498699,1.7250608,1.0012047,4.898587e-17,0.8,1.0,1.3992732763290405,-0.7877544,-0.15466565,0.9973701,-0.8,9.797174e-17,1.0,0.1551719456911087,-0.47628704,-0.85934794,0.9969031,-1.4695762e-16,-0.8,1.0,0.47998031973838806
977,-0.013765095733106136,0,0.8430784344673157,inf,0.22037068,0.58874065,1.0040241,0.0,0.0,1.0,0.6286453604698181,1.5071156,-1.3672676,0.9989626,0.8,0.0,1.0,1.5392967462539673,-1.0562444,1.7315413,1.0012058,4.898587e-17,0.8,1.0,1.4083404541015625,-0.788374,-0.15581767,0.99737126,-0.8,9.797174e-17,1.0,0.15627290308475494,-0.47907835,-0.860047,0.9969065,-1.4695762e-16,-0.8,1.0,0.48283669352531433
978,-0.013858403079211712,0,0.8484729528427124,inf,0.22175398,0.5928162,1.0040213,0.0,0.0,1.0,0.6329470872879028,1.5095961,-1.3767989,0.9989691,0.8,0.0,1.0,1.5489037036895752,-1.0626328,1.7380441,1.0012071,4.898587e-17,0.8,1.0,1.4174331426620483,-0.7889988,-0.15697482,0.99737215,-0.8,9.797174e-17,1.0,0.1573817878961563,-0.4818749,-0.86074877,0.99691,-1.4695762e-16,-0.8,1.0,0.4856988787651062
979,-0.01395200565457344,0,0.8538826107978821,inf,0.22314073,0.59690624,1.0040189,0.0,0.0,1.0,0.6372637152671814,1.5120635,-1.3863579,0.9989756,0.8,0.0,1.0,1.558532476425171,-1.0690348,1.7445692,1.0012084,4.898587e-17,0.8,1.0,1.4265509843826294,-0.78962874,-0.15813717,0.9973734,-0.8,9.797174e-17,1.0,0.15849867463111877,-0.4846767,-0.8614533,0.9969133,-1.4695762e-16,-0.8,1.0,0.4885667860507965
980,-0.014046348631381989,0,0.8593072891235352,inf,0.22453097,0.60101086,1.0040164,0.0,0.0,1.0,0.6415951251983643,1.5145175,-1.3959448,0.99898195,0.8,0.0,1.0,1.5681830644607544,-1.0754508,1.7511164,1.0012097,4.898587e-17,0.8,1.0,1.4356943368911743,-0.7902639,-0.15930466,0.9973745,-0.8,9.797174e-17,1.0,0.15962350368499756,-0.48748365,-0.8621605,0.99691665,-1.4695762e-16,-0.8,1.0,0.49144047498703003
981,-0.014140978455543518,0,0.864747166633606,inf,0.22592463,0.60512996,1.0040133,0.0,0.0,1.0,0.6459413766860962,1.5169581,-1.4055595,0.99898845,0.8,0.0,1.0,1.5778553485870361,-1.0818802,1.7576858,1.0012109,4.898587e-17,0.8,1.0,1.444862723350525,-0.7909042,-0.16047737,0.9973756,-0.8,9.797174e-17,1.0,0.16075636446475983,-0.4902958,-0.8628704,0.9969202,-1.4695762e-16,-0.8,1.0,0.494319885969162
982,-0.014235441572964191,0,0.8702020645141602,inf,0.22732176,0.60926366,1.0040102,0.0,0.0,1.0,0.6503025889396667,1.519385,-1.4152019,0.9989949,0.8,0.0,1.0,1.587549090385437,-1.0883235,1.7642775,1.0012124,4.898587e-17,0.8,1.0,1.4540565013885498,-0.7915498,-0.16165523,0.9973765,-0.8,9.797174e-17,1.0,0.1618971973657608,-0.4931131,-0.86358297,0.99692386,-1.4695762e-16,-0.8,1.0,0.4972049593925476
983,-0.01433020830154419,0,0.8756720423698425,inf,0.22872235,0.6134119,1.0040077,0.0,0.0,1.0,0.6546786427497864,1.5217981,-1.4248719,0.9990013,0.8,0.0,1.0,1.5972644090652466,-1.0947802,1.7708913,1.0012138,4.898587e-17,0.8,1.0,1.46327543258667,-0.7922007,-0.16283835,0.9973778,-0.8,9.797174e-17,1.0,0.16304610669612885,-0.49593553,-0.8642982,0.9969273,-1.4695762e-16,-0.8,1.0,0.5000957250595093
984,-0.014425714500248432,0,0.8811571002006531,inf,0.23012641,0.61757475,1.004005,0.0,0.0,1.0,0.6590696573257446,1.5241975,-1.4345694,0.99900764,0.8,0.0,1.0,1.6070009469985962,-1.1012504,1.7775273,1.0012152,4.898587e-17,0.8,1.0,1.4725193977355957,-0.79285675,-0.16402668,0.99737895,-0.8,9.797174e-17,1.0,0.16420306265354156,-0.49876305,-0.8650161,0.99693084,-1.4695762e-16,-0.8,1.0,0.5029921531677246
985,-0.014521505683660507,0,0.8866570591926575,inf,0.23153389,0.6217521,1.0040016,0.0,0.0,1.0,0.6634753942489624,1.5265827,-1.4442942,0.999014,0.8,0.0,1.0,1.6167588233947754,-1.1077341,1.7841855,1.0012164,4.898587e-17,0.8,1.0,1.4817885160446167,-0.79351807,-0.16522025,0.9973801,-0.8,9.797174e-17,1.0,0.16536809504032135,-0.5015956,-0.8657366,0.99693453,-1.4695762e-16,-0.8,1.0,0.505894124507904
986,-0.014617132022976875,0,0.8921718597412109,inf,0.23294485,0.6259441,1.0039984,0.0,0.0,1.0,0.6678961515426636,1.5289537,-1.4540465,0.9990204,0.8,0.0,1.0,1.6265379190444946,-1.1142312,1.7908659,1.001218,4.898587e-17,0.8,1.0,1.491082787513733,-0.7941847,-0.16641904,0.99738103,-0.8,9.797174e-17,1.0,0.1665412038564682,-0.5044333,-0.86645967,0.9969382,-1.4695762e-16,-0.8,1.0,0.5088016986846924
987,-0.014713057316839695,0,0.8977018594741821,inf,0.23435923,0.6301507,1.0039957,0.0,0.0,1.0,0.6723318099975586,1.5313104,-1.4638261,0.9990267,0.8,0.0,1.0,1.6363381147384644,-1.1207416,1.7975684,1.0012194,4.898587e-17,0.8,1.0,1.5004019737243652,-0.7948566,-0.16762315,0.99738234,-0.8,9.797174e-17,1.0,0.16772247850894928,-0.50727594,-0.8671853,0.99694186,-1.4695762e-16,-0.8,1.0,0.5117148756980896
988,-0.014809721149504185,0,0.9032467007637024,inf,0.23577708,0.6343719,1.0039927,0.0,0.0,1.0,0.6767824292182922,1.5336528,-1.4736327,0.99903303,0.8,0.0,1.0,1.6461594104766846,-1.1272653,1.8042932,1.001221,4.898587e-17,0.8,1.0,1.5097460746765137,-0.7955338,-0.1688325,0.9973835,-0.8,9.797174e-17,1.0,0.16891182959079742,-0.5101236,-0.8679135,0.9969455,-1.4695762e-16,-0.8,1.0,0.5146335363388062
989,-0.014906573109328747,0,0.908806324005127,inf,0.23719834,0.6386076,1.0039892,0.0,0.0,1.0,0.681247889995575,1.5359806,-1.4834664,0.9990393,0.8,0.0,1.0,1.6560014486312866,-1.1338023,1.8110399,1.0012223,4.898587e-17,0.8,1.0,1.5191152095794678,-0.79621625,-0.17004715,0.99738467,-0.8,9.797174e-17,1.0,0.1701093465089798,-0.5129763,-0.86864424,0.9969493,-1.4695762e-16,-0.8,1.0,0.5175577402114868
990,-0.015003255568444729,0,0.9143808484077454,inf,0.23862307,0.6428581,1.0039858,0.0,0.0,1.0,0.6857283711433411,1.5382936,-1.4933273,0.99904555,0.8,0.0,1.0,1.6658645868301392,-1.1403524,1.8178089,1.0012238,4.898587e-17,0.8,1.0,1.5285090208053589,-0.7969041,-0.17126708,0.9973856,-0.8,9.797174e-17,1.0,0.1713150143623352,-0.5158339,-0.86937743,0.99695325,-1.4695762e-16,-0.8,1.0,0.5204874277114868
991,-0.015100241638720036,0,0.9199703335762024,inf,0.24005122,0.64712316,1.0039828,0.0,0.0,1.0,0.690223753452301,1.5405918,-1.503215,0.99905187,0.8,0.0,1.0,1.675748348236084,-1.1469156,1.8246,1.0012254,4.898587e-17,0.8,1.0,1.5379278659820557,-0.7975972,-0.17249237,0.9973869,-0.8,9.797174e-17,1.0,0.17252889275550842,-0.5186964,-0.87011313,0.996957,-1.4695762e-16,-0.8,1.0,0.5234224796295166
992,-0.015197835862636566,0,0.9255743026733398,inf,0.24148282,0.6514029,1.0039797,0.0,0.0,1.0,0.6947340965270996,1.542875,-1.5131295,0.99905807,0.8,0.0,1.0,1.685652732849121,-1.1534916,1.8314131,1.0012269,4.898587e-17,0.8,1.0,1.5473710298538208,-0.7982957,-0.17372295,0.99738806,-0.8,9.797174e-17,1.0,0.17375095188617706,-0.5215639,-0.87085134,0.99696076,-1.4695762e-16,-0.8,1.0,0.5263630151748657
993,-0.015295718796551228,0,0.9311932325363159,inf,0.24291784,0.6556973,1.0039762,0.0,0.0,1.0,0.6992595195770264,1.5451431,-1.5230707,0.99906427,0.8,0.0,1.0,1.695577621459961,-1.1600807,1.8382484,1.0012282,4.898587e-17,0.8,1.0,1.556839108467102,-0.79899955,-0.1749589,0.9973893,-0.8,9.797174e-17,1.0,0.1749812364578247,-0.52443624,-0.871592,0.9969647,-1.4695762e-16,-0.8,1.0,0.5293089747428894
994,-0.015393436886370182,0,0.9368270039558411,inf,0.24435629,0.66000634,1.0039726,0.0,0.0,1.0,0.703799843788147,1.5473958,-1.5330386,0.99907047,0.8,0.0,1.0,1.7055230140686035,-1.1666824,1.8451058,1.0012299,4.898587e-17,0.8,1.0,1.5663317441940308,-0.7997087,-0.17620017,0.99739033,-0.8,9.797174e-17,1.0,0.17621973156929016,-0.5273134,-0.872335,0.9969687,-1.4695762e-16,-0.8,1.0,0.5322602391242981
995,-0.015491444617509842,0,0.9424751996994019,inf,0.24579817,0.6643301,1.0039697,0.0,0.0,1.0,0.7083551287651062,1.5496333,-1.543033,0.99907666,0.8,0.0,1.0,1.7154887914657593,-1.1732968,1.8519852,1.0012314,4.898587e-17,0.8,1.0,1.575848937034607,-0.8004233,-0.17744686,0.9973917,-0.8,9.797174e-17,1.0,0.1774665266275406,-0.5301954,-0.8730805,0.9969725,-1.4695762e-16,-0.8,1.0,0.5352168679237366
996,-0.015590191818773746,0,0.9481381177902222,inf,0.2472435,0.66866857,1.0039665,0.0,0.0,1.0,0.7129254937171936,1.551855,-1.5530536,0.99908286,0.8,0.0,1.0,1.72547447681427,-1.1799239,1.8588867,1.001233,4.898587e-17,0.8,1.0,1.5853904485702515,-0.8011433,-0.17869888,0.9973929,-0.8,9.797174e-17,1.0,0.1787215620279312,-0.53308225,-0.87382835,0.99697644,-1.4695762e-16,-0.8,1.0,0.5381788611412048
997,-0.01568923518061638,0,0.9538156390190125,inf,0.24869221,0.6730216,1.0039626,0.0,0.0,1.0,0.7175107002258301,1.5540609,-1.5631005,0.99908906,0.8,0.0,1.0,1.7354801893234253,-1.1865635,1.8658103,1.0012343,4.898587e-17,0.8,1.0,1.5949562788009644,-0.8018686,-0.17995633,0.997394,-0.8,9.797174e-17,1.0,0.1799848973751068,-0.53597385,-0.8745786,0.9969805,-1.4695762e-16,-0.8,1.0,0.5411460399627686
998,-0.015788113698363304,0,0.9595076441764832,inf,0.25014436,0.6773895,1.003959,0.0,0.0,1.0,0.7221111059188843,1.5562509,-1.5731734,0.99909514,0.8,0.0,1.0,1.745505928993225,-1.1932155,1.8727558,1.001236,4.898587e-17,0.8,1.0,1.6045465469360352,-0.8025994,-0.18121916,0.9973951,-0.8,9.797174e-17,1.0,0.1812565177679062,-0.5388703,-0.87533116,0.99698466,-1.4695762e-16,-0.8,1.0,0.5441185832023621
999,-0.01588728092610836,0,0.9652142524719238,inf,0.25159994,0.68177205,1.0039558,0.0,0.0,1.0,0.7267264723777771,1.5584248,-1.5832723,0.9991013,0.8,0.0,1.0,1.7555512189865112,-1.1998799,1.8797234,1.0012375,4.898587e-17,0.8,1.0,1.6141610145568848,-0.8033356,-0.18248746,0.99739647,-0.8,9.797174e-17,1.0,0.1825365126132965,-0.54177135,-0.87608606,0.99698865,-1.4695762e-16,-0.8,1.0,0.5470962524414062
1000,-0.01598718762397766,0,0.9709353446960449,inf,0.25305894,0.6861694,1.0039524,0.0,0.0,1.0,0.7313568592071533,1.5605825,-1.593397,0.9991074,0.8,0.0,1.0,1.7656161785125732,-1.2065564,1.886713,1.0012391,4.898587e-17,0.8,1.0,1.6237995624542236,-0.8040772,-0.18376115,0.99739766,-0.8,9.797174e-17,1.0,0.1838247925043106,-0.5446772,-0.8768432,0.9969927,-1.4695762e-16,-0.8,1.0,0.5500792264938354
1001,-0.01608739048242569,0,0.9766707420349121,inf,0.2545213,0.6905813,1.0039485,0.0,0.0,1.0,0.7360022068023682,1.5627238,-1.6035475,0.99911356,0.8,0.0,1.0,1.775700569152832,-1.2132452,1.8937247,1.0012405,4.898587e-17,0.8,1.0,1.6334623098373413,-0.80482423,-0.18504031,0.9973988,-0.8,9.797174e-17,1.0,0.18512146174907684,-0.5475877,-0.87760276,0.99699694,-1.4695762e-16,-0.8,1.0,0.5530673265457153
1002,-0.016187429428100586,0,0.9824207425117493,inf,0.2559871,0.6950081,1.0039446,0.0,0.0,1.0,0.740662693977356,1.5648484,-1.6137235,0.9991196,0.8,0.0,1.0,1.7858043909072876,-1.219946,1.9007583,1.001242,4.898587e-17,0.8,1.0,1.6431490182876587,-0.80557674,-0.18632491,0.9973998,-0.8,9.797174e-17,1.0,0.18642647564411163,-0.5505029,-0.8783645,0.99700123,-1.4695762e-16,-0.8,1.0,0.5560606718063354
1003,-0.016287755221128464,0,0.9881848096847534,inf,0.25745633,0.69944966,1.0039413,0.0,0.0,1.0,0.7453382611274719,1.5669564,-1.6239251,0.99912566,0.8,0.0,1.0,1.7959274053573608,-1.2266588,1.9078138,1.0012436,4.898587e-17,0.8,1.0,1.6528595685958862,-0.80633473,-0.187615,0.9974012,-0.8,9.797174e-17,1.0,0.18773990869522095,-0.55342275,-0.8791285,0.9970054,-1.4695762e-16,-0.8,1.0,0.5590590834617615
1004,-0.016388820484280586,0,0.9939634203910828,inf,0.25892895,0.70390594,1.0039377,0.0,0.0,1.0,0.7500288486480713,1.5690475,-1.6341518,0.9991317,0.8,0.0,1.0,1.8060694932937622,-1.2333834,1.9148914,1.0012451,4.898587e-17,0.8,1.0,1.662593960762024,-0.8070982,-0.18891057,0.99740237,-0.8,9.797174e-17,1.0,0.1890617311000824,-0.5563472,-0.87989473,0.9970096,-1.4695762e-16,-0.8,1.0,0.5620625615119934
1005,-0.016490180045366287,0,0.9997560381889343,inf,0.26040494,0.70837694,1.0039337,0.0,0.0,1.0,0.754734456539154,1.5711216,-1.6444038,0.9991377,0.8,0.0,1.0,1.8162305355072021,-1.2401199,1.9219909,1.0012466,4.898587e-17,0.8,1.0,1.6723524332046509,-0.8078671,-0.19021167,0.9974035,-0.8,9.797174e-17,1.0,0.19039200246334076,-0.5592762,-0.8806632,0.997014,-1.4695762e-16,-0.8,1.0,0.5650711059570312
1006,-0.016591373831033707,0,1.0055630207061768,inf,0.26188436,0.7128628,1.0039296,0.0,0.0,1.0,0.7594552040100098,1.5731784,-1.6546808,0.99914366,0.8,0.0,1.0,1.826410174369812,-1.2468681,1.9291123,1.0012481,4.898587e-17,0.8,1.0,1.6821343898773193,-0.8086415,-0.19151825,0.99740446,-0.8,9.797174e-17,1.0,0.19173067808151245,-0.56220984,-0.88143384,0.99701846,-1.4695762e-16,-0.8,1.0,0.568084716796875
1007,-0.016692856326699257,0,1.01138436794281,inf,0.26336718,0.7173635,1.003926,0.0,0.0,1.0,0.7641911506652832,1.575218,-1.6649829,0.9991497,0.8,0.0,1.0,1.8366087675094604,-1.2536279,1.9362557,1.0012497,4.898587e-17,0.8,1.0,1.691940188407898,-0.8094215,-0.1928304,0.9974058,-0.8,9.797174e-17,1.0,0.19307784736156464,-0.565148,-0.8822067,0.9970228,-1.4695762e-16,-0.8,1.0,0.5711033940315247
1008,-0.016795074567198753,0,1.0172195434570312,inf,0.2648534,0.72187895,1.0039223,0.0,0.0,1.0,0.76894211769104,1.57724,-1.6753097,0.9991557,0.8,0.0,1.0,1.8468257188796997,-1.2603992,1.943421,1.0012511,4.898587e-17,0.8,1.0,1.701769471168518,-0.8102069,-0.19414805,0.99740696,-0.8,9.797174e-17,1.0,0.19443345069885254,-0.5680907,-0.8829816,0.9970272,-1.4695762e-16,-0.8,1.0,0.5741270184516907
1009,-0.016897374764084816,0,1.023068904876709,inf,0.26634297,0.72640914,1.0039182,0.0,0.0,1.0,0.7737080454826355,1.5792444,-1.6856611,0.99916166,0.8,0.0,1.0,1.8570610284805298,-1.267182,1.9506081,1.0012525,4.898587e-17,0.8,1.0,1.7116222381591797,-0.81099784,-0.19547129,0.99740803,-0.8,9.797174e-17,1.0,0.19579757750034332,-0.5710379,-0.88375866,0.99703175,-1.4695762e-16,-0.8,1.0,0.577155590057373
1010,-0.016999628394842148,0,1.0289324522018433,inf,0.26783586,0.7309542,1.003914,0.0,0.0,1.0,0.7784891724586487,1.581231,-1.696037,0.9991675,0.8,0.0,1.0,1.8673146963119507,-1.2739762,1.9578173,1.0012541,4.898587e-17,0.8,1.0,1.7214988470077515,-0.81179434,-0.19680005,0.997409,-0.8,9.797174e-17,1.0,0.1971701830625534,-0.5739895,-0.8845379,0.9970364,-1.4695762e-16,-0.8,1.0,0.5801891088485718
1011,-0.01710178516805172,0,1.0348098278045654,inf,0.26933217,0.7355141,1.0039103,0.0,0.0,1.0,0.7832854390144348,1.5831997,-1.7064375,0.9991735,0.8,0.0,1.0,1.8775866031646729,-1.2807815,1.9650482,1.0012555,4.898587e-17,0.8,1.0,1.731398344039917,-0.81259644,-0.19813435,0.99741024,-0.8,9.797174e-17,1.0,0.1985512375831604,-0.57694566,-0.8853192,0.997041,-1.4695762e-16,-0.8,1.0,0.5832276344299316
1012,-0.017204681411385536,0,1.040701150894165,inf,0.2708318,0.7400888,1.0039064,0.0,0.0,1.0,0.7880968451499939,1.5851504,-1.7168621,0.9991794,0.8,0.0,1.0,1.8878763914108276,-1.2875981,1.972301,1.001257,4.898587e-17,0.8,1.0,1.7413214445114136,-0.8134042,-0.19947404,0.9974113,-0.8,9.797174e-17,1.0,0.19994065165519714,-0.57990617,-0.8861025,0.9970456,-1.4695762e-16,-0.8,1.0,0.5862708687782288
1013,-0.017308326438069344,0,1.046606421470642,inf,0.2723348,0.7446784,1.003902,0.0,0.0,1.0,0.7929232716560364,1.5870827,-1.7273108,0.9991853,0.8,0.0,1.0,1.8981839418411255,-1.2944257,1.9795756,1.0012583,4.898587e-17,0.8,1.0,1.751267671585083,-0.8142175,-0.200819,0.99741226,-0.8,9.797174e-17,1.0,0.2013382911682129,-0.5828711,-0.8868879,0.9970504,-1.4695762e-16,-0.8,1.0,0.5893189907073975
1014,-0.01741136610507965,0,1.052525520324707,inf,0.27384117,0.7492828,1.0038977,0.0,0.0,1.0,0.7977649569511414,1.5889966,-1.7377836,0.9991911,0.8,0.0,1.0,1.908509373664856,-1.3012644,1.9868722,1.0012597,4.898587e-17,0.8,1.0,1.7612371444702148,-0.8150364,-0.20216931,0.9974132,-0.8,9.797174e-17,1.0,0.20274421572685242,-0.5858404,-0.88767534,0.99705523,-1.4695762e-16,-0.8,1.0,0.5923720002174377
1015,-0.017514681443572044,0,1.0584584474563599,inf,0.2753508,0.7539021,1.0038937,0.0,0.0,1.0,0.8026216626167297,1.5908921,-1.7482803,0.999197,0.8,0.0,1.0,1.91885244846344,-1.3081139,1.9941905,1.0012611,4.898587e-17,0.8,1.0,1.7712297439575195,-0.81586087,-0.20352493,0.9974144,-0.8,9.797174e-17,1.0,0.20415839552879333,-0.5888141,-0.88846475,0.99706,-1.4695762e-16,-0.8,1.0,0.5954297780990601
1016,-0.0176188126206398,0,1.064405083656311,inf,0.2768636,0.7585362,1.0038898,0.0,0.0,1.0,0.8074935078620911,1.5927688,-1.7588006,0.9992029,0.8,0.0,1.0,1.929213047027588,-1.3149744,2.0015306,1.0012625,4.898587e-17,0.8,1.0,1.781245470046997,-0.816691,-0.20488575,0.9974155,-0.8,9.797174e-17,1.0,0.2055807262659073,-0.5917921,-0.8892562,0.9970648,-1.4695762e-16,-0.8,1.0,0.598492443561554
1017,-0.01772410236299038,0,1.0703651905059814,inf,0.27837968,0.76318514,1.0038851,0.0,0.0,1.0,0.8123803734779358,1.5946268,-1.7693446,0.99920875,0.8,0.0,1.0,1.9395908117294312,-1.3218455,2.0088925,1.0012637,4.898587e-17,0.8,1.0,1.7912840843200684,-0.8175267,-0.20625167,0.9974164,-0.8,9.797174e-17,1.0,0.2070111334323883,-0.59477437,-0.8900496,0.99706984,-1.4695762e-16,-0.8,1.0,0.6015596985816956
1018,-0.017828768119215965,0,1.0763390064239502,inf,0.27989897,0.76784897,1.0038806,0.0,0.0,1.0,0.8172824382781982,1.5964656,-1.7799119,0.99921453,0.8,0.0,1.0,1.9499857425689697,-1.3287272,2.0162761,1.0012652,4.898587e-17,0.8,1.0,1.8013454675674438,-0.8183679,-0.2076227,0.9974173,-0.8,9.797174e-17,1.0,0.2084496021270752,-0.597761,-0.89084494,0.99707496,-1.4695762e-16,-0.8,1.0,0.6046317219734192
1019,-0.017933707684278488,0,1.0823264122009277,inf,0.2814214,0.77252775,1.0038766,0.0,0.0,1.0,0.8221995830535889,1.5982854,-1.7905027,0.9992204,0.8,0.0,1.0,1.9603979587554932,-1.3356196,2.0236816,1.0012665,4.898587e-17,0.8,1.0,1.8114298582077026,-0.81921476,-0.20899887,0.9974185,-0.8,9.797174e-17,1.0,0.20989616215229034,-0.6007518,-0.8916422,0.99707997,-1.4695762e-16,-0.8,1.0,0.6077084541320801
1020,-0.018039340153336525,0,1.0883272886276245,inf,0.28294688,0.7772213,1.0038724,0.0,0.0,1.0,0.8271317481994629,1.600086,-1.8011166,0.99922615,0.8,0.0,1.0,1.9708271026611328,-1.3425224,2.0311089,1.0012679,4.898587e-17,0.8,1.0,1.8215370178222656,-0.8200672,-0.21038005,0.99741954,-0.8,9.797174e-17,1.0,0.2113506942987442,-0.60374695,-0.8924414,0.997085,-1.4695762e-16,-0.8,1.0,0.6107898950576782
1021,-0.018145713955163956,0,1.094341516494751,inf,0.28447548,0.78192973,1.0038676,0.0,0.0,1.0,0.8320789337158203,1.6018671,-1.8117535,0.99923193,0.8,0.0,1.0,1.98127281665802,-1.3494356,2.0385578,1.001269,4.898587e-17,0.8,1.0,1.8316669464111328,-0.82092535,-0.21176612,0.99742043,-0.8,9.797174e-17,1.0,0.2128130942583084,-0.6067462,-0.89324254,0.9970902,-1.4695762e-16,-0.8,1.0,0.6138758659362793
1022,-0.018251916393637657,0,1.1003692150115967,inf,0.28600717,0.78665304,1.003863,0.0,0.0,1.0,0.8370411992073059,1.6036286,-1.8224133,0.99923766,0.8,0.0,1.0,1.9917353391647339,-1.356359,2.0460286,1.0012704,4.898587e-17,0.8,1.0,1.841819405555725,-0.82178897,-0.21315713,0.9974213,-0.8,9.797174e-17,1.0,0.21428339183330536,-0.60974973,-0.8940455,0.9970956,-1.4695762e-16,-0.8,1.0,0.6169665455818176
1023,-0.018357476219534874,0,1.106410264968872,inf,0.28754196,0.7913913,1.0038587,0.0,0.0,1.0,0.8420186638832092,1.6053705,-1.833096,0.99924344,0.8,0.0,1.0,2.0022144317626953,-1.3632927,2.053521,1.0012717,4.898587e-17,0.8,1.0,1.851994514465332,-0.8226582,-0.21455307,0.9974225,-0.8,9.797174e-17,1.0,0.21576157212257385,-0.6127573,-0.89485025,0.99710083,-1.4695762e-16,-0.8,1.0,0.6200616955757141
1024,-0.018463769927620888,0,1.112464427947998,inf,0.28907982,0.79614455,1.0038549,0.0,0.0,1.0,0.8470113277435303,1.6070927,-1.8438011,0.99924916,0.8,0.0,1.0,2.0127100944519043,-1.3702365,2.061035,1.0012732,4.898587e-17,0.8,1.0,1.862191915512085,-0.8235331,-0.21595383,0.99742365,-0.8,9.797174e-17,1.0,0.21724756062030792,-0.61576915,-0.8956569,0.99710596,-1.4695762e-16,-0.8,1.0,0.6231614947319031
1025,-0.01857016235589981,0,1.1185319423675537,inf,0.29062077,0.8009126,1.0038509,0.0,0.0,1.0,0.8520189523696899,1.608795,-1.8545285,0.99925506,0.8,0.0,1.0,2.023221731185913,-1.3771904,2.0685706,1.0012743,4.898587e-17,0.8,1.0,1.8724119663238525,-0.8244137,-0.21735938,0.997425,-0.8,9.797174e-17,1.0,0.218741312623024,-0.618785,-0.89646536,0.99711114,-1.4695762e-16,-0.8,1.0,0.6262657642364502
1026,-0.018677279353141785,0,1.1246123313903809,inf,0.29216474,0.80569565,1.0038469,0.0,0.0,1.0,0.8570417165756226,1.6104773,-1.8652776,0.99926084,0.8,0.0,1.0,2.0337488651275635,-1.3841541,2.076128,1.0012757,4.898587e-17,0.8,1.0,1.8826541900634766,-0.8253001,-0.21876961,0.99742633,-0.8,9.797174e-17,1.0,0.2202427238225937,-0.6218051,-0.8972757,0.99711645,-1.4695762e-16,-0.8,1.0,0.629374623298645
1027,-0.01878519542515278,0,1.1307059526443481,inf,0.2937118,0.8104935,1.0038425,0.0,0.0,1.0,0.8620795607566833,1.612139,-1.8760484,0.99926674,0.8,0.0,1.0,2.0442914962768555,-1.3911277,2.083707,1.0012769,4.898587e-17,0.8,1.0,1.8929189443588257,-0.8261924,-0.2201845,0.9974276,-0.8,9.797174e-17,1.0,0.22175182402133942,-0.6248292,-0.89808786,0.9971219,-1.4695762e-16,-0.8,1.0,0.632487952709198
1028,-0.018893472850322723,0,1.136812448501587,inf,0.2952619,0.8153063,1.0038373,0.0,0.0,1.0,0.8671324253082275,1.61378,-1.8868406,0.9992724,0.8,0.0,1.0,2.05484938621521,-1.3981111,2.0913079,1.0012779,4.898587e-17,0.8,1.0,1.9032058715820312,-0.82709044,-0.22160396,0.99742854,-0.8,9.797174e-17,1.0,0.22326849400997162,-0.6278573,-0.8989019,0.99712765,-1.4695762e-16,-0.8,1.0,0.6356057524681091
1029,-0.019002031534910202,0,1.1429316997528076,inf,0.296815,0.82013404,1.0038323,0.0,0.0,1.0,0.8722004890441895,1.6154001,-1.8976543,0.9992782,0.8,0.0,1.0,2.065422296524048,-1.4051042,2.0989301,1.0012791,4.898587e-17,0.8,1.0,1.9135147333145142,-0.8279945,-0.22302797,0.9974297,-0.8,9.797174e-17,1.0,0.2247927337884903,-0.63088953,-0.89971775,0.9971335,-1.4695762e-16,-0.8,1.0,0.6387280225753784
1030,-0.01911020278930664,0,1.1490638256072998,inf,0.29837117,0.8249767,1.0038272,0.0,0.0,1.0,0.8772836327552795,1.616999,-1.9084891,0.9992838,0.8,0.0,1.0,2.076010227203369,-1.4121068,2.106574,1.0012804,4.898587e-17,0.8,1.0,1.923845887184143,-0.82890457,-0.22445641,0.9974307,-0.8,9.797174e-17,1.0,0.22632445394992828,-0.6339258,-0.9005354,0.9971394,-1.4695762e-16,-0.8,1.0,0.6418547034263611
1031,-0.019218184053897858,0,1.155208706855774,inf,0.2999303,0.82983434,1.0038226,0.0,0.0,1.0,0.8823819160461426,1.6185769,-1.9193453,0.9992895,0.8,0.0,1.0,2.086613178253174,-1.419119,2.1142395,1.0012816,4.898587e-17,0.8,1.0,1.9341990947723389,-0.8298207,-0.22588928,0.9974321,-0.8,9.797174e-17,1.0,0.2278636246919632,-0.636966,-0.90135497,0.99714524,-1.4695762e-16,-0.8,1.0,0.6449857354164124
1032,-0.019326433539390564,0,1.16136634349823,inf,0.3014923,0.834707,1.0038183,0.0,0.0,1.0,0.8874953389167786,1.6201336,-1.930222,0.9992952,0.8,0.0,1.0,2.0972306728363037,-1.4261405,2.1219265,1.001283,4.898587e-17,0.8,1.0,1.9445741176605225,-0.8307429,-0.22732647,0.99743354,-0.8,9.797174e-17,1.0,0.22941018640995026,-0.64001024,-0.9021764,0.99715096,-1.4695762e-16,-0.8,1.0,0.6481212973594666
1033,-0.019434945657849312,0,1.1675366163253784,inf,0.30305713,0.83959454,1.003814,0.0,0.0,1.0,0.892623782157898,1.621669,-1.9411196,0.99930096,0.8,0.0,1.0,2.107862710952759,-1.4331715,2.129635,1.0012842,4.898587e-17,0.8,1.0,1.9549710750579834,-0.8316713,-0.22876796,0.99743515,-0.8,9.797174e-17,1.0,0.23096412420272827,-0.6430584,-0.9029996,0.9971566,-1.4695762e-16,-0.8,1.0,0.6512611508369446
1034,-0.019544178619980812,0,1.1737192869186401,inf,0.30462468,0.8444971,1.0038097,0.0,0.0,1.0,0.8977672457695007,1.6231828,-1.9520371,0.9993067,0.8,0.0,1.0,2.1185085773468018,-1.4402117,2.1373653,1.0012854,4.898587e-17,0.8,1.0,1.9653898477554321,-0.8326059,-0.23021366,0.9974368,-0.8,9.797174e-17,1.0,0.23252536356449127,-0.6461106,-0.9038246,0.99716246,-1.4695762e-16,-0.8,1.0,0.6544054746627808
1035,-0.01965438202023506,0,1.1799143552780151,inf,0.30619487,0.8494144,1.0038048,0.0,0.0,1.0,0.9029255509376526,1.6246747,-1.9629745,0.9993125,0.8,0.0,1.0,2.1291682720184326,-1.4472609,2.145117,1.0012865,4.898587e-17,0.8,1.0,1.975830316543579,-0.8335468,-0.23166351,0.9974383,-0.8,9.797174e-17,1.0,0.23409385979175568,-0.64916664,-0.9046515,0.9971685,-1.4695762e-16,-0.8,1.0,0.657554030418396
1036,-0.019765302538871765,0,1.186121940612793,inf,0.3077676,0.8543467,1.0037993,0.0,0.0,1.0,0.9080988764762878,1.6261445,-1.9739319,0.9993181,0.8,0.0,1.0,2.1398415565490723,-1.4543192,2.1528902,1.0012878,4.898587e-17,0.8,1.0,1.9862924814224243,-0.834494,-0.23311752,0.9974397,-0.8,9.797174e-17,1.0,0.23566962778568268,-0.6522266,-0.9054802,0.99717474,-1.4695762e-16,-0.8,1.0,0.6607069373130798
1037,-0.019876953214406967,0,1.1923418045043945,inf,0.3093428,0.85929394,1.0037938,0.0,0.0,1.0,0.9132871627807617,1.6275918,-1.9849089,0.9993238,0.8,0.0,1.0,2.1505284309387207,-1.4613867,2.1606848,1.001289,4.898587e-17,0.8,1.0,1.9967764616012573,-0.8354475,-0.23457573,0.9974411,-0.8,9.797174e-17,1.0,0.23725269734859467,-0.6552905,-0.9063108,0.9971811,-1.4695762e-16,-0.8,1.0,0.6638641357421875
1038,-0.019987046718597412,0,1.1985738277435303,inf,0.31092054,0.8642564,1.0037884,0.0,0.0,1.0,0.9184906482696533,1.6290168,-1.9959056,0.9993293,0.8,0.0,1.0,2.1612284183502197,-1.468463,2.168501,1.0012906,4.898587e-17,0.8,1.0,2.007281541824341,-0.8364074,-0.23603818,0.99744236,-0.8,9.797174e-17,1.0,0.23884317278862,-0.6583582,-0.9071432,0.99718755,-1.4695762e-16,-0.8,1.0,0.6670255661010742
1039,-0.02009740099310875,0,1.2048183679580688,inf,0.31250075,0.8692339,1.0037832,0.0,0.0,1.0,0.9237091541290283,1.630419,-2.0069218,0.99933505,0.8,0.0,1.0,2.1719417572021484,-1.475548,2.1763387,1.0012919,4.898587e-17,0.8,1.0,2.017808675765991,-0.837374,-0.23750481,0.99744415,-0.8,9.797174e-17,1.0,0.24044100940227509,-0.6614298,-0.9079774,0.997194,-1.4695762e-16,-0.8,1.0,0.6701913475990295
1040,-0.020208027213811874,0,1.2110750675201416,inf,0.31408334,0.8742265,1.0037786,0.0,0.0,1.0,0.9289427399635315,1.6317987,-2.0179572,0.99934065,0.8,0.0,1.0,2.1826682090759277,-1.4826418,2.1841977,1.0012934,4.898587e-17,0.8,1.0,2.0283570289611816,-0.8383471,-0.23897558,0.9974461,-0.8,9.797174e-17,1.0,0.24204617738723755,-0.66450524,-0.9088134,0.9972003,-1.4695762e-16,-0.8,1.0,0.6733612418174744
1041,-0.020319366827607155,0,1.2173439264297485,inf,0.31566826,0.87923425,1.0037737,0.0,0.0,1.0,0.9341914057731628,1.6331558,-2.0290112,0.99934644,0.8,0.0,1.0,2.1934072971343994,-1.4897442,2.192078,1.0012947,4.898587e-17,0.8,1.0,2.038926601409912,-0.83932674,-0.24045056,0.9974484,-0.8,9.797174e-17,1.0,0.24365872144699097,-0.6675844,-0.9096513,0.9972067,-1.4695762e-16,-0.8,1.0,0.676535427570343
1042,-0.0204305499792099,0,1.2236248254776,inf,0.31725538,0.884257,1.0037688,0.0,0.0,1.0,0.939454972743988,1.6344899,-2.040084,0.9993521,0.8,0.0,1.0,2.2041587829589844,-1.4968553,2.19998,1.0012962,4.898587e-17,0.8,1.0,2.0495173931121826,-0.8403132,-0.24192978,0.9974507,-0.8,9.797174e-17,1.0,0.2452787607908249,-0.67066747,-0.91049093,0.9972132,-1.4695762e-16,-0.8,1.0,0.6797138452529907
1043,-0.020542524755001068,0,1.2299176454544067,inf,0.31884468,0.8892948,1.0037634,0.0,0.0,1.0,0.9447335004806519,1.6358006,-2.0511749,0.9993579,0.8,0.0,1.0,2.2149224281311035,-1.5039747,2.2079034,1.0012975,4.898587e-17,0.8,1.0,2.0601296424865723,-0.8413064,-0.24341317,0.99745286,-0.8,9.797174e-17,1.0,0.24690620601177216,-0.6737542,-0.9113324,0.9972199,-1.4695762e-16,-0.8,1.0,0.6828963160514832
1044,-0.02065521664917469,0,1.2362221479415894,inf,0.32043606,0.8943476,1.0037576,0.0,0.0,1.0,0.9500268697738647,1.6370878,-2.0622838,0.9993635,0.8,0.0,1.0,2.2256977558135986,-1.5111026,2.215848,1.001299,4.898587e-17,0.8,1.0,2.070762872695923,-0.8423065,-0.24490067,0.9974547,-0.8,9.797174e-17,1.0,0.24854105710983276,-0.6768446,-0.91217583,0.9972268,-1.4695762e-16,-0.8,1.0,0.6860828995704651
1045,-0.0207681804895401,0,1.2425389289855957,inf,0.3220295,0.89941543,1.0037515,0.0,0.0,1.0,0.9553351402282715,1.6383513,-2.073411,0.99936914,0.8,0.0,1.0,2.236485242843628,-1.5182387,2.223814,1.0013008,4.898587e-17,0.8,1.0,2.0814170837402344,-0.8433134,-0.24639238,0.9974569,-0.8,9.797174e-17,1.0,0.2501833736896515,-0.67993855,-0.913021,0.99723387,-1.4695762e-16,-0.8,1.0,0.6892734169960022
1046,-0.020880838856101036,0,1.2488672733306885,inf,0.3236249,0.90449834,1.0037454,0.0,0.0,1.0,0.9606582522392273,1.639591,-2.0845559,0.9993747,0.8,0.0,1.0,2.247284412384033,-1.525383,2.2318015,1.0013027,4.898587e-17,0.8,1.0,2.092092514038086,-0.84432733,-0.24788831,0.9974589,-0.8,9.797174e-17,1.0,0.2518332302570343,-0.6830359,-0.9138681,0.99724096,-1.4695762e-16,-0.8,1.0,0.6924677491188049
1047,-0.020993303507566452,0,1.2552073001861572,inf,0.3252223,0.9095963,1.0037396,0.0,0.0,1.0,0.9659963846206665,1.6408067,-2.0957186,0.9993804,0.8,0.0,1.0,2.2580950260162354,-1.5325354,2.2398102,1.0013045,4.898587e-17,0.8,1.0,2.1027886867523193,-0.8453484,-0.24938844,0.9974615,-0.8,9.797174e-17,1.0,0.2534906566143036,-0.68613666,-0.9147171,0.99724823,-1.4695762e-16,-0.8,1.0,0.6956659555435181
1048,-0.021106017753481865,0,1.261559247970581,inf,0.32682163,0.91470945,1.0037342,0.0,0.0,1.0,0.9713494181632996,1.6419984,-2.106899,0.99938613,0.8,0.0,1.0,2.2689173221588135,-1.5396959,2.2478402,1.0013063,4.898587e-17,0.8,1.0,2.1135058403015137,-0.8463766,-0.2508927,0.9974644,-0.8,9.797174e-17,1.0,0.2551555633544922,-0.68924075,-0.91556793,0.9972554,-1.4695762e-16,-0.8,1.0,0.6988678574562073
1049,-0.021219201385974884,0,1.2679225206375122,inf,0.32842278,0.9198376,1.0037286,0.0,0.0,1.0,0.9767172932624817,1.6431661,-2.1180964,0.999392,0.8,0.0,1.0,2.279750347137451,-1.546864,2.2558916,1.0013082,4.898587e-17,0.8,1.0,2.1242434978485107,-0.8474119,-0.25240117,0.9974676,-0.8,9.797174e-17,1.0,0.25682806968688965,-0.69234824,-0.9164207,0.9972626,-1.4695762e-16,-0.8,1.0,0.7020736336708069
1050,-0.02133307419717312,0,1.2742974758148193,inf,0.33002573,0.9249808,1.003723,0.0,0.0,1.0,0.9821000099182129,1.6443095,-2.1293106,0.9993978,0.8,0.0,1.0,2.2905943393707275,-1.5540398,2.2639642,1.0013101,4.898587e-17,0.8,1.0,2.1350018978118896,-0.8484545,-0.25391388,0.99747086,-0.8,9.797174e-17,1.0,0.25850820541381836,-0.69545895,-0.9172753,0.99726987,-1.4695762e-16,-0.8,1.0,0.705282986164093
1051,-0.021447211503982544,0,1.2806837558746338,inf,0.33163047,0.93013895,1.003717,0.0,0.0,1.0,0.9874973893165588,1.6454283,-2.1405413,0.99940366,0.8,0.0,1.0,2.3014488220214844,-1.5612231,2.2720578,1.0013121,4.898587e-17,0.8,1.0,2.145780563354492,-0.8495044,-0.25543073,0.99747396,-0.8,9.797174e-17,1.0,0.26019594073295593,-0.6985728,-0.9181318,0.9972774,-1.4695762e-16,-0.8,1.0,0.7084959149360657
1052,-0.02156158909201622,0,1.287081241607666,inf,0.33323684,0.93531215,1.0037102,0.0,0.0,1.0,0.9929095506668091,1.6465222,-2.1517885,0.9994094,0.8,0.0,1.0,2.3123135566711426,-1.5684137,2.2801728,1.0013143,4.898587e-17,0.8,1.0,2.1565794944763184,-0.85056174,-0.25695175,0.997477,-0.8,9.797174e-17,1.0,0.26189130544662476,-0.7016897,-0.9189903,0.9972851,-1.4695762e-16,-0.8,1.0,0.7117123603820801
1053,-0.0216766856610775,0,1.2934900522232056,inf,0.33484492,0.9405004,1.0037034,0.0,0.0,1.0,0.9983364939689636,1.647591,-2.163052,0.9994151,0.8,0.0,1.0,2.323188543319702,-1.5756116,2.288309,1.0013167,4.898587e-17,0.8,1.0,2.1673989295959473,-0.85162646,-0.25847694,0.9974803,-0.8,9.797174e-17,1.0,0.2635943293571472,-0.70480955,-0.9198507,0.9972932,-1.4695762e-16,-0.8,1.0,0.7149321436882019
1054,-0.021791571751236916,0,1.2999101877212524,inf,0.3364546,0.9457037,1.0036964,0.0,0.0,1.0,1.003778338432312,1.6486347,-2.174332,0.99942076,0.8,0.0,1.0,2.334073781967163,-1.5828165,2.2964666,1.0013192,4.898587e-17,0.8,1.0,2.1782383918762207,-0.85269874,-0.2600064,0.9974835,-0.8,9.797174e-17,1.0,0.26530513167381287,-0.7079323,-0.92071307,0.99730116,-1.4695762e-16,-0.8,1.0,0.7181553244590759
1055,-0.021905789151787758,0,1.3063414096832275,inf,0.33806583,0.950922,1.0036898,0.0,0.0,1.0,1.0092347860336304,1.6496531,-2.1856277,0.9994266,0.8,0.0,1.0,2.3449690341949463,-1.5900284,2.304645,1.0013216,4.898587e-17,0.8,1.0,2.1890978813171387,-0.85377866,-0.26154006,0.9974872,-0.8,9.797174e-17,1.0,0.2670236825942993,-0.7110578,-0.9215774,0.9973093,-1.4695762e-16,-0.8,1.0,0.721381664276123
1056,-0.02202022820711136,0,1.3127835988998413,inf,0.33967856,0.9561554,1.0036834,0.0,0.0,1.0,1.014706015586853,1.6506463,-2.1969392,0.99943244,0.8,0.0,1.0,2.3558738231658936,-1.597247,2.3128448,1.001324,4.898587e-17,0.8,1.0,2.199977159500122,-0.8548662,-0.26307783,0.99749124,-0.8,9.797174e-17,1.0,0.2687499523162842,-0.7141859,-0.9224437,0.9973174,-1.4695762e-16,-0.8,1.0,0.7246110439300537
1057,-0.022135375067591667,0,1.3192367553710938,inf,0.3412928,0.9614039,1.0036769,0.0,0.0,1.0,1.02019202709198,1.6516142,-2.2082663,0.99943835,0.8,0.0,1.0,2.366788387298584,-1.6044722,2.3210654,1.0013267,4.898587e-17,0.8,1.0,2.210875988006592,-0.8559615,-0.26461983,0.9974954,-0.8,9.797174e-17,1.0,0.2704840302467346,-0.71731657,-0.923312,0.99732554,-1.4695762e-16,-0.8,1.0,0.7278434634208679
1058,-0.022251194342970848,0,1.3257007598876953,inf,0.34290838,0.9666674,1.0036703,0.0,0.0,1.0,1.0256927013397217,1.6525564,-2.2196083,0.99944425,0.8,0.0,1.0,2.3777120113372803,-1.6117039,2.3293073,1.0013293,4.898587e-17,0.8,1.0,2.221794843673706,-0.85706455,-0.26616612,0.99749976,-0.8,9.797174e-17,1.0,0.2722260355949402,-0.7204497,-0.92418236,0.99733377,-1.4695762e-16,-0.8,1.0,0.7310787439346313
1059,-0.022366808727383614,0,1.3321754932403564,inf,0.34452537,0.9719459,1.0036632,0.0,0.0,1.0,1.0312080383300781,1.6534728,-2.2309651,0.99945015,0.8,0.0,1.0,2.388644218444824,-1.6189418,2.3375702,1.001332,4.898587e-17,0.8,1.0,2.2327330112457275,-0.8581755,-0.26771656,0.997504,-0.8,9.797174e-17,1.0,0.2739758789539337,-0.7235852,-0.9250547,0.9973422,-1.4695762e-16,-0.8,1.0,0.7343169450759888
1060,-0.022482654079794884,0,1.3386611938476562,inf,0.34614363,0.9772394,1.0036559,0.0,0.0,1.0,1.0367379188537598,1.6543632,-2.2423368,0.999456,0.8,0.0,1.0,2.399585485458374,-1.626186,2.345854,1.0013349,4.898587e-17,0.8,1.0,2.2436907291412354,-0.8592944,-0.26927117,0.99750835,-0.8,9.797174e-17,1.0,0.2757335603237152,-0.72672296,-0.9259292,0.9973508,-1.4695762e-16,-0.8,1.0,0.7375577688217163
1061,-0.022598756477236748,0,1.3451571464538574,inf,0.34776318,0.98254794,1.0036486,0.0,0.0,1.0,1.0422825813293457,1.6552274,-2.2537227,0.9994619,0.8,0.0,1.0,2.4105353355407715,-1.6334363,2.3541589,1.001338,4.898587e-17,0.8,1.0,2.2546675205230713,-0.86042124,-0.27083,0.9975127,-0.8,9.797174e-17,1.0,0.2774991989135742,-0.72986287,-0.9268057,0.9973595,-1.4695762e-16,-0.8,1.0,0.740801215171814
1062,-0.022715400904417038,0,1.3516638278961182,inf,0.34938392,0.9878715,1.0036416,0.0,0.0,1.0,1.0478417873382568,1.6560656,-2.265123,0.9994678,0.8,0.0,1.0,2.4214932918548584,-1.6406924,2.362485,1.001341,4.898587e-17,0.8,1.0,2.2656638622283936,-0.8615561,-0.2723931,0.9975174,-0.8,9.797174e-17,1.0,0.27927282452583313,-0.73300487,-0.92768425,0.99736816,-1.4695762e-16,-0.8,1.0,0.744047224521637
1063,-0.02283136174082756,0,1.3581808805465698,inf,0.35100585,0.99321014,1.0036343,0.0,0.0,1.0,1.0534157752990723,1.6568776,-2.2765367,0.9994737,0.8,0.0,1.0,2.432459592819214,-1.6479542,2.3708317,1.001344,4.898587e-17,0.8,1.0,2.276679039001465,-0.8626992,-0.27396044,0.99752223,-0.8,9.797174e-17,1.0,0.2810545265674591,-0.73614883,-0.928565,0.9973769,-1.4695762e-16,-0.8,1.0,0.7472957372665405
1064,-0.02294844388961792,0,1.3647081851959229,inf,0.35262886,0.9985638,1.0036272,0.0,0.0,1.0,1.0590041875839233,1.6576632,-2.287964,0.9994796,0.8,0.0,1.0,2.4434332847595215,-1.6552217,2.3791993,1.0013471,4.898587e-17,0.8,1.0,2.287713050842285,-0.86385053,-0.27553192,0.99752724,-0.8,9.797174e-17,1.0,0.282844215631485,-0.7392947,-0.92944795,0.9973857,-1.4695762e-16,-0.8,1.0,0.7505466341972351
1065,-0.02306577004492283,0,1.3712459802627563,inf,0.35425296,1.0039325,1.0036194,0.0,0.0,1.0,1.0646072626113892,1.658422,-2.2994046,0.99948543,0.8,0.0,1.0,2.4544143676757812,-1.6624947,2.387588,1.0013503,4.898587e-17,0.8,1.0,2.2987663745880127,-0.86500996,-0.27710766,0.99753207,-0.8,9.797174e-17,1.0,0.28464195132255554,-0.7424424,-0.9303331,0.9973946,-1.4695762e-16,-0.8,1.0,0.7537999153137207
1066,-0.02318386547267437,0,1.377793788909912,inf,0.35587806,1.0093161,1.0036118,0.0,0.0,1.0,1.0702247619628906,1.659154,-2.3108582,0.9994913,0.8,0.0,1.0,2.4654030799865723,-1.6697729,2.3959975,1.0013536,4.898587e-17,0.8,1.0,2.309838056564331,-0.8661778,-0.27868766,0.997537,-0.8,9.797174e-17,1.0,0.2864478528499603,-0.7455919,-0.9312205,0.9974036,-1.4695762e-16,-0.8,1.0,0.7570553421974182
1067,-0.023300811648368835,0,1.3843518495559692,inf,0.35750413,1.0147148,1.0036039,0.0,0.0,1.0,1.0758570432662964,1.6598591,-2.3223245,0.99949706,0.8,0.0,1.0,2.476398468017578,-1.6770563,2.404428,1.001357,4.898587e-17,0.8,1.0,2.3209285736083984,-0.86735404,-0.28027192,0.9975419,-0.8,9.797174e-17,1.0,0.28826195001602173,-0.74874306,-0.9321102,0.99741274,-1.4695762e-16,-0.8,1.0,0.7603130340576172
1068,-0.02341843955218792,0,1.3909199237823486,inf,0.35913113,1.0201286,1.0035965,0.0,0.0,1.0,1.0815038681030273,1.6605372,-2.3338034,0.99950296,0.8,0.0,1.0,2.487401008605957,-1.6843448,2.412879,1.0013603,4.898587e-17,0.8,1.0,2.3320372104644775,-0.86853874,-0.28186035,0.9975471,-0.8,9.797174e-17,1.0,0.29008418321609497,-0.7518959,-0.9330021,0.99742174,-1.4695762e-16,-0.8,1.0,0.7635729908943176
1069,-0.023536846041679382,0,1.3974977731704712,inf,0.360759,1.0255573,1.003589,0.0,0.0,1.0,1.0871649980545044,1.6611885,-2.3452945,0.9995088,0.8,0.0,1.0,2.4984099864959717,-1.6916381,2.421351,1.0013635,4.898587e-17,0.8,1.0,2.3431646823883057,-0.86973196,-0.28345305,0.99755234,-0.8,9.797174e-17,1.0,0.2919146716594696,-0.7550503,-0.9338964,0.99743074,-1.4695762e-16,-0.8,1.0,0.7668349146842957
1070,-0.023655908182263374,0,1.4040858745574951,inf,0.3623877,1.0310011,1.0035813,0.0,0.0,1.0,1.0928407907485962,1.6618125,-2.3567975,0.9995145,0.8,0.0,1.0,2.509425163269043,-1.6989361,2.4298437,1.001367,4.898587e-17,0.8,1.0,2.3543100357055664,-0.8709337,-0.28505006,0.9975574,-0.8,9.797174e-17,1.0,0.2937534749507904,-0.75820625,-0.93479306,0.99743974,-1.4695762e-16,-0.8,1.0,0.7700989842414856
1071,-0.023773839697241783,0,1.410683512687683,inf,0.36401725,1.0364598,1.0035734,0.0,0.0,1.0,1.098530888557434,1.6624093,-2.3683124,0.9995203,0.8,0.0,1.0,2.520447015762329,-1.7062387,2.438357,1.0013704,4.898587e-17,0.8,1.0,2.365473985671997,-0.87214416,-0.2866513,0.9975624,-0.8,9.797174e-17,1.0,0.295600563287735,-0.7613637,-0.9356921,0.9974489,-1.4695762e-16,-0.8,1.0,0.7733650803565979
1072,-0.02389242686331272,0,1.4172910451889038,inf,0.3656476,1.0419337,1.0035659,0.0,0.0,1.0,1.1042357683181763,1.6629789,-2.3798387,0.9995261,0.8,0.0,1.0,2.5314748287200928,-1.7135458,2.4468913,1.0013738,4.898587e-17,0.8,1.0,2.3766558170318604,-0.8733634,-0.2882568,0.9975678,-0.8,9.797174e-17,1.0,0.2974559962749481,-0.7645226,-0.9365935,0.9974579,-1.4695762e-16,-0.8,1.0,0.7766331434249878
1073,-0.024011682718992233,0,1.4239082336425781,inf,0.3672788,1.0474226,1.0035583,0.0,0.0,1.0,1.1099551916122437,1.6635212,-2.391376,0.99953175,0.8,0.0,1.0,2.542508125305176,-1.7208573,2.455446,1.0013771,4.898587e-17,0.8,1.0,2.387855291366577,-0.8745913,-0.28986657,0.99757314,-0.8,9.797174e-17,1.0,0.299319863319397,-0.76768285,-0.9374973,0.9974669,-1.4695762e-16,-0.8,1.0,0.7799031138420105
1074,-0.02413160353899002,0,1.4305354356765747,inf,0.3689108,1.0529265,1.0035505,0.0,0.0,1.0,1.1156890392303467,1.6640359,-2.4029245,0.9995374,0.8,0.0,1.0,2.5535473823547363,-1.7281729,2.4640214,1.0013806,4.898587e-17,0.8,1.0,2.3990728855133057,-0.8758281,-0.29148063,0.9975783,-0.8,9.797174e-17,1.0,0.30119216442108154,-0.7708445,-0.93840355,0.9974759,-1.4695762e-16,-0.8,1.0,0.7831750512123108
1075,-0.024250632151961327,0,1.4371718168258667,inf,0.37054354,1.0584455,1.0035427,0.0,0.0,1.0,1.1214373111724854,1.6645232,-2.4144835,0.9995431,0.8,0.0,1.0,2.564591884613037,-1.7354925,2.4726176,1.0013841,4.898587e-17,0.8,1.0,2.410308361053467,-0.8770739,-0.29309902,0.99758345,-0.8,9.797174e-17,1.0,0.3030730187892914,-0.77400744,-0.93931234,0.997485,-1.4695762e-16,-0.8,1.0,0.7864488363265991
1076,-0.024369852617383003,0,1.4438178539276123,inf,0.37217706,1.0639795,1.0035352,0.0,0.0,1.0,1.1272003650665283,1.664983,-2.426053,0.99954873,0.8,0.0,1.0,2.575641632080078,-1.742816,2.4812343,1.0013875,4.898587e-17,0.8,1.0,2.4215612411499023,-0.8783286,-0.29472163,0.9975888,-0.8,9.797174e-17,1.0,0.3049623370170593,-0.7771716,-0.9402236,0.997494,-1.4695762e-16,-0.8,1.0,0.7897244095802307
1077,-0.02449018508195877,0,1.4504735469818115,inf,0.37381133,1.0695286,1.0035276,0.0,0.0,1.0,1.132977843284607,1.6654152,-2.4376328,0.99955434,0.8,0.0,1.0,2.586696147918701,-1.7501433,2.4898715,1.0013908,4.898587e-17,0.8,1.0,2.4328315258026123,-0.87959236,-0.29634857,0.99759424,-0.8,9.797174e-17,1.0,0.3068602383136749,-0.780337,-0.9411373,0.9975028,-1.4695762e-16,-0.8,1.0,0.7930017709732056
1078,-0.024610726162791252,0,1.4571385383605957,inf,0.37544635,1.0750927,1.0035198,0.0,0.0,1.0,1.1387697458267212,1.6658196,-2.4492223,0.9995598,0.8,0.0,1.0,2.5977554321289062,-1.7574743,2.4985292,1.0013943,4.898587e-17,0.8,1.0,2.444119453430176,-0.88086516,-0.29797986,0.9975995,-0.8,9.797174e-17,1.0,0.30876678228378296,-0.78350353,-0.9420536,0.99751174,-1.4695762e-16,-0.8,1.0,0.7962808609008789
1079,-0.02473057247698307,0,1.4638127088546753,inf,0.37708208,1.0806719,1.003512,0.0,0.0,1.0,1.1445763111114502,1.6661962,-2.4608216,0.99956536,0.8,0.0,1.0,2.6088194847106934,-1.7648088,2.5072076,1.0013976,4.898587e-17,0.8,1.0,2.4554245471954346,-0.88214725,-0.29961544,0.9976047,-0.8,9.797174e-17,1.0,0.3106820285320282,-0.7866711,-0.9429725,0.9975207,-1.4695762e-16,-0.8,1.0,0.7995615601539612
1080,-0.024850614368915558,0,1.4704965353012085,inf,0.3787185,1.0862662,1.0035045,0.0,0.0,1.0,1.1503974199295044,1.666545,-2.4724305,0.9995709,0.8,0.0,1.0,2.6198880672454834,-1.7721467,2.5159063,1.001401,4.898587e-17,0.8,1.0,2.4667468070983887,-0.8834386,-0.30125532,0.9976101,-0.8,9.797174e-17,1.0,0.31260594725608826,-0.78983974,-0.94389397,0.9975295,-1.4695762e-16,-0.8,1.0,0.8028439283370972
1081,-0.02497175894677639,0,1.477189302444458,inf,0.38035563,1.0918756,1.0034971,0.0,0.0,1.0,1.1562330722808838,1.6668661,-2.4840484,0.9995764,0.8,0.0,1.0,2.630960464477539,-1.7794878,2.5246255,1.0014042,4.898587e-17,0.8,1.0,2.478086471557617,-0.88473916,-0.30289954,0.9976155,-0.8,9.797174e-17,1.0,0.3145385980606079,-0.7930094,-0.9448181,0.9975382,-1.4695762e-16,-0.8,1.0,0.8061279654502869
1082,-0.02509356662631035,0,1.483891248703003,inf,0.3819934,1.0975,1.0034894,0.0,0.0,1.0,1.1620831489562988,1.667159,-2.495675,0.99958175,0.8,0.0,1.0,2.6420369148254395,-1.7868321,2.5333652,1.0014075,4.898587e-17,0.8,1.0,2.489443063735962,-0.88604915,-0.30454817,0.99762076,-0.8,9.797174e-17,1.0,0.31648018956184387,-0.79618,-0.9457448,0.997547,-1.4695762e-16,-0.8,1.0,0.809413492679596
1083,-0.025214221328496933,0,1.4906024932861328,inf,0.38363189,1.1031394,1.0034816,0.0,0.0,1.0,1.167947769165039,1.6674237,-2.5073104,0.9995871,0.8,0.0,1.0,2.6531169414520264,-1.7941796,2.5421252,1.001411,4.898587e-17,0.8,1.0,2.5008163452148438,-0.88736856,-0.30620113,0.9976259,-0.8,9.797174e-17,1.0,0.3184305727481842,-0.7993515,-0.9466742,0.99755585,-1.4695762e-16,-0.8,1.0,0.8127005696296692
1084,-0.025335058569908142,0,1.4973227977752686,inf,0.38527098,1.108794,1.0034742,0.0,0.0,1.0,1.173827052116394,1.6676606,-2.5189543,0.99959254,0.8,0.0,1.0,2.664200782775879,-1.8015299,2.5509057,1.0014142,4.898587e-17,0.8,1.0,2.512206792831421,-0.8886975,-0.3078584,0.99763125,-0.8,9.797174e-17,1.0,0.32038983702659607,-0.80252385,-0.9476063,0.9975645,-1.4695762e-16,-0.8,1.0,0.8159890174865723
1085,-0.025456994771957397,0,1.504051923751831,inf,0.3869107,1.1144637,1.003467,0.0,0.0,1.0,1.1797208786010742,1.6678692,-2.5306063,0.99959785,0.8,0.0,1.0,2.675287961959839,-1.8088832,2.5597067,1.0014173,4.898587e-17,0.8,1.0,2.5236141681671143,-0.890036,-0.30952007,0.9976367,-0.8,9.797174e-17,1.0,0.322358101606369,-0.80569696,-0.94854116,0.9975731,-1.4695762e-16,-0.8,1.0,0.81927889585495
1086,-0.025579586625099182,0,1.5107901096343994,inf,0.38855106,1.1201484,1.0034593,0.0,0.0,1.0,1.18562912940979,1.6680495,-2.5422661,0.9996031,0.8,0.0,1.0,2.686378002166748,-1.8162391,2.5685277,1.0014205,4.898587e-17,0.8,1.0,2.5350377559661865,-0.8913841,-0.31118616,0.99764186,-0.8,9.797174e-17,1.0,0.32433539628982544,-0.80887085,-0.94947875,0.99758166,-1.4695762e-16,-0.8,1.0,0.822570264339447
1087,-0.025701021775603294,0,1.517537236213684,inf,0.390192,1.1258483,1.0034517,0.0,0.0,1.0,1.191551923751831,1.6682014,-2.5539336,0.99960834,0.8,0.0,1.0,2.6974711418151855,-1.8235979,2.5773692,1.0014238,4.898587e-17,0.8,1.0,2.546478509902954,-0.892742,-0.31285664,0.997647,-0.8,9.797174e-17,1.0,0.3263217508792877,-0.8120454,-0.95041907,0.9975903,-1.4695762e-16,-0.8,1.0,0.8258628249168396
1088,-0.025822632014751434,0,1.5242931842803955,inf,0.39183354,1.1315633,1.0034444,0.0,0.0,1.0,1.1974893808364868,1.6683252,-2.5656085,0.9996136,0.8,0.0,1.0,2.7085671424865723,-1.8309592,2.586231,1.001427,4.898587e-17,0.8,1.0,2.5579357147216797,-0.89410955,-0.31453148,0.9976523,-0.8,9.797174e-17,1.0,0.32831716537475586,-0.8152206,-0.95136225,0.9975988,-1.4695762e-16,-0.8,1.0,0.829156756401062
1089,-0.025945328176021576,0,1.5310579538345337,inf,0.39347565,1.1372933,1.0034372,0.0,0.0,1.0,1.2034413814544678,1.6684204,-2.5772903,0.99961877,0.8,0.0,1.0,2.719665288925171,-1.8383231,2.595113,1.00143,4.898587e-17,0.8,1.0,2.5694093704223633,-0.89548695,-0.31621072,0.99765766,-0.8,9.797174e-17,1.0,0.3303217589855194,-0.8183964,-0.95230824,0.99760723,-1.4695762e-16,-0.8,1.0,0.8324518799781799
1090,-0.026068679988384247,0,1.537831425666809,inf,0.3951183,1.1430385,1.0034297,0.0,0.0,1.0,1.2094078063964844,1.6684872,-2.5889792,0.99962384,0.8,0.0,1.0,2.7307660579681396,-1.8456893,2.6040154,1.0014331,4.898587e-17,0.8,1.0,2.580899477005005,-0.89687425,-0.31789443,0.9976628,-0.8,9.797174e-17,1.0,0.33233559131622314,-0.8215728,-0.953257,0.99761564,-1.4695762e-16,-0.8,1.0,0.8357482552528381
1091,-0.026191318407654762,0,1.5446135997772217,inf,0.3967615,1.1487987,1.0034221,0.0,0.0,1.0,1.2153887748718262,1.6685253,-2.6006746,0.9996289,0.8,0.0,1.0,2.741868734359741,-1.8530579,2.6129377,1.0014364,4.898587e-17,0.8,1.0,2.5924060344696045,-0.8982715,-0.31958258,0.99766785,-0.8,9.797174e-17,1.0,0.33435872197151184,-0.82474965,-0.95420873,0.9976241,-1.4695762e-16,-0.8,1.0,0.8390458822250366
1092,-0.02631400339305401,0,1.5514044761657715,inf,0.39840522,1.1545742,1.0034148,0.0,0.0,1.0,1.2213844060897827,1.668535,-2.6123767,0.999634,0.8,0.0,1.0,2.752973794937134,-1.8604287,2.6218803,1.0014395,4.898587e-17,0.8,1.0,2.603928804397583,-0.8996788,-0.32127514,0.99767286,-0.8,9.797174e-17,1.0,0.3363911509513855,-0.82792693,-0.9551633,0.99763244,-1.4695762e-16,-0.8,1.0,0.8423444628715515
1093,-0.026436880230903625,0,1.5582040548324585,inf,0.40004948,1.1603646,1.0034076,0.0,0.0,1.0,1.227394461631775,1.6685163,-2.624085,0.9996391,0.8,0.0,1.0,2.764080762863159,-1.8678018,2.6308432,1.0014426,4.898587e-17,0.8,1.0,2.6154677867889404,-0.90109617,-0.32297215,0.99767804,-0.8,9.797174e-17,1.0,0.3384329080581665,-0.83110464,-0.95612085,0.99764067,-1.4695762e-16,-0.8,1.0,0.8456442356109619
1094,-0.026561543345451355,0,1.5650122165679932,inf,0.4016942,1.1661702,1.0034004,0.0,0.0,1.0,1.2334191799163818,1.6684692,-2.6357992,0.99964416,0.8,0.0,1.0,2.7751893997192383,-1.8751768,2.6398263,1.0014455,4.898587e-17,0.8,1.0,2.627023220062256,-0.90252364,-0.32467368,0.9976832,-0.8,9.797174e-17,1.0,0.3404841423034668,-0.8342827,-0.95708126,0.99764884,-1.4695762e-16,-0.8,1.0,0.8489450812339783
1095,-0.026685776188969612,0,1.571828842163086,inf,0.40333945,1.171991,1.0033933,0.0,0.0,1.0,1.239458441734314,1.6683936,-2.6475189,0.99964917,0.8,0.0,1.0,2.786299228668213,-1.8825539,2.6488292,1.0014485,4.898587e-17,0.8,1.0,2.638594388961792,-0.90396136,-0.32637972,0.99768835,-0.8,9.797174e-17,1.0,0.34254491329193115,-0.8374611,-0.9580447,0.99765706,-1.4695762e-16,-0.8,1.0,0.8522468209266663
1096,-0.026810627430677414,0,1.5786539316177368,inf,0.4049851,1.1778269,1.0033859,0.0,0.0,1.0,1.2455121278762817,1.6682895,-2.6592443,0.99965405,0.8,0.0,1.0,2.797410726547241,-1.8899329,2.6578524,1.0014514,4.898587e-17,0.8,1.0,2.650181770324707,-0.9054094,-0.32809016,0.9976934,-0.8,9.797174e-17,1.0,0.3446151614189148,-0.8406399,-0.9590111,0.9976652,-1.4695762e-16,-0.8,1.0,0.8555497527122498
1097,-0.026934288442134857,0,1.5854874849319458,inf,0.40663123,1.1836779,1.0033785,0.0,0.0,1.0,1.2515804767608643,1.6681567,-2.6709747,0.99965894,0.8,0.0,1.0,2.808523178100586,-1.8973135,2.6668956,1.0014544,4.898587e-17,0.8,1.0,2.661785125732422,-0.9068677,-0.32980514,0.9976984,-0.8,9.797174e-17,1.0,0.3466950058937073,-0.8438189,-0.9599805,0.99767345,-1.4695762e-16,-0.8,1.0,0.8588536381721497
1098,-0.02705901861190796,0,1.5923293828964233,inf,0.4082778,1.1895441,1.0033714,0.0,0.0,1.0,1.257663369178772,1.6679956,-2.6827104,0.9996639,0.8,0.0,1.0,2.819636821746826,-1.9046959,2.6759589,1.0014572,4.898587e-17,0.8,1.0,2.6734042167663574,-0.9083363,-0.33152455,0.9977034,-0.8,9.797174e-17,1.0,0.3487843871116638,-0.8469982,-0.96095294,0.9976815,-1.4695762e-16,-0.8,1.0,0.8621584177017212
1099,-0.02718348428606987,0,1.5991798639297485,inf,0.4099248,1.1954253,1.0033642,0.0,0.0,1.0,1.2637608051300049,1.6678059,-2.6944509,0.99966884,0.8,0.0,1.0,2.8307511806488037,-1.9120798,2.6850421,1.0014602,4.898587e-17,0.8,1.0,2.6850390434265137,-0.9098152,-0.33324856,0.99770844,-0.8,9.797174e-17,1.0,0.35088348388671875,-0.85017776,-0.96192837,0.9976895,-1.4695762e-16,-0.8,1.0,0.8654642701148987
1100,-0.02730903960764408,0,1.6060383319854736,inf,0.4115722,1.2013217,1.0033572,0.0,0.0,1.0,1.269872784614563,1.667588,-2.7061958,0.9996737,0.8,0.0,1.0,2.8418664932250977,-1.9194652,2.6941454,1.0014629,4.898587e-17,0.8,1.0,2.6966898441314697,-0.91130435,-0.33497706,0.9977135,-0.8,9.797174e-17,1.0,0.3529922366142273,-0.85335743,-0.96290696,0.9976974,-1.4695762e-16,-0.8,1.0,0.8687708973884583
1101,-0.027433406561613083,0,1.6129052639007568,inf,0.41322,1.2072333,1.0033498,0.0,0.0,1.0,1.2759993076324463,1.6673416,-2.7179453,0.99967855,0.8,0.0,1.0,2.85298228263855,-1.9268519,2.7032688,1.0014659,4.898587e-17,0.8,1.0,2.7083561420440674,-0.9128038,-0.33671018,0.9977184,-0.8,9.797174e-17,1.0,0.355110764503479,-0.85653734,-0.9638886,0.9977054,-1.4695762e-16,-0.8,1.0,0.872078537940979
1102,-0.027558831498026848,0,1.6197805404663086,inf,0.41486815,1.21316,1.0033426,0.0,0.0,1.0,1.2821403741836548,1.6670669,-2.729699,0.9996834,0.8,0.0,1.0,2.86409854888916,-1.9342399,2.7124119,1.0014687,4.898587e-17,0.8,1.0,2.7200379371643066,-0.9143137,-0.33844784,0.9977232,-0.8,9.797174e-17,1.0,0.3572390675544739,-0.85971737,-0.9648733,0.9977133,-1.4695762e-16,-0.8,1.0,0.8753870129585266
1103,-0.02768399380147457,0,1.6266639232635498,inf,0.4165167,1.2191018,1.0033355,0.0,0.0,1.0,1.288295865058899,1.666764,-2.7414565,0.99968827,0.8,0.0,1.0,2.875215530395508,-1.9416289,2.721575,1.0014715,4.898587e-17,0.8,1.0,2.7317349910736084,-0.91583383,-0.3401901,0.9977282,-0.8,9.797174e-17,1.0,0.3593771457672119,-0.86289746,-0.9658612,0.99772125,-1.4695762e-16,-0.8,1.0,0.8786962628364563
1104,-0.027810242027044296,0,1.6335554122924805,inf,0.41816553,1.2250588,1.0033284,0.0,0.0,1.0,1.2944661378860474,1.6664331,-2.753218,0.9996931,0.8,0.0,1.0,2.8863325119018555,-1.9490191,2.7307577,1.0014743,4.898587e-17,0.8,1.0,2.7434473037719727,-0.9173643,-0.341937,0.9977332,-0.8,9.797174e-17,1.0,0.36152514815330505,-0.8660776,-0.9668522,0.99772906,-1.4695762e-16,-0.8,1.0,0.8820064067840576
1105,-0.027935359627008438,0,1.6404550075531006,inf,0.41981477,1.231031,1.003321,0.0,0.0,1.0,1.3006508350372314,1.6660739,-2.7649827,0.9996978,0.8,0.0,1.0,2.897449493408203,-1.9564102,2.7399607,1.001477,4.898587e-17,0.8,1.0,2.7551751136779785,-0.91890514,-0.34368855,0.99773794,-0.8,9.797174e-17,1.0,0.3636830449104309,-0.8692578,-0.9678464,0.997737,-1.4695762e-16,-0.8,1.0,0.8853172659873962
1106,-0.028061533346772194,0,1.6473629474639893,inf,0.42146426,1.2370182,1.0033138,0.0,0.0,1.0,1.3068500757217407,1.6656866,-2.7767508,0.9997026,0.8,0.0,1.0,2.9085662364959717,-1.9638021,2.7491832,1.0014799,4.898587e-17,0.8,1.0,2.766918182373047,-0.9204563,-0.34544474,0.9977427,-0.8,9.797174e-17,1.0,0.36585089564323425,-0.872438,-0.9688438,0.9977448,-1.4695762e-16,-0.8,1.0,0.8886289596557617
1107,-0.028187667950987816,0,1.6542785167694092,inf,0.42311412,1.2430207,1.0033065,0.0,0.0,1.0,1.3130638599395752,1.6652714,-2.788522,0.99970734,0.8,0.0,1.0,2.9196832180023193,-1.9711949,2.7584255,1.0014826,4.898587e-17,0.8,1.0,2.7786762714385986,-0.9220179,-0.3472056,0.9977476,-0.8,9.797174e-17,1.0,0.36802875995635986,-0.8756182,-0.96984446,0.99775267,-1.4695762e-16,-0.8,1.0,0.8919414281845093
1108,-0.02831442281603813,0,1.6612024307250977,inf,0.42476422,1.2490383,1.0032994,0.0,0.0,1.0,1.3192923069000244,1.6648283,-2.800296,0.99971205,0.8,0.0,1.0,2.9307994842529297,-1.9785883,2.7676876,1.0014853,4.898587e-17,0.8,1.0,2.790449619293213,-0.9235898,-0.34897125,0.9977524,-0.8,9.797174e-17,1.0,0.3702167272567749,-0.8787983,-0.9708483,0.9977604,-1.4695762e-16,-0.8,1.0,0.8952544927597046
1109,-0.028439976274967194,0,1.668134331703186,inf,0.4264146,1.255071,1.003292,0.0,0.0,1.0,1.3255351781845093,1.6643573,-2.8120728,0.9997167,0.8,0.0,1.0,2.941915512084961,-1.9859824,2.7769694,1.0014881,4.898587e-17,0.8,1.0,2.8022377490997314,-0.9251722,-0.3507416,0.99775714,-0.8,9.797174e-17,1.0,0.37241479754447937,-0.88197833,-0.9718554,0.9977683,-1.4695762e-16,-0.8,1.0,0.898568332195282
1110,-0.028567064553499222,0,1.6750742197036743,inf,0.42806524,1.261119,1.0032845,0.0,0.0,1.0,1.3317927122116089,1.6638584,-2.823852,0.9997214,0.8,0.0,1.0,2.953031063079834,-1.993377,2.786271,1.0014908,4.898587e-17,0.8,1.0,2.8140411376953125,-0.92676485,-0.35251683,0.9977618,-0.8,9.797174e-17,1.0,0.37462306022644043,-0.8851582,-0.9728658,0.9977761,-1.4695762e-16,-0.8,1.0,0.9018827676773071
1111,-0.0286943968385458,0,1.6820217370986938,inf,0.42971614,1.2671821,1.0032772,0.0,0.0,1.0,1.3380646705627441,1.6633317,-2.8356335,0.9997261,0.8,0.0,1.0,2.9641456604003906,-2.000772,2.7955925,1.0014937,4.898587e-17,0.8,1.0,2.825859308242798,-0.928368,-0.35429707,0.99776655,-0.8,9.797174e-17,1.0,0.37684178352355957,-0.8883379,-0.9738796,0.9977839,-1.4695762e-16,-0.8,1.0,0.9051978588104248
1112,-0.028822341933846474,0,1.6889774799346924,inf,0.43136722,1.2732604,1.0032698,0.0,0.0,1.0,1.3443512916564941,1.6627775,-2.8474169,0.9997308,0.8,0.0,1.0,2.975259304046631,-2.0081675,2.8049333,1.0014963,4.898587e-17,0.8,1.0,2.8376922607421875,-0.9299815,-0.35608232,0.99777126,-0.8,9.797174e-17,1.0,0.3790709376335144,-0.8915174,-0.97489655,0.99779165,-1.4695762e-16,-0.8,1.0,0.908513605594635
1113,-0.028949078172445297,0,1.6959409713745117,inf,0.43301857,1.2793537,1.0032622,0.0,0.0,1.0,1.3506523370742798,1.6621956,-2.8592021,0.99973536,0.8,0.0,1.0,2.9863719940185547,-2.0155635,2.814294,1.001499,4.898587e-17,0.8,1.0,2.8495399951934814,-0.9316055,-0.3578726,0.99777585,-0.8,9.797174e-17,1.0,0.3813105821609497,-0.8946967,-0.975917,0.9977995,-1.4695762e-16,-0.8,1.0,0.911829948425293
1114,-0.02907731384038925,0,1.7029123306274414,inf,0.43467006,1.2854624,1.0032547,0.0,0.0,1.0,1.3569680452346802,1.6615859,-2.870989,0.99974,0.8,0.0,1.0,2.997483730316162,-2.0229595,2.8236742,1.0015018,4.898587e-17,0.8,1.0,2.8614025115966797,-0.9332399,-0.35966808,0.99778044,-0.8,9.797174e-17,1.0,0.38356083631515503,-0.8978758,-0.9769407,0.9978073,-1.4695762e-16,-0.8,1.0,0.9151468873023987
1115,-0.029205579310655594,0,1.7098915576934814,inf,0.43632177,1.2915862,1.003247,0.0,0.0,1.0,1.3632981777191162,1.6609489,-2.8827775,0.9997447,0.8,0.0,1.0,3.008594036102295,-2.0303557,2.833074,1.0015047,4.898587e-17,0.8,1.0,2.8732798099517822,-0.9348847,-0.36146885,0.99778503,-0.8,9.797174e-17,1.0,0.3858218789100647,-0.90105456,-0.97796786,0.99781513,-1.4695762e-16,-0.8,1.0,0.9184642434120178
1116,-0.029334263876080513,0,1.716878890991211,inf,0.43797365,1.2977251,1.0032395,0.0,0.0,1.0,1.369642972946167,1.6602844,-2.8945668,0.9997493,0.8,0.0,1.0,3.019702911376953,-2.037752,2.8424935,1.0015073,4.898587e-17,0.8,1.0,2.88517165184021,-0.93654007,-0.36327493,0.9977896,-0.8,9.797174e-17,1.0,0.3880937397480011,-0.904233,-0.9789985,0.99782294,-1.4695762e-16,-0.8,1.0,0.9217822551727295
1117,-0.029462650418281555,0,1.723873496055603,inf,0.43962568,1.3038791,1.0032316,0.0,0.0,1.0,1.3760021924972534,1.6595924,-2.906357,0.99975383,0.8,0.0,1.0,3.0308101177215576,-2.0451481,2.8519325,1.00151,4.898587e-17,0.8,1.0,2.897078037261963,-0.9382059,-0.36508638,0.9977941,-0.8,9.797174e-17,1.0,0.390376478433609,-0.9074111,-0.9800326,0.99783087,-1.4695762e-16,-0.8,1.0,0.9251007437705994
1118,-0.029591625556349754,0,1.7308759689331055,inf,0.4412778,1.3100485,1.0032235,0.0,0.0,1.0,1.382375955581665,1.6588731,-2.9181483,0.99975824,0.8,0.0,1.0,3.0419158935546875,-2.0525444,2.8613908,1.0015126,4.898587e-17,0.8,1.0,2.908998489379883,-0.9398821,-0.36690325,0.99779844,-0.8,9.797174e-17,1.0,0.3926701247692108,-0.91058886,-0.9810703,0.9978388,-1.4695762e-16,-0.8,1.0,0.9284197092056274
1119,-0.02972031757235527,0,1.7378864288330078,inf,0.4429301,1.3162329,1.0032153,0.0,0.0,1.0,1.3887643814086914,1.6581261,-2.9299405,0.9997627,0.8,0.0,1.0,3.0530200004577637,-2.0599406,2.8708687,1.0015155,4.898587e-17,0.8,1.0,2.920933961868286,-0.9415688,-0.36872575,0.9978027,-0.8,9.797174e-17,1.0,0.394974946975708,-0.91376626,-0.9821117,0.99784684,-1.4695762e-16,-0.8,1.0,0.931739330291748
1120,-0.029849138110876083,0,1.7449047565460205,inf,0.4445825,1.3224325,1.0032073,0.0,0.0,1.0,1.3951672315597534,1.657352,-2.9417334,0.9997673,0.8,0.0,1.0,3.0641226768493652,-2.0673363,2.880366,1.0015181,4.898587e-17,0.8,1.0,2.9328832626342773,-0.9432661,-0.37055385,0.9978071,-0.8,9.797174e-17,1.0,0.39729100465774536,-0.91694325,-0.98315674,0.9978548,-1.4695762e-16,-0.8,1.0,0.9350593090057373
1121,-0.029978584498167038,0,1.751930832862854,inf,0.44623497,1.3286474,1.0031993,0.0,0.0,1.0,1.4015847444534302,1.6565505,-2.9535265,0.9997719,0.8,0.0,1.0,3.075223207473755,-2.074732,2.889883,1.001521,4.898587e-17,0.8,1.0,2.944847345352173,-0.9449739,-0.37238756,0.9978115,-0.8,9.797174e-17,1.0,0.3996182084083557,-0.9201198,-0.9842056,0.9978627,-1.4695762e-16,-0.8,1.0,0.9383798837661743
1122,-0.030108172446489334,0,1.75896418094635,inf,0.44788754,1.3348775,1.0031914,0.0,0.0,1.0,1.4080168008804321,1.6557219,-2.9653199,0.9997764,0.8,0.0,1.0,3.0863218307495117,-2.082127,2.899419,1.0015235,4.898587e-17,0.8,1.0,2.9568252563476562,-0.94669217,-0.37422696,0.9978159,-0.8,9.797174e-17,1.0,0.4019566774368286,-0.923296,-0.9852583,0.9978706,-1.4695762e-16,-0.8,1.0,0.9417009353637695
1123,-0.030237898230552673,0,1.766005516052246,inf,0.44954017,1.3411226,1.003183,0.0,0.0,1.0,1.4144631624221802,1.6548662,-2.9771135,0.9997809,0.8,0.0,1.0,3.0974183082580566,-2.089522,2.908975,1.0015262,4.898587e-17,0.8,1.0,2.968817710876465,-0.94842106,-0.37607202,0.99782014,-0.8,9.797174e-17,1.0,0.40430647134780884,-0.92647165,-0.9863149,0.9978786,-1.4695762e-16,-0.8,1.0,0.945022463798523
1124,-0.030367299914360046,0,1.7730547189712524,inf,0.45119283,1.347383,1.0031745,0.0,0.0,1.0,1.4209243059158325,1.6539832,-2.9889069,0.99978524,0.8,0.0,1.0,3.1085126399993896,-2.096916,2.9185498,1.0015289,4.898587e-17,0.8,1.0,2.9808239936828613,-0.95016044,-0.37792274,0.9978243,-0.8,9.797174e-17,1.0,0.406667560338974,-0.92964685,-0.9873755,0.9978867,-1.4695762e-16,-0.8,1.0,0.9483445286750793
1125,-0.030497189611196518,0,1.780111312866211,inf,0.45284554,1.3536587,1.0031658,0.0,0.0,1.0,1.42739999294281,1.6530731,-3.0007,0.9997897,0.8,0.0,1.0,3.1196048259735107,-2.1043096,2.928144,1.0015317,4.898587e-17,0.8,1.0,2.992844581604004,-0.9519104,-0.37977916,0.99782836,-0.8,9.797174e-17,1.0,0.4090399444103241,-0.9328215,-0.9884401,0.9978948,-1.4695762e-16,-0.8,1.0,0.9516670107841492
1126,-0.030626745894551277,0,1.7871755361557007,inf,0.45449826,1.3599495,1.0031571,0.0,0.0,1.0,1.4338902235031128,1.6521358,-3.0124931,0.9997942,0.8,0.0,1.0,3.13069486618042,-2.1117024,2.9377577,1.0015343,4.898587e-17,0.8,1.0,3.0048789978027344,-0.95367086,-0.38164133,0.99783254,-0.8,9.797174e-17,1.0,0.41142377257347107,-0.9359957,-0.98950887,0.99790305,-1.4695762e-16,-0.8,1.0,0.954990029335022
1127,-0.0307573601603508,0,1.7942476272583008,inf,0.45615098,1.3662554,1.0031487,0.0,0.0,1.0,1.4403948783874512,1.6511718,-3.0242858,0.9997987,0.8,0.0,1.0,3.141782522201538,-2.1190946,2.9473908,1.0015371,4.898587e-17,0.8,1.0,3.016927480697632,-0.95544195,-0.38350922,0.9978367,-0.8,9.797174e-17,1.0,0.4138190448284149,-0.93916935,-0.99058175,0.9979111,-1.4695762e-16,-0.8,1.0,0.958313524723053
1128,-0.030887648463249207,0,1.8013269901275635,inf,0.4578037,1.3725767,1.0031401,0.0,0.0,1.0,1.4469143152236938,1.6501808,-3.0360777,0.9998032,0.8,0.0,1.0,3.1528677940368652,-2.1264858,2.9570432,1.0015397,4.898587e-17,0.8,1.0,3.0289900302886963,-0.9572236,-0.38538283,0.99784094,-0.8,9.797174e-17,1.0,0.41622573137283325,-0.94234234,-0.99165887,0.99791926,-1.4695762e-16,-0.8,1.0,0.9616374373435974
1129,-0.031018516048789024,0,1.808414101600647,inf,0.45945638,1.378913,1.0031313,0.0,0.0,1.0,1.4534480571746826,1.6491629,-3.0478685,0.99980754,0.8,0.0,1.0,3.163949966430664,-2.133876,2.966715,1.0015423,4.898587e-17,0.8,1.0,3.0410661697387695,-0.95901585,-0.3872622,0.99784493,-0.8,9.797174e-17,1.0,0.41864386200904846,-0.94551486,-0.9927403,0.9979274,-1.4695762e-16,-0.8,1.0,0.9649618864059448
1130,-0.031148584559559822,0,1.8155086040496826,inf,0.461109,1.3852646,1.0031221,0.0,0.0,1.0,1.4599963426589966,1.6481181,-3.0596585,0.99981195,0.8,0.0,1.0,3.175029754638672,-2.1412654,2.9764066,1.001545,4.898587e-17,0.8,1.0,3.053156614303589,-0.96081865,-0.3891473,0.9978489,-0.8,9.797174e-17,1.0,0.4210734963417053,-0.9486867,-0.9938261,0.9979357,-1.4695762e-16,-0.8,1.0,0.9682867527008057
1131,-0.031279247254133224,0,1.82261061668396,inf,0.46276164,1.3916314,1.0031128,0.0,0.0,1.0,1.4665591716766357,1.6470464,-3.0714476,0.9998163,0.8,0.0,1.0,3.1861071586608887,-2.1486537,2.9861174,1.0015477,4.898587e-17,0.8,1.0,3.065261125564575,-0.96263206,-0.39103824,0.99785274,-0.8,9.797174e-17,1.0,0.4235146939754486,-0.9518579,-0.9949163,0.99794406,-1.4695762e-16,-0.8,1.0,0.9716120958328247
1132,-0.03140980005264282,0,1.8297202587127686,inf,0.46441412,1.3980135,1.0031036,0.0,0.0,1.0,1.4731366634368896,1.6459479,-3.0832353,0.99982077,0.8,0.0,1.0,3.197181224822998,-2.1560407,2.9958477,1.0015503,4.898587e-17,0.8,1.0,3.077378988265991,-0.96445614,-0.39293492,0.99785674,-0.8,9.797174e-17,1.0,0.42596742510795593,-0.9550285,-0.996011,0.9979524,-1.4695762e-16,-0.8,1.0,0.974937915802002
1133,-0.03154095262289047,0,1.8368374109268188,inf,0.46606657,1.4044106,1.0030946,0.0,0.0,1.0,1.4797285795211792,1.644823,-3.0950217,0.9998253,0.8,0.0,1.0,3.2082526683807373,-2.1634264,3.0055974,1.001553,4.898587e-17,0.8,1.0,3.089510679244995,-0.96629083,-0.39483738,0.99786067,-0.8,9.797174e-17,1.0,0.42843174934387207,-0.9581984,-0.99711025,0.9979607,-1.4695762e-16,-0.8,1.0,0.9782642126083374
1134,-0.03167227655649185,0,1.84396231174469,inf,0.4677189,1.4108231,1.0030854,0.0,0.0,1.0,1.4863351583480835,1.6436713,-3.1068065,0.9998297,0.8,0.0,1.0,3.2193210124969482,-2.1708107,3.0153668,1.0015556,4.898587e-17,0.8,1.0,3.101656198501587,-0.96813625,-0.39674565,0.99786466,-0.8,9.797174e-17,1.0,0.4309077262878418,-0.9613676,-0.9982141,0.9979689,-1.4695762e-16,-0.8,1.0,0.9815908670425415
1135,-0.031803276389837265,0,1.8510942459106445,inf,0.46937114,1.4172508,1.003076,0.0,0.0,1.0,1.492956280708313,1.642493,-3.1185894,0.99983406,0.8,0.0,1.0,3.2303860187530518,-2.1781936,3.0251555,1.0015582,4.898587e-17,0.8,1.0,3.1138155460357666,-0.9699923,-0.3986597,0.9978684,-0.8,9.797174e-17,1.0,0.43339529633522034,-0.96453613,-0.9993227,0.99797726,-1.4695762e-16,-0.8,1.0,0.9849180579185486
1136,-0.03193392977118492,0,1.8582336902618408,inf,0.4710232,1.4236935,1.0030662,0.0,0.0,1.0,1.4995918273925781,1.6412882,-3.1303704,0.9998384,0.8,0.0,1.0,3.241447925567627,-2.185575,3.0349638,1.0015607,4.898587e-17,0.8,1.0,3.125988721847534,-0.9718589,-0.40057954,0.99787223,-0.8,9.797174e-17,1.0,0.4358944594860077,-0.96770394,-1.000436,0.9979858,-1.4695762e-16,-0.8,1.0,0.9882456660270691
1137,-0.032065171748399734,0,1.8653805255889893,inf,0.47267517,1.4301516,1.0030563,0.0,0.0,1.0,1.5062419176101685,1.6400567,-3.1421497,0.99984276,0.8,0.0,1.0,3.252506732940674,-2.192955,3.0447917,1.0015634,4.898587e-17,0.8,1.0,3.1381752490997314,-0.97373605,-0.40250522,0.9978758,-0.8,9.797174e-17,1.0,0.43840524554252625,-0.970871,-1.0015541,0.9979942,-1.4695762e-16,-0.8,1.0,0.9915737509727478
1138,-0.0321965217590332,0,1.872534990310669,inf,0.47432694,1.4366249,1.0030465,0.0,0.0,1.0,1.512906551361084,1.6387988,-3.1539266,0.9998472,0.8,0.0,1.0,3.263561964035034,-2.200333,3.0546393,1.0015662,4.898587e-17,0.8,1.0,3.1503758430480957,-0.9756237,-0.40443686,0.9978795,-0.8,9.797174e-17,1.0,0.4409278333187103,-0.9740372,-1.0026771,0.9980027,-1.4695762e-16,-0.8,1.0,0.9949021935462952
1139,-0.03232799842953682,0,1.8796964883804321,inf,0.47597855,1.4431134,1.0030369,0.0,0.0,1.0,1.5195859670639038,1.6375146,-3.1657014,0.99985164,0.8,0.0,1.0,3.274613857269287,-2.2077096,3.0645063,1.0015688,4.898587e-17,0.8,1.0,3.1625895500183105,-0.97752196,-0.40637442,0.99788314,-0.8,9.797174e-17,1.0,0.44346216320991516,-0.97720265,-1.003805,0.9980111,-1.4695762e-16,-0.8,1.0,0.9982311725616455
1140,-0.032459598034620285,0,1.8868656158447266,inf,0.47762996,1.4496171,1.0030271,0.0,0.0,1.0,1.5262795686721802,1.6362041,-3.1774735,0.99985605,0.8,0.0,1.0,3.2856621742248535,-2.215084,3.074393,1.0015712,4.898587e-17,0.8,1.0,3.1748170852661133,-0.9794307,-0.40831792,0.99788684,-0.8,9.797174e-17,1.0,0.44600826501846313,-0.98036724,-1.004938,0.9980196,-1.4695762e-16,-0.8,1.0,1.0015605688095093
1141,-0.032591771334409714,0,1.8940417766571045,inf,0.4792812,1.4561361,1.0030171,0.0,0.0,1.0,1.5329879522323608,1.6348674,-3.189243,0.9998604,0.8,0.0,1.0,3.2967066764831543,-2.2224567,3.084299,1.0015738,4.898587e-17,0.8,1.0,3.1870579719543457,-0.98134977,-0.41026738,0.99789035,-0.8,9.797174e-17,1.0,0.4485660493373871,-0.98353106,-1.006076,0.998028,-1.4695762e-16,-0.8,1.0,1.0048903226852417
1142,-0.03272329643368721,0,1.9012254476547241,inf,0.48093218,1.4626703,1.0030068,0.0,0.0,1.0,1.5397108793258667,1.6335044,-3.2010098,0.99986476,0.8,0.0,1.0,3.3077473640441895,-2.2298272,3.0942252,1.0015763,4.898587e-17,0.8,1.0,3.199312686920166,-0.9832793,-0.41222295,0.9978938,-0.8,9.797174e-17,1.0,0.4511357843875885,-0.98669404,-1.0072192,0.9980365,-1.4695762e-16,-0.8,1.0,1.0082205533981323
1143,-0.03285510092973709,0,1.9084161520004272,inf,0.48258296,1.4692197,1.0029964,0.0,0.0,1.0,1.5464481115341187,1.6321151,-3.2127736,0.99986917,0.8,0.0,1.0,3.318784475326538,-2.2371957,3.1041706,1.001579,4.898587e-17,0.8,1.0,3.211580514907837,-0.98521924,-0.41418454,0.9978971,-0.8,9.797174e-17,1.0,0.45371735095977783,-0.98985606,-1.0083674,0.9980451,-1.4695762e-16,-0.8,1.0,1.0115511417388916
1144,-0.03298702463507652,0,1.9156147241592407,inf,0.48423347,1.4757843,1.0029861,0.0,0.0,1.0,1.5532000064849854,1.6306996,-3.2245345,0.99987364,0.8,0.0,1.0,3.329817533493042,-2.2445621,3.1141357,1.0015815,4.898587e-17,0.8,1.0,3.2238621711730957,-0.9871696,-0.41615224,0.9979004,-0.8,9.797174e-17,1.0,0.45631080865859985,-0.9930172,-1.0095209,0.99805367,-1.4695762e-16,-0.8,1.0,1.014882206916809
1145,-0.033119987696409225,0,1.9228203296661377,inf,0.4858837,1.4823642,1.002976,0.0,0.0,1.0,1.5599664449691772,1.6292583,-3.2362921,0.99987805,0.8,0.0,1.0,3.340846538543701,-2.2519264,3.1241205,1.0015842,4.898587e-17,0.8,1.0,3.236156940460205,-0.98913044,-0.41812602,0.9979037,-0.8,9.797174e-17,1.0,0.45891621708869934,-0.99617743,-1.0106795,0.99806213,-1.4695762e-16,-0.8,1.0,1.0182137489318848
1146,-0.03325197100639343,0,1.93003249168396,inf,0.4875337,1.4889593,1.0029656,0.0,0.0,1.0,1.5667475461959839,1.6277908,-3.2480464,0.9998825,0.8,0.0,1.0,3.3518714904785156,-2.259288,3.134125,1.0015866,4.898587e-17,0.8,1.0,3.248465061187744,-0.9911018,-0.4201058,0.99790704,-0.8,9.797174e-17,1.0,0.46153345704078674,-0.9993366,-1.0118434,0.99807066,-1.4695762e-16,-0.8,1.0,1.0215452909469604
1147,-0.03338451683521271,0,1.937252402305603,inf,0.4891833,1.4955696,1.0029551,0.0,0.0,1.0,1.5735429525375366,1.6262976,-3.259797,0.99988693,0.8,0.0,1.0,3.3628923892974854,-2.2666476,3.144149,1.0015891,4.898587e-17,0.8,1.0,3.260786533355713,-0.9930836,-0.42209148,0.99791026,-0.8,9.797174e-17,1.0,0.46416252851486206,-1.0024949,-1.0130126,0.99807924,-1.4695762e-16,-0.8,1.0,1.024877667427063
1148,-0.033516690135002136,0,1.94447922706604,inf,0.49083248,1.5021951,1.0029441,0.0,0.0,1.0,1.5803529024124146,1.6247783,-3.271544,0.9998914,0.8,0.0,1.0,3.373908519744873,-2.2740045,3.154193,1.0015916,4.898587e-17,0.8,1.0,3.2731213569641113,-0.9950759,-0.42408308,0.99791336,-0.8,9.797174e-17,1.0,0.4668034017086029,-1.0056521,-1.0141872,0.9980879,-1.4695762e-16,-0.8,1.0,1.0282100439071655
1149,-0.03364944085478783,0,1.95171320438385,inf,0.49248117,1.5088359,1.0029333,0.0,0.0,1.0,1.5871773958206177,1.6232331,-3.2832873,0.99989593,0.8,0.0,1.0,3.384920835494995,-2.2813587,3.1642566,1.0015943,4.898587e-17,0.8,1.0,3.2854695320129395,-0.9970786,-0.42608064,0.9979163,-0.8,9.797174e-17,1.0,0.46945610642433167,-1.0088083,-1.0153672,0.99809647,-1.4695762e-16,-0.8,1.0,1.0315428972244263
1150,-0.03378137946128845,0,1.9589542150497437,inf,0.49412927,1.5154917,1.0029223,0.0,0.0,1.0,1.594016194343567,1.621662,-3.2950265,0.99990046,0.8,0.0,1.0,3.395928144454956,-2.2887104,3.17434,1.0015968,4.898587e-17,0.8,1.0,3.297830820083618,-0.9990919,-0.42808405,0.99791926,-0.8,9.797174e-17,1.0,0.47212061285972595,-1.0119634,-1.0165526,0.99810517,-1.4695762e-16,-0.8,1.0,1.0348761081695557
1151,-0.033914100378751755,0,1.966202735900879,inf,0.49577668,1.5221629,1.0029116,0.0,0.0,1.0,1.6008694171905518,1.6200653,-3.306762,0.999905,0.8,0.0,1.0,3.4069314002990723,-2.2960594,3.184443,1.0015993,4.898587e-17,0.8,1.0,3.3102054595947266,-1.0011158,-0.4300932,0.9979222,-0.8,9.797174e-17,1.0,0.4747968316078186,-1.0151174,-1.0177435,0.9981137,-1.4695762e-16,-0.8,1.0,1.0382095575332642
1152,-0.03404736891388893,0,1.9734575748443604,inf,0.49742338,1.5288491,1.0029008,0.0,0.0,1.0,1.6077369451522827,1.618443,-3.318493,0.9999095,0.8,0.0,1.0,3.4179298877716064,-2.3034053,3.1945658,1.0016017,4.898587e-17,0.8,1.0,3.3225929737091064,-1.0031501,-0.43210813,0.99792516,-0.8,9.797174e-17,1.0,0.477484792470932,-1.0182703,-1.0189399,0.9981222,-1.4695762e-16,-0.8,1.0,1.0415433645248413
1153,-0.03418075665831566,0,1.9807195663452148,inf,0.49906927,1.5355506,1.00289,0.0,0.0,1.0,1.6146188974380493,1.6167952,-3.3302195,0.99991405,0.8,0.0,1.0,3.4289233684539795,-2.3107486,3.204708,1.0016043,4.898587e-17,0.8,1.0,3.334993600845337,-1.0051949,-0.43412885,0.99792796,-0.8,9.797174e-17,1.0,0.4801844358444214,-1.021422,-1.0201417,0.9981307,-1.4695762e-16,-0.8,1.0,1.0448774099349976
1154,-0.03431331366300583,0,1.9879884719848633,inf,0.50071424,1.5422671,1.0028787,0.0,0.0,1.0,1.6215150356292725,1.6151216,-3.3419414,0.99991864,0.8,0.0,1.0,3.4399120807647705,-2.3180888,3.2148702,1.0016067,4.898587e-17,0.8,1.0,3.347407579421997,-1.0072503,-0.43615526,0.99793065,-0.8,9.797174e-17,1.0,0.4828958213329315,-1.0245726,-1.0213492,0.9981393,-1.4695762e-16,-0.8,1.0,1.0482118129730225
1155,-0.03444596752524376,0,1.9952640533447266,inf,0.50235826,1.5489987,1.0028675,0.0,0.0,1.0,1.6284252405166626,1.6134225,-3.3536587,0.9999232,0.8,0.0,1.0,3.4508960247039795,-2.325426,3.225052,1.0016094,4.898587e-17,0.8,1.0,3.3598344326019287,-1.0093163,-0.4381873,0.9979332,-0.8,9.797174e-17,1.0,0.4856188893318176,-1.027722,-1.0225624,0.99814796,-1.4695762e-16,-0.8,1.0,1.0515464544296265
1156,-0.03457918390631676,0,2.002546787261963,inf,0.5040012,1.5557456,1.0028563,0.0,0.0,1.0,1.635349988937378,1.6116979,-3.3653712,0.9999278,0.8,0.0,1.0,3.4618747234344482,-2.33276,3.2352536,1.001612,4.898587e-17,0.8,1.0,3.372274160385132,-1.0113928,-0.44022495,0.99793583,-0.8,9.797174e-17,1.0,0.48835355043411255,-1.0308702,-1.0237812,0.9981565,-1.4695762e-16,-0.8,1.0,1.0548814535140991
1157,-0.03471298888325691,0,2.009836196899414,inf,0.50564307,1.5625075,1.0028454,0.0,0.0,1.0,1.6422889232635498,1.609948,-3.377079,0.99993247,0.8,0.0,1.0,3.472848653793335,-2.340091,3.2454748,1.0016147,4.898587e-17,0.8,1.0,3.3847270011901855,-1.01348,-0.44226825,0.99793845,-0.8,9.797174e-17,1.0,0.49109992384910583,-1.0340171,-1.0250057,0.99816495,-1.4695762e-16,-0.8,1.0,1.0582165718078613
1158,-0.03484642878174782,0,2.01713228225708,inf,0.5072837,1.5692846,1.0028344,0.0,0.0,1.0,1.6492419242858887,1.6081729,-3.3887813,0.99993706,0.8,0.0,1.0,3.4838171005249023,-2.3474185,3.2557156,1.0016171,4.898587e-17,0.8,1.0,3.3971924781799316,-1.0155777,-0.4443171,0.9979411,-0.8,9.797174e-17,1.0,0.4938579201698303,-1.0371628,-1.026236,0.99817336,-1.4695762e-16,-0.8,1.0,1.0615520477294922
1159,-0.03497997671365738,0,2.02443528175354,inf,0.50892305,1.5760766,1.0028235,0.0,0.0,1.0,1.6562089920043945,1.6063725,-3.4004786,0.9999417,0.8,0.0,1.0,3.4947805404663086,-2.3547428,3.2659762,1.0016197,4.898587e-17,0.8,1.0,3.409670829772949,-1.017686,-0.44637144,0.9979435,-0.8,9.797174e-17,1.0,0.4966275095939636,-1.0403072,-1.0274721,0.9981818,-1.4695762e-16,-0.8,1.0,1.0648877620697021
1160,-0.03511359915137291,0,2.0317447185516357,inf,0.51056105,1.5828838,1.0028121,0.0,0.0,1.0,1.663190245628357,1.6045468,-3.4121702,0.99994636,0.8,0.0,1.0,3.5057382583618164,-2.3620636,3.2762566,1.0016222,4.898587e-17,0.8,1.0,3.4221622943878174,-1.0198048,-0.44843122,0.99794585,-0.8,9.797174e-17,1.0,0.4994086027145386,-1.0434501,-1.0287141,0.9981902,-1.4695762e-16,-0.8,1.0,1.068223476409912
1161,-0.035247065126895905,0,2.039060592651367,inf,0.5121977,1.589706,1.0028008,0.0,0.0,1.0,1.6701854467391968,1.602696,-3.4238565,0.99995106,0.8,0.0,1.0,3.516690731048584,-2.369381,3.2865565,1.0016251,4.898587e-17,0.8,1.0,3.434666156768799,-1.0219344,-0.4504965,0.997948,-0.8,9.797174e-17,1.0,0.5022013187408447,-1.0465919,-1.0299618,0.9981987,-1.4695762e-16,-0.8,1.0,1.0715596675872803
1162,-0.035380180925130844,0,2.0463833808898926,inf,0.5138328,1.5965433,1.0027895,0.0,0.0,1.0,1.6771948337554932,1.60082,-3.435537,0.99995583,0.8,0.0,1.0,3.5276377201080322,-2.3766947,3.2968762,1.0016279,4.898587e-17,0.8,1.0,3.447183132171631,-1.0240746,-0.4525672,0.9979501,-0.8,9.797174e-17,1.0,0.5050055980682373,-1.0497322,-1.0312155,0.9982071,-1.4695762e-16,-0.8,1.0,1.074895977973938
1163,-0.03551339730620384,0,2.053712844848633,inf,0.5154665,1.6033957,1.0027783,0.0,0.0,1.0,1.6842182874679565,1.5989192,-3.4472125,0.9999606,0.8,0.0,1.0,3.5385794639587402,-2.3840046,3.3072155,1.0016307,4.898587e-17,0.8,1.0,3.459712505340576,-1.0262253,-0.4546432,0.9979522,-0.8,9.797174e-17,1.0,0.5078213810920715,-1.0528711,-1.0324754,0.99821544,-1.4695762e-16,-0.8,1.0,1.0782326459884644
1164,-0.03564763441681862,0,2.061048984527588,inf,0.5170987,1.6102631,1.0027674,0.0,0.0,1.0,1.691255807876587,1.5969938,-3.458882,0.9999654,0.8,0.0,1.0,3.549516201019287,-2.391311,3.3175745,1.0016334,4.898587e-17,0.8,1.0,3.472254753112793,-1.0283868,-0.45672452,0.9979545,-0.8,9.797174e-17,1.0,0.5106486082077026,-1.0560087,-1.033741,0.99822366,-1.4695762e-16,-0.8,1.0,1.0815693140029907
1165,-0.03578244149684906,0,2.068391799926758,inf,0.5187295,1.6171457,1.0027566,0.0,0.0,1.0,1.6983073949813843,1.595044,-3.4705458,0.9999702,0.8,0.0,1.0,3.5604469776153564,-2.3986132,3.3279533,1.0016361,4.898587e-17,0.8,1.0,3.484809398651123,-1.030559,-0.45881122,0.99795663,-0.8,9.797174e-17,1.0,0.5134874582290649,-1.0591447,-1.0350127,0.99823177,-1.4695762e-16,-0.8,1.0,1.0849062204360962
1166,-0.03591686859726906,0,2.0757405757904053,inf,0.5203588,1.6240433,1.0027457,0.0,0.0,1.0,1.7053731679916382,1.5930699,-3.4822032,0.99997497,0.8,0.0,1.0,3.5713722705841064,-2.4059117,3.3383517,1.0016387,4.898587e-17,0.8,1.0,3.4973766803741455,-1.0327417,-0.46090317,0.9979588,-0.8,9.797174e-17,1.0,0.5163376331329346,-1.0622793,-1.0362906,0.9982399,-1.4695762e-16,-0.8,1.0,1.0882433652877808
1167,-0.03605140745639801,0,2.0830960273742676,inf,0.52198666,1.630956,1.0027348,0.0,0.0,1.0,1.712453007698059,1.5910714,-3.4938545,0.9999798,0.8,0.0,1.0,3.582291603088379,-2.4132063,3.3487697,1.0016413,4.898587e-17,0.8,1.0,3.5099565982818604,-1.0349352,-0.4630003,0.99796075,-0.8,9.797174e-17,1.0,0.5191993713378906,-1.0654125,-1.0375745,0.99824804,-1.4695762e-16,-0.8,1.0,1.0915807485580444
1168,-0.03618602082133293,0,2.090458393096924,inf,0.523613,1.6378838,1.0027237,0.0,0.0,1.0,1.7195467948913574,1.5890485,-3.5054994,0.9999846,0.8,0.0,1.0,3.593205213546753,-2.4204967,3.3592074,1.0016439,4.898587e-17,0.8,1.0,3.5225486755371094,-1.0371394,-0.46510258,0.9979626,-0.8,9.797174e-17,1.0,0.522072434425354,-1.0685441,-1.0388647,0.99825615,-1.4695762e-16,-0.8,1.0,1.0949182510375977
1169,-0.03632074221968651,0,2.0978267192840576,inf,0.52523786,1.6448267,1.0027127,0.0,0.0,1.0,1.7266547679901123,1.5870013,-3.5171378,0.99998945,0.8,0.0,1.0,3.6041128635406494,-2.427783,3.3696647,1.0016468,4.898587e-17,0.8,1.0,3.535153388977051,-1.0393542,-0.4672101,0.9979644,-0.8,9.797174e-17,1.0,0.524957001209259,-1.0716742,-1.0401611,0.99826425,-1.4695762e-16,-0.8,1.0,1.0982558727264404
1170,-0.03645554929971695,0,2.1052019596099854,inf,0.52686113,1.6517845,1.0027015,0.0,0.0,1.0,1.7337768077850342,1.5849301,-3.5287697,0.9999944,0.8,0.0,1.0,3.6150145530700684,-2.435065,3.3801417,1.0016497,4.898587e-17,0.8,1.0,3.5477705001831055,-1.04158,-0.46932283,0.9979661,-0.8,9.797174e-17,1.0,0.5278531312942505,-1.0748026,-1.0414637,0.9982723,-1.4695762e-16,-0.8,1.0,1.1015936136245728
1171,-0.036590009927749634,0,2.1125833988189697,inf,0.528483,1.6587576,1.0026907,0.0,0.0,1.0,1.7409130334854126,1.5828347,-3.5403953,0.9999993,0.8,0.0,1.0,3.625910758972168,-2.4423428,3.3906386,1.0016525,4.898587e-17,0.8,1.0,3.5604002475738525,-1.0438168,-0.47144073,0.9979679,-0.8,9.797174e-17,1.0,0.5307608842849731,-1.0779296,-1.0427727,0.99828035,-1.4695762e-16,-0.8,1.0,1.1049315929412842
1172,-0.03672455996274948,0,2.11997127532959,inf,0.5301032,1.6657457,1.00268,0.0,0.0,1.0,1.748063325881958,1.5807159,-3.552014,1.0000043,0.8,0.0,1.0,3.63680100440979,-2.4496162,3.401155,1.0016553,4.898587e-17,0.8,1.0,3.573042154312134,-1.0460647,-0.47356367,0.9979698,-0.8,9.797174e-17,1.0,0.5336801409721375,-1.0810549,-1.0440879,0.9982882,-1.4695762e-16,-0.8,1.0,1.1082696914672852
1173,-0.03685968369245529,0,2.1273655891418457,inf,0.53172195,1.672749,1.0026693,0.0,0.0,1.0,1.75522780418396,1.5785735,-3.5636263,1.0000093,0.8,0.0,1.0,3.6476852893829346,-2.456885,3.411691,1.0016581,4.898587e-17,0.8,1.0,3.585696220397949,-1.0483239,-0.4756916,0.9979716,-0.8,9.797174e-17,1.0,0.5366109609603882,-1.0841786,-1.0454096,0.998296,-1.4695762e-16,-0.8,1.0,1.1116077899932861
1174,-0.03699468821287155,0,2.1347665786743164,inf,0.53333914,1.6797674,1.0026587,0.0,0.0,1.0,1.762406349182129,1.5764076,-3.5752313,1.0000143,0.8,0.0,1.0,3.6585636138916016,-2.4641495,3.4222467,1.0016606,4.898587e-17,0.8,1.0,3.598362684249878,-1.050594,-0.47782448,0.9979734,-0.8,9.797174e-17,1.0,0.5395532250404358,-1.0873007,-1.0467376,0.9983038,-1.4695762e-16,-0.8,1.0,1.1149462461471558
1175,-0.037130244076251984,0,2.1421732902526855,inf,0.5349548,1.6868008,1.0026481,0.0,0.0,1.0,1.7695990800857544,1.5742182,-3.586829,1.0000192,0.8,0.0,1.0,3.6694352626800537,-2.4714093,3.4328218,1.0016633,4.898587e-17,0.8,1.0,3.6110410690307617,-1.052875,-0.47996247,0.997975,-0.8,9.797174e-17,1.0,0.542506992816925,-1.090421,-1.0480721,0.99831146,-1.4695762e-16,-0.8,1.0,1.1182845830917358
1176,-0.037265878170728683,0,2.1495866775512695,inf,0.5365689,1.6938493,1.0026374,0.0,0.0,1.0,1.7768057584762573,1.5720054,-3.5984194,1.0000242,0.8,0.0,1.0,3.6803009510040283,-2.4786646,3.4434166,1.001666,4.898587e-17,0.8,1.0,3.623731851577759,-1.0551672,-0.4821057,0.99797654,-0.8,9.797174e-17,1.0,0.5454725027084351,-1.0935396,-1.0494131,0.99831915,-1.4695762e-16,-0.8,1.0,1.121623158454895
1177,-0.037401147186756134,0,2.1570067405700684,inf,0.53818136,1.700913,1.0026268,0.0,0.0,1.0,1.7840266227722168,1.5697693,-3.6100025,1.0000292,0.8,0.0,1.0,3.691159963607788,-2.485915,3.4540308,1.0016688,4.898587e-17,0.8,1.0,3.636434555053711,-1.0574706,-0.48425433,0.9979781,-0.8,9.797174e-17,1.0,0.5484500527381897,-1.0966564,-1.0507606,0.99832684,-1.4695762e-16,-0.8,1.0,1.1249617338180542
1178,-0.037536490708589554,0,2.1644327640533447,inf,0.5397923,1.7079917,1.002616,0.0,0.0,1.0,1.7912616729736328,1.5675098,-3.6215782,1.0000342,0.8,0.0,1.0,3.7020130157470703,-2.4931605,3.4646645,1.0016717,4.898587e-17,0.8,1.0,3.649149179458618,-1.0597854,-0.48640835,0.9979797,-0.8,9.797174e-17,1.0,0.5514395833015442,-1.0997716,-1.0521148,0.9983345,-1.4695762e-16,-0.8,1.0,1.1283005475997925
1179,-0.03767148405313492,0,2.171865463256836,inf,0.5414016,1.7150856,1.0026056,0.0,0.0,1.0,1.7985107898712158,1.5652274,-3.6331465,1.0000393,0.8,0.0,1.0,3.712859630584717,-2.5004013,3.4753172,1.0016744,4.898587e-17,0.8,1.0,3.6618754863739014,-1.0621119,-0.4885677,0.99798137,-0.8,9.797174e-17,1.0,0.5544412732124329,-1.102885,-1.0534756,0.99834216,-1.4695762e-16,-0.8,1.0,1.1316394805908203
1180,-0.03780655190348625,0,2.179304361343384,inf,0.54300934,1.7221947,1.0025953,0.0,0.0,1.0,1.805774211883545,1.5629221,-3.6447074,1.0000445,0.8,0.0,1.0,3.7237000465393066,-2.507637,3.4859893,1.0016772,4.898587e-17,0.8,1.0,3.6746134757995605,-1.0644499,-0.4907323,0.9979832,-0.8,9.797174e-17,1.0,0.5574549436569214,-1.1059966,-1.0548431,0.9983496,-1.4695762e-16,-0.8,1.0,1.1349785327911377
1181,-0.03794214874505997,0,2.1867496967315674,inf,0.54461545,1.7293187,1.0025852,0.0,0.0,1.0,1.8130515813827515,1.5605943,-3.6562605,1.0000496,0.8,0.0,1.0,3.7345340251922607,-2.514868,3.4966805,1.0016797,4.898587e-17,0.8,1.0,3.687363624572754,-1.0667996,-0.49290207,0.9979849,-0.8,9.797174e-17,1.0,0.5604806542396545,-1.1091064,-1.0562172,0.998357,-1.4695762e-16,-0.8,1.0,1.1383177042007446
1182,-0.03807780519127846,0,2.1942009925842285,inf,0.54621994,1.736458,1.0025752,0.0,0.0,1.0,1.8203431367874146,1.558244,-3.6678057,1.0000547,0.8,0.0,1.0,3.745361566543579,-2.5220938,3.5073907,1.0016822,4.898587e-17,0.8,1.0,3.700124979019165,-1.0691609,-0.49507698,0.9979867,-0.8,9.797174e-17,1.0,0.5635182857513428,-1.1122143,-1.0575981,0.9983643,-1.4695762e-16,-0.8,1.0,1.141656756401062
1183,-0.03821401670575142,0,2.2016587257385254,inf,0.54782283,1.7436123,1.002565,0.0,0.0,1.0,1.8276488780975342,1.5558711,-3.6793425,1.0000598,0.8,0.0,1.0,3.7561817169189453,-2.5293143,3.5181203,1.0016848,4.898587e-17,0.8,1.0,3.712898015975952,-1.0715337,-0.49725717,0.9979882,-0.8,9.797174e-17,1.0,0.5665680170059204,-1.1153206,-1.0589857,0.9983716,-1.4695762e-16,-0.8,1.0,1.144996166229248
1184,-0.03834983706474304,0,2.2091224193573,inf,0.54942405,1.7507818,1.0025548,0.0,0.0,1.0,1.8349686861038208,1.5534759,-3.6908712,1.000065,0.8,0.0,1.0,3.766995668411255,-2.5365298,3.5288684,1.0016873,4.898587e-17,0.8,1.0,3.725682497024536,-1.073918,-0.49944282,0.9979897,-0.8,9.797174e-17,1.0,0.5696299076080322,-1.1184249,-1.0603802,0.9983789,-1.4695762e-16,-0.8,1.0,1.1483356952667236
1185,-0.0384848453104496,0,2.21659255027771,inf,0.55102366,1.7579663,1.0025446,0.0,0.0,1.0,1.842302680015564,1.5510579,-3.7023916,1.0000701,0.8,0.0,1.0,3.7778024673461914,-2.54374,3.5396357,1.0016899,4.898587e-17,0.8,1.0,3.738478422164917,-1.0763141,-0.5016339,0.9979913,-0.8,9.797174e-17,1.0,0.5727041363716125,-1.1215273,-1.0617815,0.9983862,-1.4695762e-16,-0.8,1.0,1.1516752243041992
1186,-0.03861992061138153,0,2.224069118499756,inf,0.5526216,1.765166,1.0025345,0.0,0.0,1.0,1.8496508598327637,1.5486178,-3.713904,1.0000753,0.8,0.0,1.0,3.788602828979492,-2.5509448,3.5504217,1.0016927,4.898587e-17,0.8,1.0,3.7512855529785156,-1.0787216,-0.50383043,0.997993,-0.8,9.797174e-17,1.0,0.5757906436920166,-1.1246281,-1.0631899,0.99839354,-1.4695762e-16,-0.8,1.0,1.1550151109695435
1187,-0.038755547255277634,0,2.2315516471862793,inf,0.5542179,1.7723808,1.0025247,0.0,0.0,1.0,1.8570131063461304,1.5461556,-3.7254078,1.0000803,0.8,0.0,1.0,3.799396276473999,-2.5581443,3.5612264,1.0016953,4.898587e-17,0.8,1.0,3.764103651046753,-1.0811408,-0.50603265,0.9979948,-0.8,9.797174e-17,1.0,0.5788896083831787,-1.1277268,-1.064605,0.9984007,-1.4695762e-16,-0.8,1.0,1.1583548784255981
1188,-0.03889170661568642,0,2.2390403747558594,inf,0.5558125,1.7796109,1.0025151,0.0,0.0,1.0,1.8643896579742432,1.5436715,-3.7369034,1.0000856,0.8,0.0,1.0,3.810183048248291,-2.5653384,3.5720499,1.0016979,4.898587e-17,0.8,1.0,3.776933193206787,-1.0835716,-0.5082405,0.9979967,-0.8,9.797174e-17,1.0,0.5820010900497437,-1.1308237,-1.066027,0.9984076,-1.4695762e-16,-0.8,1.0,1.1616950035095215
1189,-0.03902795538306236,0,2.246535539627075,inf,0.5574054,1.7868559,1.0025055,0.0,0.0,1.0,1.8717801570892334,1.5411657,-3.7483902,1.000091,0.8,0.0,1.0,3.82096266746521,-2.572527,3.582892,1.0017004,4.898587e-17,0.8,1.0,3.789773941040039,-1.086014,-0.5104542,0.9979985,-0.8,9.797174e-17,1.0,0.585125207901001,-1.1339189,-1.0674562,0.99841446,-1.4695762e-16,-0.8,1.0,1.165035367012024
1190,-0.03916427120566368,0,2.2540366649627686,inf,0.5589967,1.7941161,1.0024959,0.0,0.0,1.0,1.8791849613189697,1.5386384,-3.7598684,1.0000962,0.8,0.0,1.0,3.831735372543335,-2.57971,3.5937524,1.0017028,4.898587e-17,0.8,1.0,3.8026251792907715,-1.0884681,-0.5126736,0.99800026,-0.8,9.797174e-17,1.0,0.5882619023323059,-1.1370121,-1.0688924,0.99842125,-1.4695762e-16,-0.8,1.0,1.168375849723816
1191,-0.03930118680000305,0,2.2615442276000977,inf,0.5605862,1.8013915,1.0024863,0.0,0.0,1.0,1.8866039514541626,1.5360894,-3.7713373,1.0001016,0.8,0.0,1.0,3.842500925064087,-2.5868874,3.6046314,1.0017053,4.898587e-17,0.8,1.0,3.8154876232147217,-1.0909337,-0.51489896,0.998002,-0.8,9.797174e-17,1.0,0.591411292552948,-1.1401035,-1.0703356,0.9984281,-1.4695762e-16,-0.8,1.0,1.171716570854187
1192,-0.03943795710802078,0,2.2690577507019043,inf,0.562174,1.808682,1.0024766,0.0,0.0,1.0,1.8940370082855225,1.5335188,-3.782797,1.0001068,0.8,0.0,1.0,3.8532588481903076,-2.594059,3.6155288,1.0017077,4.898587e-17,0.8,1.0,3.8283610343933105,-1.0934108,-0.5171304,0.9980037,-0.8,9.797174e-17,1.0,0.5945735573768616,-1.143193,-1.0717859,0.998435,-1.4695762e-16,-0.8,1.0,1.1750575304031372
1193,-0.039573900401592255,0,2.2765774726867676,inf,0.56376016,1.8159876,1.002467,0.0,0.0,1.0,1.9014842510223389,1.5309267,-3.7942479,1.0001119,0.8,0.0,1.0,3.8640096187591553,-2.601225,3.6264446,1.0017103,4.898587e-17,0.8,1.0,3.84124493598938,-1.0958998,-0.5193678,0.99800557,-0.8,9.797174e-17,1.0,0.5977487564086914,-1.1462806,-1.0732434,0.99844193,-1.4695762e-16,-0.8,1.0,1.178398847579956
1194,-0.0397099032998085,0,2.2841029167175293,inf,0.5653446,1.8233083,1.0024574,0.0,0.0,1.0,1.9089456796646118,1.5283133,-3.8056896,1.0001173,0.8,0.0,1.0,3.87475323677063,-2.608385,3.6373785,1.0017128,4.898587e-17,0.8,1.0,3.854139566421509,-1.0984004,-0.52161133,0.99800754,-0.8,9.797174e-17,1.0,0.6009368896484375,-1.1493664,-1.0747081,0.9984488,-1.4695762e-16,-0.8,1.0,1.181740164756775
1195,-0.039846912026405334,0,2.291635513305664,inf,0.56692725,1.8306442,1.0024481,0.0,0.0,1.0,1.9164214134216309,1.5256786,-3.817122,1.0001225,0.8,0.0,1.0,3.8854897022247314,-2.6155393,3.6483307,1.0017153,4.898587e-17,0.8,1.0,3.8670449256896973,-1.1009125,-0.5238611,0.9980097,-0.8,9.797174e-17,1.0,0.6041380167007446,-1.1524502,-1.07618,0.9984555,-1.4695762e-16,-0.8,1.0,1.185081958770752
1196,-0.03998444974422455,0,2.299173355102539,inf,0.56850815,1.8379953,1.0024388,0.0,0.0,1.0,1.923911213874817,1.5230229,-3.8285453,1.0001279,0.8,0.0,1.0,3.896218776702881,-2.6226876,3.6593008,1.0017178,4.898587e-17,0.8,1.0,3.879960536956787,-1.1034362,-0.5261172,0.9980118,-0.8,9.797174e-17,1.0,0.6073523163795471,-1.1555321,-1.0776591,0.99846214,-1.4695762e-16,-0.8,1.0,1.1884238719940186
1197,-0.04012114554643631,0,2.30671763420105,inf,0.5700873,1.8453615,1.0024296,0.0,0.0,1.0,1.9314152002334595,1.5203462,-3.8399594,1.0001333,0.8,0.0,1.0,3.9069409370422363,-2.62983,3.6702893,1.0017201,4.898587e-17,0.8,1.0,3.8928868770599365,-1.1059717,-0.5283797,0.99801385,-0.8,9.797174e-17,1.0,0.610579788684845,-1.1586123,-1.0791456,0.99846864,-1.4695762e-16,-0.8,1.0,1.1917662620544434
1198,-0.040258366614580154,0,2.314268112182617,inf,0.57166475,1.8527428,1.0024203,0.0,0.0,1.0,1.938933253288269,1.5176485,-3.851364,1.0001385,0.8,0.0,1.0,3.9176552295684814,-2.636966,3.6812954,1.0017225,4.898587e-17,0.8,1.0,3.905823230743408,-1.1085187,-0.5306485,0.9980159,-0.8,9.797174e-17,1.0,0.613820493221283,-1.1616904,-1.0806392,0.9984752,-1.4695762e-16,-0.8,1.0,1.1951088905334473
1199,-0.040395207703113556,0,2.3218250274658203,inf,0.5732404,1.8601393,1.002411,0.0,0.0,1.0,1.9464656114578247,1.5149295,-3.8627589,1.0001439,0.8,0.0,1.0,3.9283623695373535,-2.6440961,3.6923196,1.0017247,4.898587e-17,0.8,1.0,3.9187703132629395,-1.1110774,-0.53292394,0.99801797,-0.8,9.797174e-17,1.0,0.6170745491981506,-1.1647664,-1.0821401,0.9984818,-1.4695762e-16,-0.8,1.0,1.1984516382217407
1200,-0.04053210839629173,0,2.329387903213501,inf,0.57481426,1.8675508,1.0024017,0.0,0.0,1.0,1.954012155532837,1.5121895,-3.8741448,1.000149,0.8,0.0,1.0,3.9390623569488525,-2.65122,3.7033617,1.0017271,4.898587e-17,0.8,1.0,3.931727409362793,-1.1136477,-0.53520596,0.9980202,-0.8,9.797174e-17,1.0,0.6203420162200928,-1.1678406,-1.0836481,0.99848837,-1.4695762e-16,-0.8,1.0,1.2017946243286133
1201,-0.04066820070147514,0,2.33695650100708,inf,0.5763864,1.8749775,1.0023925,0.0,0.0,1.0,1.9615727663040161,1.5094285,-3.8855214,1.0001543,0.8,0.0,1.0,3.9497551918029785,-2.6583376,3.7144215,1.0017295,4.898587e-17,0.8,1.0,3.9446945190429688,-1.1162297,-0.53749466,0.99802256,-0.8,9.797174e-17,1.0,0.6236229538917542,-1.1709127,-1.0851631,0.99849486,-1.4695762e-16,-0.8,1.0,1.2051377296447754
1202,-0.04080481827259064,0,2.344531774520874,inf,0.5779566,1.8824195,1.0023836,0.0,0.0,1.0,1.9691476821899414,1.5066466,-3.896889,1.0001595,0.8,0.0,1.0,3.9604411125183105,-2.665449,3.725499,1.0017319,4.898587e-17,0.8,1.0,3.957671642303467,-1.1188234,-0.5397901,0.99802506,-0.8,9.797174e-17,1.0,0.6269175410270691,-1.1739829,-1.0866852,0.9985013,-1.4695762e-16,-0.8,1.0,1.208480954170227
1203,-0.04094213992357254,0,2.3521132469177246,inf,0.5795251,1.8898765,1.002375,0.0,0.0,1.0,1.9767367839813232,1.5038441,-3.9082472,1.0001647,0.8,0.0,1.0,3.9711198806762695,-2.672554,3.7365942,1.001734,4.898587e-17,0.8,1.0,3.970659017562866,-1.1214286,-0.5420923,0.99802786,-0.8,9.797174e-17,1.0,0.6302255988121033,-1.1770508,-1.0882144,0.99850744,-1.4695762e-16,-0.8,1.0,1.2118244171142578
1204,-0.041087884455919266,0,2.3597006797790527,inf,0.5810918,1.8973488,1.0023663,0.0,0.0,1.0,1.9843400716781616,1.5010211,-3.9195964,1.0001701,0.8,0.0,1.0,3.9817919731140137,-2.6796525,3.747707,1.0017362,4.898587e-17,0.8,1.0,3.983656167984009,-1.1240456,-0.54440147,0.9980305,-0.8,9.797174e-17,1.0,0.6335474848747253,-1.1801168,-1.0897505,0.9985134,-1.4695762e-16,-0.8,1.0,1.2151679992675781
1205,-0.04123470559716225,0,2.3672943115234375,inf,0.5826567,1.904836,1.0023577,0.0,0.0,1.0,1.9919575452804565,1.4981776,-3.9309359,1.0001756,0.8,0.0,1.0,3.9924564361572266,-2.6867445,3.758837,1.0017383,4.898587e-17,0.8,1.0,3.9966630935668945,-1.1266742,-0.5467176,0.99803305,-0.8,9.797174e-17,1.0,0.636883020401001,-1.1831807,-1.0912938,0.9985194,-1.4695762e-16,-0.8,1.0,1.218511700630188
1206,-0.04138196259737015,0,2.3748939037323,inf,0.5842197,1.9123386,1.0023489,0.0,0.0,1.0,1.999589204788208,1.4953138,-3.9422662,1.000181,0.8,0.0,1.0,4.003114223480225,-2.6938298,3.7699845,1.0017403,4.898587e-17,0.8,1.0,4.009679317474365,-1.1293145,-0.5490407,0.99803567,-0.8,9.797174e-17,1.0,0.6402324438095093,-1.1862423,-1.092844,0.99852544,-1.4695762e-16,-0.8,1.0,1.2218554019927979
1207,-0.041534703224897385,0,2.382500171661377,inf,0.5857809,1.9198562,1.0023402,0.0,0.0,1.0,2.007235050201416,1.4924291,-3.9535868,1.0001862,0.8,0.0,1.0,4.01376485824585,-2.7009087,3.7811494,1.0017424,4.898587e-17,0.8,1.0,4.022706031799316,-1.1319664,-0.55137086,0.99803835,-0.8,9.797174e-17,1.0,0.6435956358909607,-1.189302,-1.0944014,0.9985315,-1.4695762e-16,-0.8,1.0,1.2251993417739868
1208,-0.04168790578842163,0,2.3901124000549316,inf,0.58734024,1.927389,1.0023316,0.0,0.0,1.0,2.014894962310791,1.4895241,-3.9648983,1.0001913,0.8,0.0,1.0,4.024408340454102,-2.7079809,3.7923315,1.0017445,4.898587e-17,0.8,1.0,4.035741806030273,-1.13463,-0.55370826,0.99804115,-0.8,9.797174e-17,1.0,0.6469728350639343,-1.1923594,-1.0959656,0.99853754,-1.4695762e-16,-0.8,1.0,1.2285434007644653
1209,-0.04184035584330559,0,2.397730588912964,inf,0.5888977,1.934937,1.0023232,0.0,0.0,1.0,2.022569417953491,1.4865985,-3.9762003,1.0001965,0.8,0.0,1.0,4.035045146942139,-2.7150464,3.803531,1.0017465,4.898587e-17,0.8,1.0,4.048787593841553,-1.1373054,-0.5560529,0.9980442,-0.8,9.797174e-17,1.0,0.6503641605377197,-1.1954147,-1.0975369,0.9985434,-1.4695762e-16,-0.8,1.0,1.2318873405456543
1210,-0.0419933944940567,0,2.4053549766540527,inf,0.5904533,1.9425001,1.0023148,0.0,0.0,1.0,2.0302579402923584,1.4836527,-3.9874935,1.0002017,0.8,0.0,1.0,4.045674800872803,-2.722105,3.8147473,1.0017484,4.898587e-17,0.8,1.0,4.06184196472168,-1.1399925,-0.5584048,0.99804735,-0.8,9.797174e-17,1.0,0.6537695527076721,-1.1984677,-1.099115,0.99854916,-1.4695762e-16,-0.8,1.0,1.2352315187454224
1211,-0.042146600782871246,0,2.4129860401153564,inf,0.5920071,1.9500785,1.0023068,0.0,0.0,1.0,2.0379605293273926,1.4806867,-3.9987774,1.000207,0.8,0.0,1.0,4.05629825592041,-2.7291567,3.825981,1.0017502,4.898587e-17,0.8,1.0,4.074906349182129,-1.1426911,-0.5607641,0.99805075,-0.8,9.797174e-17,1.0,0.6571889519691467,-1.2015185,-1.1007001,0.99855465,-1.4695762e-16,-0.8,1.0,1.2385755777359009
1212,-0.042301323264837265,0,2.4206225872039795,inf,0.59355897,1.9576718,1.0022988,0.0,0.0,1.0,2.045677423477173,1.4777008,-4.0100517,1.0002124,0.8,0.0,1.0,4.0669145584106445,-2.7362018,3.8372316,1.001752,4.898587e-17,0.8,1.0,4.087979793548584,-1.1454016,-0.56313086,0.998054,-0.8,9.797174e-17,1.0,0.6606227159500122,-1.2045671,-1.102292,0.99856,-1.4695762e-16,-0.8,1.0,1.2419196367263794
1213,-0.04245442524552345,0,2.4282660484313965,inf,0.59510905,1.9652802,1.0022908,0.0,0.0,1.0,2.05340838432312,1.474695,-4.021317,1.0002179,0.8,0.0,1.0,4.077524185180664,-2.7432396,3.848499,1.0017537,4.898587e-17,0.8,1.0,4.101062774658203,-1.1481237,-0.56550515,0.99805737,-0.8,9.797174e-17,1.0,0.6640707850456238,-1.2076133,-1.1038905,0.9985653,-1.4695762e-16,-0.8,1.0,1.2452635765075684
1214,-0.042609043419361115,0,2.4359147548675537,inf,0.5966572,1.9729033,1.0022827,0.0,0.0,1.0,2.0611531734466553,1.4716692,-4.0325723,1.0002233,0.8,0.0,1.0,4.0881266593933105,-2.7502704,3.8597834,1.0017554,4.898587e-17,0.8,1.0,4.11415433883667,-1.1508576,-0.567887,0.99806064,-0.8,9.797174e-17,1.0,0.6675330996513367,-1.2106575,-1.1054959,0.99857074,-1.4695762e-16,-0.8,1.0,1.2486077547073364
1215,-0.042762886732816696,0,2.443570375442505,inf,0.5982036,1.9805413,1.0022749,0.0,0.0,1.0,2.0689120292663574,1.4686234,-4.0438185,1.0002285,0.8,0.0,1.0,4.098722457885742,-2.7572942,3.8710845,1.0017569,4.898587e-17,0.8,1.0,4.127254962921143,-1.1536031,-0.57027644,0.9980641,-0.8,9.797174e-17,1.0,0.6710097193717957,-1.2136993,-1.1071081,0.99857605,-1.4695762e-16,-0.8,1.0,1.2519519329071045
1216,-0.04291732236742973,0,2.4512314796447754,inf,0.59974813,1.9881942,1.0022671,0.0,0.0,1.0,2.0766847133636475,1.4655575,-4.055055,1.0002337,0.8,0.0,1.0,4.109311103820801,-2.7643108,3.8824024,1.0017586,4.898587e-17,0.8,1.0,4.140365123748779,-1.1563604,-0.57267374,0.9980676,-0.8,9.797174e-17,1.0,0.6745010614395142,-1.216739,-1.1087267,0.99858123,-1.4695762e-16,-0.8,1.0,1.2552961111068726
1217,-0.04307052865624428,0,2.4588992595672607,inf,0.6012908,1.9958619,1.0022595,0.0,0.0,1.0,2.0844712257385254,1.4624717,-4.0662827,1.0002388,0.8,0.0,1.0,4.119893550872803,-2.7713203,3.8937368,1.0017601,4.898587e-17,0.8,1.0,4.153483867645264,-1.1591294,-0.5750788,0.9980712,-0.8,9.797174e-17,1.0,0.6780068278312683,-1.2197766,-1.1103522,0.99858624,-1.4695762e-16,-0.8,1.0,1.2586404085159302
1218,-0.043224796652793884,0,2.4665729999542236,inf,0.60283154,2.0035446,1.002252,0.0,0.0,1.0,2.0922720432281494,1.4593662,-4.077501,1.000244,0.8,0.0,1.0,4.13046932220459,-2.7783225,3.905088,1.0017616,4.898587e-17,0.8,1.0,4.166611671447754,-1.16191,-0.57749164,0.998075,-0.8,9.797174e-17,1.0,0.6815270781517029,-1.222812,-1.1119839,0.9985911,-1.4695762e-16,-0.8,1.0,1.2619845867156982
1219,-0.04337877407670021,0,2.4742531776428223,inf,0.6043705,2.0112422,1.0022447,0.0,0.0,1.0,2.1000866889953613,1.4562411,-4.08871,1.0002493,0.8,0.0,1.0,4.141038417816162,-2.7853174,3.9164555,1.0017629,4.898587e-17,0.8,1.0,4.179748058319092,-1.1647025,-0.5799125,0.998079,-0.8,9.797174e-17,1.0,0.6850621104240417,-1.2258455,-1.1136223,0.9985957,-1.4695762e-16,-0.8,1.0,1.2653292417526245
1220,-0.043534696102142334,0,2.4819390773773193,inf,0.60590756,2.0189543,1.0022376,0.0,0.0,1.0,2.107914924621582,1.4530966,-4.09991,1.0002548,0.8,0.0,1.0,4.151601791381836,-2.7923048,3.9278395,1.0017642,4.898587e-17,0.8,1.0,4.192893028259277,-1.1675066,-0.5823414,0.99808294,-0.8,9.797174e-17,1.0,0.6886118054389954,-1.2288768,-1.115267,0.99860024,-1.4695762e-16,-0.8,1.0,1.2686738967895508
1221,-0.04368894174695015,0,2.489631175994873,inf,0.60744274,2.0266812,1.0022303,0.0,0.0,1.0,2.1157569885253906,1.4499328,-4.1110997,1.0002601,0.8,0.0,1.0,4.16215705871582,-2.799285,3.9392397,1.0017655,4.898587e-17,0.8,1.0,4.2060465812683105,-1.1703224,-0.5847783,0.99808675,-0.8,9.797174e-17,1.0,0.6921762824058533,-1.231906,-1.1169181,0.9986047,-1.4695762e-16,-0.8,1.0,1.2720186710357666
1222,-0.04384422302246094,0,2.4973294734954834,inf,0.6089761,2.0344226,1.002223,0.0,0.0,1.0,2.123613119125366,1.4467494,-4.1222806,1.0002655,0.8,0.0,1.0,4.172706604003906,-2.8062575,3.9506564,1.0017666,4.898587e-17,0.8,1.0,4.219208717346191,-1.1731501,-0.58722335,0.9980907,-0.8,9.797174e-17,1.0,0.6957556009292603,-1.2349334,-1.1185756,0.9986093,-1.4695762e-16,-0.8,1.0,1.275363802909851
1223,-0.04399828612804413,0,2.5050339698791504,inf,0.6105076,2.0421786,1.0022157,0.0,0.0,1.0,2.1314826011657715,1.4435468,-4.133452,1.0002706,0.8,0.0,1.0,4.183249473571777,-2.8132224,3.9620893,1.0017679,4.898587e-17,0.8,1.0,4.232378959655762,-1.1759893,-0.58967644,0.99809456,-0.8,9.797174e-17,1.0,0.699349582195282,-1.2379588,-1.1202394,0.9986139,-1.4695762e-16,-0.8,1.0,1.2787091732025146
1224,-0.04415338858962059,0,2.512744426727295,inf,0.61203724,2.0499492,1.0022088,0.0,0.0,1.0,2.1393659114837646,1.4403244,-4.1446137,1.0002756,0.8,0.0,1.0,4.193785667419434,-2.8201797,3.9735384,1.001769,4.898587e-17,0.8,1.0,4.245558261871338,-1.1788398,-0.59213775,0.99809855,-0.8,9.797174e-17,1.0,0.7029582858085632,-1.2409822,-1.1219093,0.99861825,-1.4695762e-16,-0.8,1.0,1.2820546627044678
1225,-0.044308070093393326,0,2.520461082458496,inf,0.6135651,2.0577343,1.0022019,0.0,0.0,1.0,2.1472628116607666,1.4370828,-4.155766,1.0002806,0.8,0.0,1.0,4.204315185546875,-2.8271296,3.9850037,1.0017701,4.898587e-17,0.8,1.0,4.2587456703186035,-1.1817018,-0.5946074,0.99810266,-0.8,9.797174e-17,1.0,0.7065817713737488,-1.2440037,-1.1235855,0.99862236,-1.4695762e-16,-0.8,1.0,1.2854005098342896
1226,-0.044463783502578735,0,2.528183937072754,inf,0.61509097,2.0655339,1.0021952,0.0,0.0,1.0,2.1551733016967773,1.4338219,-4.166909,1.0002857,0.8,0.0,1.0,4.21483850479126,-2.8340714,3.9964848,1.0017712,4.898587e-17,0.8,1.0,4.2719407081604,-1.1845751,-0.5970854,0.99810684,-0.8,9.797174e-17,1.0,0.7102200388908386,-1.2470232,-1.1252677,0.99862635,-1.4695762e-16,-0.8,1.0,1.2887465953826904
1227,-0.04461919888854027,0,2.5359129905700684,inf,0.61661506,2.073348,1.0021887,0.0,0.0,1.0,2.163097620010376,1.4305421,-4.1780434,1.000291,0.8,0.0,1.0,4.225355625152588,-2.8410058,4.007982,1.0017722,4.898587e-17,0.8,1.0,4.285144805908203,-1.1874598,-0.59957194,0.99811125,-0.8,9.797174e-17,1.0,0.7138733863830566,-1.250041,-1.1269561,0.9986302,-1.4695762e-16,-0.8,1.0,1.2920931577682495
1228,-0.04477565735578537,0,2.5436477661132812,inf,0.61813724,2.0811765,1.002182,0.0,0.0,1.0,2.1710352897644043,1.4272434,-4.189168,1.0002962,0.8,0.0,1.0,4.235866069793701,-2.847932,4.019495,1.0017731,4.898587e-17,0.8,1.0,4.298356533050537,-1.1903561,-0.6020668,0.99811554,-0.8,9.797174e-17,1.0,0.7175415754318237,-1.253057,-1.1286504,0.99863404,-1.4695762e-16,-0.8,1.0,1.2954399585723877
1229,-0.04493087902665138,0,2.551389217376709,inf,0.6196576,2.0890195,1.0021755,0.0,0.0,1.0,2.1789867877960205,1.4239258,-4.2002835,1.0003016,0.8,0.0,1.0,4.246370792388916,-2.8548505,4.0310235,1.001774,4.898587e-17,0.8,1.0,4.311575889587402,-1.1932639,-0.60457,0.9981199,-0.8,9.797174e-17,1.0,0.7212245464324951,-1.2560711,-1.1303507,0.9986379,-1.4695762e-16,-0.8,1.0,1.2987871170043945
1230,-0.04508713632822037,0,2.559135913848877,inf,0.62117606,2.0968769,1.0021688,0.0,0.0,1.0,2.1869513988494873,1.4205893,-4.211389,1.0003067,0.8,0.0,1.0,4.256868362426758,-2.861761,4.042568,1.0017749,4.898587e-17,0.8,1.0,4.324803829193115,-1.196183,-0.60708123,0.9981241,-0.8,9.797174e-17,1.0,0.7249221205711365,-1.2590834,-1.132057,0.9986418,-1.4695762e-16,-0.8,1.0,1.30213463306427
1231,-0.04524217173457146,0,2.5668892860412598,inf,0.62269264,2.1047485,1.0021623,0.0,0.0,1.0,2.194929838180542,1.4172338,-4.222485,1.0003119,0.8,0.0,1.0,4.267359733581543,-2.8686638,4.0541286,1.0017757,4.898587e-17,0.8,1.0,4.338039875030518,-1.1991132,-0.60960066,0.9981285,-0.8,9.797174e-17,1.0,0.728634238243103,-1.262094,-1.1337692,0.99864566,-1.4695762e-16,-0.8,1.0,1.3054826259613037
1232,-0.045398224145174026,0,2.574648380279541,inf,0.6242074,2.1126344,1.002156,0.0,0.0,1.0,2.2029216289520264,1.4138595,-4.233572,1.0003167,0.8,0.0,1.0,4.2778449058532715,-2.8755581,4.0657043,1.0017767,4.898587e-17,0.8,1.0,4.351283073425293,-1.2020546,-0.6121283,0.9981329,-0.8,9.797174e-17,1.0,0.7323608994483948,-1.265103,-1.1354871,0.9986493,-1.4695762e-16,-0.8,1.0,1.3088310956954956
1233,-0.04555397108197212,0,2.5824131965637207,inf,0.62572026,2.1205347,1.0021498,0.0,0.0,1.0,2.2109270095825195,1.4104663,-4.2446494,1.0003215,0.8,0.0,1.0,4.288323402404785,-2.8824446,4.077296,1.0017776,4.898587e-17,0.8,1.0,4.3645339012146,-1.2050068,-0.6146643,0.99813724,-0.8,9.797174e-17,1.0,0.7361020445823669,-1.2681102,-1.1372107,0.99865276,-1.4695762e-16,-0.8,1.0,1.3121799230575562
1234,-0.04571074619889259,0,2.590184211730957,inf,0.62723124,2.1284492,1.0021437,0.0,0.0,1.0,2.2189457416534424,1.4070544,-4.2557173,1.0003265,0.8,0.0,1.0,4.298795700073242,-2.8893228,4.0889025,1.0017785,4.898587e-17,0.8,1.0,4.377792835235596,-1.2079701,-0.6172088,0.99814177,-0.8,9.797174e-17,1.0,0.7398579120635986,-1.2711157,-1.1389401,0.9986561,-1.4695762e-16,-0.8,1.0,1.315529227256775
1235,-0.045867353677749634,0,2.59796142578125,inf,0.6287404,2.1363778,1.0021378,0.0,0.0,1.0,2.226977586746216,1.403624,-4.2667766,1.0003315,0.8,0.0,1.0,4.309262752532959,-2.8961928,4.100525,1.0017792,4.898587e-17,0.8,1.0,4.391059398651123,-1.2109445,-0.61976177,0.99814636,-0.8,9.797174e-17,1.0,0.7436286211013794,-1.2741196,-1.1406752,0.99865943,-1.4695762e-16,-0.8,1.0,1.3188791275024414
1236,-0.04602498933672905,0,2.6057443618774414,inf,0.6302477,2.1443205,1.0021318,0.0,0.0,1.0,2.235023021697998,1.4001753,-4.277826,1.0003365,0.8,0.0,1.0,4.319722652435303,-2.9030545,4.1121626,1.00178,4.898587e-17,0.8,1.0,4.404333114624023,-1.21393,-0.62232316,0.99815094,-0.8,9.797174e-17,1.0,0.7474139332771301,-1.2771219,-1.1424159,0.9986627,-1.4695762e-16,-0.8,1.0,1.3222295045852661
1237,-0.046181391924619675,0,2.6135334968566895,inf,0.6317532,2.1522775,1.0021259,0.0,0.0,1.0,2.243081569671631,1.3967083,-4.288866,1.0003417,0.8,0.0,1.0,4.330176830291748,-2.9099078,4.123815,1.0017807,4.898587e-17,0.8,1.0,4.417613983154297,-1.2169266,-0.62489283,0.99815553,-0.8,9.797174e-17,1.0,0.751213788986206,-1.2801226,-1.1441622,0.998666,-1.4695762e-16,-0.8,1.0,1.325580358505249
1238,-0.04633883386850357,0,2.621328115463257,inf,0.633257,2.1602485,1.00212,0.0,0.0,1.0,2.2511534690856934,1.3932229,-4.2998967,1.0003467,0.8,0.0,1.0,4.340624809265137,-2.9167528,4.1354833,1.0017815,4.898587e-17,0.8,1.0,4.43090295791626,-1.2199341,-0.62747073,0.9981601,-0.8,9.797174e-17,1.0,0.7550281882286072,-1.2831218,-1.1459138,0.9986693,-1.4695762e-16,-0.8,1.0,1.3289318084716797
1239,-0.046495020389556885,0,2.629128932952881,inf,0.6347591,2.1682336,1.0021142,0.0,0.0,1.0,2.2592389583587646,1.3897191,-4.3109174,1.0003514,0.8,0.0,1.0,4.3510661125183105,-2.9235895,4.1471663,1.0017823,4.898587e-17,0.8,1.0,4.4441986083984375,-1.2229525,-0.6300568,0.99816465,-0.8,9.797174e-17,1.0,0.7588568925857544,-1.2861195,-1.1476711,0.99867266,-1.4695762e-16,-0.8,1.0,1.332283854484558
1240,-0.04665224626660347,0,2.6369357109069824,inf,0.63625956,2.1762328,1.0021085,0.0,0.0,1.0,2.2673375606536865,1.3861969,-4.321929,1.0003561,0.8,0.0,1.0,4.361501693725586,-2.9304175,4.1588645,1.0017831,4.898587e-17,0.8,1.0,4.4575018882751465,-1.2259815,-0.63265115,0.99816924,-0.8,9.797174e-17,1.0,0.7626997828483582,-1.2891155,-1.1494337,0.9986758,-1.4695762e-16,-0.8,1.0,1.3356363773345947
1241,-0.046809181571006775,0,2.644747734069824,inf,0.6377584,2.1842458,1.0021029,0.0,0.0,1.0,2.275449514389038,1.3826565,-4.332931,1.0003606,0.8,0.0,1.0,4.3719305992126465,-2.937237,4.1705775,1.001784,4.898587e-17,0.8,1.0,4.47081184387207,-1.2290211,-0.63525385,0.99817383,-0.8,9.797174e-17,1.0,0.7665570974349976,-1.2921102,-1.1512017,0.99867886,-1.4695762e-16,-0.8,1.0,1.3389896154403687
1242,-0.046967145055532455,0,2.6525659561157227,inf,0.63925564,2.1922731,1.0020974,0.0,0.0,1.0,2.2835748195648193,1.3790977,-4.343924,1.0003654,0.8,0.0,1.0,4.382354259490967,-2.944048,4.182306,1.0017848,4.898587e-17,0.8,1.0,4.484129428863525,-1.2320713,-0.6378651,0.99817854,-0.8,9.797174e-17,1.0,0.7704289555549622,-1.2951034,-1.152975,0.9986818,-1.4695762e-16,-0.8,1.0,1.3423434495925903
1243,-0.04712481051683426,0,2.6603903770446777,inf,0.64075136,2.200314,1.002092,0.0,0.0,1.0,2.291712999343872,1.3755211,-4.354908,1.0003701,0.8,0.0,1.0,4.392772197723389,-2.9508502,4.194049,1.0017855,4.898587e-17,0.8,1.0,4.497453689575195,-1.2351321,-0.64048487,0.9981833,-0.8,9.797174e-17,1.0,0.7743152379989624,-1.2980952,-1.1547536,0.99868476,-1.4695762e-16,-0.8,1.0,1.3456979990005493
1244,-0.047283485531806946,0,2.6682205200195312,inf,0.64224565,2.2083693,1.0020866,0.0,0.0,1.0,2.2998650074005127,1.3719267,-4.365882,1.0003752,0.8,0.0,1.0,4.403183460235596,-2.9576437,4.2058063,1.0017864,4.898587e-17,0.8,1.0,4.51078462600708,-1.2382038,-0.64311314,0.9981881,-0.8,9.797174e-17,1.0,0.7782161235809326,-1.3010856,-1.1565373,0.9986877,-1.4695762e-16,-0.8,1.0,1.349053144454956
1245,-0.04744093492627144,0,2.676056385040283,inf,0.64373845,2.216438,1.0020813,0.0,0.0,1.0,2.3080296516418457,1.3683145,-4.376847,1.0003799,0.8,0.0,1.0,4.413589000701904,-2.9644287,4.217579,1.0017871,4.898587e-17,0.8,1.0,4.524122714996338,-1.241286,-0.6457497,0.9981929,-0.8,9.797174e-17,1.0,0.7821312546730042,-1.3040745,-1.1583261,0.99869066,-1.4695762e-16,-0.8,1.0,1.3524088859558105
1246,-0.04759940132498741,0,2.6838979721069336,inf,0.6452299,2.224521,1.002076,0.0,0.0,1.0,2.3162078857421875,1.3646845,-4.387802,1.0003848,0.8,0.0,1.0,4.4239888191223145,-2.9712045,4.229366,1.0017878,4.898587e-17,0.8,1.0,4.5374674797058105,-1.244379,-0.64839447,0.9981977,-0.8,9.797174e-17,1.0,0.786060631275177,-1.307062,-1.1601202,0.9986937,-1.4695762e-16,-0.8,1.0,1.3557652235031128
1247,-0.04775707423686981,0,2.6917452812194824,inf,0.64672,2.2326176,1.0020707,0.0,0.0,1.0,2.324399471282959,1.3610365,-4.398748,1.0003893,0.8,0.0,1.0,4.434382438659668,-2.9779718,4.2411675,1.0017886,4.898587e-17,0.8,1.0,4.550818920135498,-1.2474824,-0.65104747,0.99820244,-0.8,9.797174e-17,1.0,0.7900041341781616,-1.3100482,-1.1619194,0.99869674,-1.4695762e-16,-0.8,1.0,1.359122395515442
1248,-0.04791489243507385,0,2.6995983123779297,inf,0.64820874,2.2407281,1.0020657,0.0,0.0,1.0,2.332603931427002,1.3573706,-4.4096837,1.000394,0.8,0.0,1.0,4.444768905639648,-2.98473,4.2529836,1.0017895,4.898587e-17,0.8,1.0,4.5641770362854,-1.250596,-0.6537088,0.9982073,-0.8,9.797174e-17,1.0,0.7939617037773132,-1.3130331,-1.1637233,0.99869967,-1.4695762e-16,-0.8,1.0,1.3624801635742188
1249,-0.04807282239198685,0,2.7074573040008545,inf,0.64969623,2.2488525,1.0020605,0.0,0.0,1.0,2.3408217430114746,1.353687,-4.420611,1.0003985,0.8,0.0,1.0,4.455151081085205,-2.9914796,4.264814,1.0017904,4.898587e-17,0.8,1.0,4.577541828155518,-1.2537198,-0.6563785,0.998212,-0.8,9.797174e-17,1.0,0.7979333400726318,-1.3160166,-1.1655325,0.9987024,-1.4695762e-16,-0.8,1.0,1.365838646888733
1250,-0.048231784254312515,0,2.7153220176696777,inf,0.65118253,2.2569904,1.0020555,0.0,0.0,1.0,2.349052667617798,1.3499858,-4.4315286,1.000403,0.8,0.0,1.0,4.465526580810547,-2.9982204,4.2766585,1.0017912,4.898587e-17,0.8,1.0,4.59091329574585,-1.2568538,-0.6590568,0.99821687,-0.8,9.797174e-17,1.0,0.8019192218780518,-1.3189988,-1.1673465,0.99870527,-1.4695762e-16,-0.8,1.0,1.369197964668274
1251,-0.04839044436812401,0,2.7231924533843994,inf,0.65266764,2.2651422,1.0020506,0.0,0.0,1.0,2.357296943664551,1.3462672,-4.4424367,1.0004077,0.8,0.0,1.0,4.475896835327148,-3.0049524,4.2885175,1.0017922,4.898587e-17,0.8,1.0,4.604290962219238,-1.2599981,-0.6617436,0.9982219,-0.8,9.797174e-17,1.0,0.805919349193573,-1.3219798,-1.1691654,0.9987081,-1.4695762e-16,-0.8,1.0,1.3725578784942627
1252,-0.048550140112638474,0,2.7310683727264404,inf,0.6541516,2.2733078,1.0020456,0.0,0.0,1.0,2.3655543327331543,1.3425312,-4.453336,1.0004125,0.8,0.0,1.0,4.486261367797852,-3.0116754,4.3003902,1.0017931,4.898587e-17,0.8,1.0,4.617675304412842,-1.2631528,-0.6644389,0.9982268,-0.8,9.797174e-17,1.0,0.8099337816238403,-1.3249593,-1.170989,0.99871093,-1.4695762e-16,-0.8,1.0,1.3759185075759888
1253,-0.04870887100696564,0,2.738950490951538,inf,0.65563446,2.281487,1.0020407,0.0,0.0,1.0,2.3738245964050293,1.338778,-4.4642253,1.0004172,0.8,0.0,1.0,4.496619701385498,-3.0183895,4.3122773,1.001794,4.898587e-17,0.8,1.0,4.631065845489502,-1.2663178,-0.6671426,0.9982319,-0.8,9.797174e-17,1.0,0.8139623403549194,-1.3279377,-1.1728175,0.9987139,-1.4695762e-16,-0.8,1.0,1.3792799711227417
1254,-0.04886866360902786,0,2.746837854385376,inf,0.6571163,2.2896798,1.0020359,0.0,0.0,1.0,2.382108211517334,1.3350075,-4.4751053,1.0004219,0.8,0.0,1.0,4.506972312927246,-3.0250943,4.324178,1.0017949,4.898587e-17,0.8,1.0,4.644462585449219,-1.2694931,-0.6698545,0.99823695,-0.8,9.797174e-17,1.0,0.818004846572876,-1.3309149,-1.1746508,0.9987169,-1.4695762e-16,-0.8,1.0,1.382642149925232
1255,-0.04902813211083412,0,2.7547314167022705,inf,0.6585971,2.2978861,1.002031,0.0,0.0,1.0,2.39040470123291,1.3312197,-4.4859757,1.0004263,0.8,0.0,1.0,4.517319202423096,-3.0317903,4.336093,1.0017958,4.898587e-17,0.8,1.0,4.657865524291992,-1.2726784,-0.6725747,0.99824196,-0.8,9.797174e-17,1.0,0.8220612406730652,-1.3338907,-1.1764888,0.9987199,-1.4695762e-16,-0.8,1.0,1.38600492477417
1256,-0.04918818548321724,0,2.762629985809326,inf,0.660077,2.3061063,1.0020262,0.0,0.0,1.0,2.398714780807495,1.3274143,-4.4968367,1.0004307,0.8,0.0,1.0,4.527660369873047,-3.038477,4.3480215,1.0017968,4.898587e-17,0.8,1.0,4.671274185180664,-1.2758735,-0.67530316,0.9982469,-0.8,9.797174e-17,1.0,0.8261314034461975,-1.3368653,-1.1783315,0.99872285,-1.4695762e-16,-0.8,1.0,1.3893686532974243
1257,-0.0493478961288929,0,2.770534038543701,inf,0.66155595,2.3143399,1.0020216,0.0,0.0,1.0,2.4070374965667725,1.3235914,-4.5076885,1.0004349,0.8,0.0,1.0,4.537995338439941,-3.0451548,4.359964,1.0017978,4.898587e-17,0.8,1.0,4.684689521789551,-1.2790786,-0.6780401,0.998252,-0.8,9.797174e-17,1.0,0.8302154541015625,-1.3398386,-1.180179,0.99872583,-1.4695762e-16,-0.8,1.0,1.3927329778671265
1258,-0.049508191645145416,0,2.778444290161133,inf,0.66303396,2.322587,1.0020168,0.0,0.0,1.0,2.4153733253479004,1.3197509,-4.5185313,1.0004392,0.8,0.0,1.0,4.548325538635254,-3.0518231,4.37192,1.0017989,4.898587e-17,0.8,1.0,4.698110580444336,-1.2822933,-0.68078554,0.99825686,-0.8,9.797174e-17,1.0,0.8343133926391602,-1.3428104,-1.1820314,0.99872863,-1.4695762e-16,-0.8,1.0,1.3960978984832764
1259,-0.049668148159980774,0,2.786360025405884,inf,0.6645112,2.3308477,1.0020123,0.0,0.0,1.0,2.423722267150879,1.315893,-4.529365,1.0004435,0.8,0.0,1.0,4.558650493621826,-3.0584824,4.3838897,1.0018,4.898587e-17,0.8,1.0,4.7115373611450195,-1.285518,-0.6835396,0.99826205,-0.8,9.797174e-17,1.0,0.8384254574775696,-1.3457808,-1.1838886,0.9987316,-1.4695762e-16,-0.8,1.0,1.3994635343551636
1260,-0.04982822388410568,0,2.794281244277954,inf,0.6659876,2.3391218,1.0020076,0.0,0.0,1.0,2.432084321975708,1.3120179,-4.54019,1.000448,0.8,0.0,1.0,4.568970203399658,-3.0651326,4.395873,1.0018011,4.898587e-17,0.8,1.0,4.72497034072876,-1.2887528,-0.6863022,0.99826723,-0.8,9.797174e-17,1.0,0.8425514101982117,-1.3487499,-1.1857505,0.9987345,-1.4695762e-16,-0.8,1.0,1.4028297662734985
1261,-0.049987517297267914,0,2.802208423614502,inf,0.66746324,2.3474095,1.0020031,0.0,0.0,1.0,2.4404594898223877,1.3081257,-4.551007,1.0004524,0.8,0.0,1.0,4.579285144805908,-3.0717733,4.40787,1.0018022,4.898587e-17,0.8,1.0,4.738409042358398,-1.2919974,-0.68907315,0.9982726,-0.8,9.797174e-17,1.0,0.8466913104057312,-1.3517174,-1.1876173,0.9987374,-1.4695762e-16,-0.8,1.0,1.4061964750289917
1262,-0.050148289650678635,0,2.810141086578369,inf,0.6689382,2.3557105,1.0019985,0.0,0.0,1.0,2.448847532272339,1.3042166,-4.5618143,1.0004569,0.8,0.0,1.0,4.589595317840576,-3.0784047,4.4198804,1.0018034,4.898587e-17,0.8,1.0,4.7518534660339355,-1.295252,-0.6918524,0.99827796,-0.8,9.797174e-17,1.0,0.8508449792861938,-1.3546834,-1.1894889,0.9987403,-1.4695762e-16,-0.8,1.0,1.4095638990402222
1263,-0.05030827596783638,0,2.8180792331695557,inf,0.67041254,2.364025,1.001994,0.0,0.0,1.0,2.4572486877441406,1.3002907,-4.572613,1.0004615,0.8,0.0,1.0,4.599899768829346,-3.0850267,4.431904,1.0018046,4.898587e-17,0.8,1.0,4.765303611755371,-1.2985162,-0.69463986,0.99828345,-0.8,9.797174e-17,1.0,0.8550121784210205,-1.3576479,-1.1913654,0.99874336,-1.4695762e-16,-0.8,1.0,1.4129317998886108
1264,-0.05046973377466202,0,2.8260226249694824,inf,0.67188615,2.3723528,1.0019896,0.0,0.0,1.0,2.465662717819214,1.2963477,-4.5834017,1.0004658,0.8,0.0,1.0,4.610198974609375,-3.0916395,4.4439406,1.0018058,4.898587e-17,0.8,1.0,4.778759479522705,-1.3017899,-0.6974356,0.9982888,-0.8,9.797174e-17,1.0,0.8591929078102112,-1.3606111,-1.1932465,0.9987463,-1.4695762e-16,-0.8,1.0,1.4163005352020264
1265,-0.05062754452228546,0,2.833970785140991,inf,0.6733593,2.3806942,1.0019852,0.0,0.0,1.0,2.4740898609161377,1.292388,-4.594182,1.00047,0.8,0.0,1.0,4.620492935180664,-3.0982428,4.455991,1.001807,4.898587e-17,0.8,1.0,4.792220592498779,-1.3050712,-0.7002253,0.9982942,-0.8,9.797174e-17,1.0,0.8633744120597839,-1.3635746,-1.1951469,0.9987494,-1.4695762e-16,-0.8,1.0,1.419675588607788
1266,-0.05078153684735298,0,2.8419229984283447,inf,0.6748318,2.3890486,1.0019815,0.0,0.0,1.0,2.482529878616333,1.288411,-4.6049533,1.0004735,0.8,0.0,1.0,4.630781650543213,-3.1048367,4.4680543,1.0018084,4.898587e-17,0.8,1.0,4.80568790435791,-1.3083605,-0.70301104,0.99830014,-0.8,9.797174e-17,1.0,0.867558479309082,-1.3665383,-1.197065,0.9987523,-1.4695762e-16,-0.8,1.0,1.4230562448501587
1267,-0.050969548523426056,0,2.849879741668701,inf,0.67630386,2.3974166,1.0019789,0.0,0.0,1.0,2.490983247756958,1.2844169,-4.615716,1.0004762,0.8,0.0,1.0,4.641066074371338,-3.111421,4.4801307,1.0018106,4.898587e-17,0.8,1.0,4.819160461425781,-1.3116577,-0.7057963,0.9983062,-0.8,9.797174e-17,1.0,0.871748149394989,-1.3695016,-1.1989973,0.9987546,-1.4695762e-16,-0.8,1.0,1.4264414310455322
1268,-0.051184650510549545,0,2.857842445373535,inf,0.67777544,2.4057982,1.0019773,0.0,0.0,1.0,2.4994494915008545,1.2804059,-4.62647,1.0004783,0.8,0.0,1.0,4.651345729827881,-3.1179962,4.4922204,1.0018137,4.898587e-17,0.8,1.0,4.832638740539551,-1.3149629,-0.7085863,0.9983116,-0.8,9.797174e-17,1.0,0.8759475350379944,-1.3724643,-1.2009393,0.9987557,-1.4695762e-16,-0.8,1.0,1.4298293590545654
1269,-0.05141337215900421,0,2.8658106327056885,inf,0.6792466,2.414193,1.0019768,0.0,0.0,1.0,2.5079288482666016,1.2763778,-4.637216,1.0004791,0.8,0.0,1.0,4.66162109375,-3.1245618,4.5043235,1.0018173,4.898587e-17,0.8,1.0,4.846122741699219,-1.3182757,-0.7113877,0.99831635,-0.8,9.797174e-17,1.0,0.8801618814468384,-1.3754253,-1.2028849,0.9987557,-1.4695762e-16,-0.8,1.0,1.4332176446914673
1270,-0.05165913328528404,0,2.8737852573394775,inf,0.68071735,2.4226015,1.0019772,0.0,0.0,1.0,2.5164215564727783,1.272333,-4.6479535,1.0004795,0.8,0.0,1.0,4.671891689300537,-3.1311183,4.5164394,1.0018222,4.898587e-17,0.8,1.0,4.859611988067627,-1.3215951,-0.7142089,0.99832,-0.8,9.797174e-17,1.0,0.8843972682952881,-1.3783832,-1.204827,0.9987545,-1.4695762e-16,-0.8,1.0,1.4366024732589722
1271,-0.051921993494033813,0,2.8817663192749023,inf,0.68218774,2.4310234,1.0019777,0.0,0.0,1.0,2.5249273777008057,1.2682714,-4.658683,1.0004798,0.8,0.0,1.0,4.68215799331665,-3.1376653,4.5285687,1.0018281,4.898587e-17,0.8,1.0,4.873106956481934,-1.3249191,-0.71706,0.99832124,-0.8,9.797174e-17,1.0,0.888660728931427,-1.3813353,-1.2067562,0.9987518,-1.4695762e-16,-0.8,1.0,1.4399789571762085
1272,-0.05220426246523857,0,2.8897547721862793,inf,0.6836577,2.4394586,1.0019785,0.0,0.0,1.0,2.5334463119506836,1.2641929,-4.6694036,1.0004798,0.8,0.0,1.0,4.69242000579834,-3.1442032,4.540711,1.0018338,4.898587e-17,0.8,1.0,4.886608123779297,-1.328244,-0.7199532,0.9983188,-0.8,9.797174e-17,1.0,0.892959713935852,-1.3842773,-1.2086626,0.99874604,-1.4695762e-16,-0.8,1.0,1.4433400630950928
1273,-0.05250772461295128,0,2.897749423980713,inf,0.6851274,2.4479074,1.001979,0.0,0.0,1.0,2.541978359222412,1.2600976,-4.680116,1.0004793,0.8,0.0,1.0,4.7026777267456055,-3.1507316,4.552866,1.0018399,4.898587e-17,0.8,1.0,4.900114059448242,-1.3315631,-0.72290224,0.9983098,-0.8,9.797174e-17,1.0,0.897301435470581,-1.3872027,-1.2105347,0.99873513,-1.4695762e-16,-0.8,1.0,1.4466761350631714
1274,-0.052834510803222656,0,2.905749797821045,inf,0.68659675,2.45637,1.00198,0.0,0.0,1.0,2.5505239963531494,1.2559854,-4.6908207,1.0004781,0.8,0.0,1.0,4.712931156158447,-3.157251,4.5650344,1.0018455,4.898587e-17,0.8,1.0,4.913626194000244,-1.3348663,-0.72592384,0.99829096,-0.8,9.797174e-17,1.0,0.9016929864883423,-1.3901013,-1.2123597,0.99871564,-1.4695762e-16,-0.8,1.0,1.449973702430725
1275,-0.05318738520145416,0,2.9137520790100098,inf,0.6880658,2.4648464,1.0019816,0.0,0.0,1.0,2.5590829849243164,1.251856,-4.701517,1.0004765,0.8,0.0,1.0,4.723180770874023,-3.1637611,4.5772157,1.0018512,4.898587e-17,0.8,1.0,4.9271440505981445,-1.3381366,-0.72903645,0.99825686,-0.8,9.797174e-17,1.0,0.9061391353607178,-1.3929577,-1.2141236,0.9986829,-1.4695762e-16,-0.8,1.0,1.4532140493392944
1276,-0.05356895923614502,0,2.9217519760131836,inf,0.6895346,2.4733362,1.001982,0.0,0.0,1.0,2.567655324935913,1.2477094,-4.712206,1.000475,0.8,0.0,1.0,4.733426570892334,-3.170262,4.58941,1.0018576,4.898587e-17,0.8,1.0,4.940667152404785,-1.3413476,-0.7322617,0.9982001,-0.8,9.797174e-17,1.0,0.9106413125991821,-1.3957474,-1.2158114,0.99863213,-1.4695762e-16,-0.8,1.0,1.456369400024414
1277,-0.053978171199560165,0,2.9297401905059814,inf,0.6910032,2.48184,1.0019816,0.0,0.0,1.0,2.5762412548065186,1.243546,-4.722887,1.0004736,0.8,0.0,1.0,4.743669033050537,-3.1767545,4.6016173,1.0018642,4.898587e-17,0.8,1.0,4.954196929931641,-1.3444561,-0.73562354,0.9981103,-0.8,9.797174e-17,1.0,0.9151929020881653,-1.3984342,-1.2174104,0.99855334,-1.4695762e-16,-0.8,1.0,1.4594011306762695
1278,-0.0543987862765789,0,2.937699794769287,inf,0.69247156,2.490357,1.0019798,0.0,0.0,1.0,2.5848400592803955,1.2393659,-4.733561,1.000472,0.8,0.0,1.0,4.753908157348633,-3.183238,4.6138372,1.0018696,4.898587e-17,0.8,1.0,4.9677324295043945,-1.3473941,-0.7391386,0.9979681,-0.8,9.797174e-17,1.0,0.9197664260864258,-1.40096,-1.2189132,0.9984334,-1.4695762e-16,-0.8,1.0,1.4622515439987183
1279,-0.13469472527503967,1,2.9456019401550293,inf,0.0,0.0,1.0,0.0,0.0,1.0,0.0,0.8,0.0,1.0,0.8,0.0,1.0,0.0,4.898587e-17,0.8,1.0,4.898587e-17,0.8,1.0,0.0,-0.8,9.797174e-17,1.0,-0.8,9.797174e-17,1.0,0.0,-1.4695762e-16,-0.8,1.0,-1.4695762e-16,-0.8,1.0,0.0
1280,-0.0023238614667207003,0,2.511739694455173e-05,inf,0.0,0.0,1.0000288,0.0,0.0,1.0,2.8848648071289062e-05,0.8,0.0,1.0000018,0.8,0.0,1.0,1.7881393432617188e-06,4.898587e-17,0.8,0.999974,4.898587e-17,0.8,1.0,2.5987625122070312e-05,-0.8,9.797174e-17,1.0000681,-0.8,9.797174e-17,1.0,6.80685043334961e-05,-1.4695762e-16,-0.8,0.9999991,-1.4695762e-16,-0.8,1.0,8.940696716308594e-07
1281,-0.0023262992035597563,0,3.42493258358445e-05,inf,-7.5363474e-08,-7.535432e-08,1.0000519,0.0,0.0,1.0,5.1856150093954057e-05,0.79999995,-8.065184e-08,1.0000092,0.8,0.0,1.0,9.179662811220624e-06,8.856685e-08,0.79999995,0.999971,4.898587e-17,0.8,1.0,2.9027658456470817e-05,-0.79999995,-5.1456276e-08,1.0000782,-0.8,9.797174e-17,1.0,7.820133032510057e-05,-7.750692e-08,-0.79999995,0.999997,-1.4695762e-16,-0.8,1.0,2.981835677928757e-06
1282,-0.0023299010936170816,0,5.2206993132131174e-05,inf,-2.2650764e-07,-3.7801266e-07,1.0000699,0.0,0.0,1.0,6.985803338466212e-05,0.79999965,-3.820321e-07,1.0000068,0.8,0.0,1.0,6.815050710429205e-06,2.4538323e-07,0.79999965,0.9999468,4.898587e-17,0.8,1.0,5.3228715842124075e-05,-0.79999965,-3.528587e-07,1.0000998,-0.8,9.797174e-17,1.0,9.977944137062877e-05,-2.2100328e-07,-0.7999998,0.99996865,-1.4695762e-16,-0.8,1.0,3.135372753604315e-05
1283,-0.002334313467144966,0,6.159387703519315e-05,inf,-3.7763695e-07,-1.14733e-06,1.0000874,0.0,0.0,1.0,8.738876204006374e-05,0.799999,-1.0137135e-06,1.0000143,0.8,0.0,1.0,1.4376740182342473e-05,4.018834e-07,0.7999988,0.9999386,4.898587e-17,0.8,1.0,6.140566983958706e-05,-0.79999894,-1.0823683e-06,1.0001066,-0.8,9.797174e-17,1.0,0.00010658400424290448,-5.402934e-07,-0.7999995,0.9999618,-1.4695762e-16,-0.8,1.0,3.821416248683818e-05
1284,-0.0023396164178848267,0,7.566834392491728e-05,inf,-3.7529486e-07,-2.5299312e-06,1.0001019,0.0,0.0,1.0,0.00010195602953899652,0.7999981,-2.0792713e-06,1.0000093,0.8,0.0,1.0,9.717005013953894e-06,4.180785e-07,0.7999973,0.9999125,4.898587e-17,0.8,1.0,8.75417172210291e-05,-0.7999974,-2.6164369e-06,1.0001187,-0.8,9.797174e-17,1.0,0.00011879023077199236,-1.0016992e-06,-0.799999,0.9999397,-1.4695762e-16,-0.8,1.0,6.033672616467811e-05
1285,-0.002344591310247779,0,8.622977475170046e-05,inf,-1.3864488e-07,-4.6145005e-06,1.0001166,0.0,0.0,1.0,0.00011667804938042536,0.7999969,-3.89255e-06,1.0000154,0.8,0.0,1.0,1.6162961401278153e-05,1.4128864e-08,0.7999946,0.9998988,4.898587e-17,0.8,1.0,0.00010135392949450761,-0.7999947,-5.134163e-06,1.0001254,-0.8,9.797174e-17,1.0,0.00012562527263071388,-1.7125144e-06,-0.7999983,0.9999287,-1.4695762e-16,-0.8,1.0,7.132867176551372e-05
1286,-0.002348823007196188,0,9.673428576206788e-05,inf,3.304315e-07,-7.5495664e-06,1.0001298,0.0,0.0,1.0,0.00013003866479266435,0.79999554,-6.5071727e-06,1.0000103,0.8,0.0,1.0,1.2939504813402891e-05,-1.0609198e-06,0.79999024,0.99987686,4.898587e-17,0.8,1.0,0.00012353512283880264,-0.79999065,-8.943018e-06,1.0001274,-0.8,9.797174e-17,1.0,0.00012809042527806014,-2.6482658e-06,-0.7999974,0.999911,-1.4695762e-16,-0.8,1.0,8.906774746719748e-05
1287,-0.0023534621577709913,0,0.00010717417899286374,inf,9.549981e-07,-1.1414308e-05,1.0001421,0.0,0.0,1.0,0.0001425583759555593,0.799994,-1.0243629e-05,1.0000099,0.8,0.0,1.0,1.5461944713024423e-05,-3.1152015e-06,0.7999838,0.9998618,4.898587e-17,0.8,1.0,0.00013920558558311313,-0.7999847,-1.43032385e-05,1.0001281,-0.8,9.797174e-17,1.0,0.0001298524293815717,-3.738565e-06,-0.79999614,0.99989134,-1.4695762e-16,-0.8,1.0,0.00010879257024498656
1288,-0.0023586309980601072,0,0.00011595252726692706,inf,1.7370241e-06,-1.6219383e-05,1.0001554,0.0,0.0,1.0,0.00015630242705810815,0.79999244,-1.5166348e-05,1.0000012,0.8,0.0,1.0,1.6992378732538782e-05,-6.416779e-06,0.7999751,0.99984574,4.898587e-17,0.8,1.0,0.000156387613969855,-0.7999765,-2.1435719e-05,1.0001192,-0.8,9.797174e-17,1.0,0.00012337687076069415,-4.987503e-06,-0.7999944,0.9998735,-1.4695762e-16,-0.8,1.0,0.00012670329306274652
1289,-0.002363300183787942,0,0.00012596992019098252,inf,2.5949234e-06,-2.1853946e-05,1.0001634,0.0,0.0,1.0,0.0001649109908612445,0.79999113,-2.1567072e-05,0.99999255,0.8,0.0,1.0,2.4485168978571892e-05,-1.14317345e-05,0.79996365,0.99983656,4.898587e-17,0.8,1.0,0.00016782119928393513,-0.7999656,-3.068943e-05,1.0001109,-0.8,9.797174e-17,1.0,0.00012006502947770059,-6.4610185e-06,-0.7999922,0.99984777,-1.4695762e-16,-0.8,1.0,0.00015256725600920618
1290,-0.002367950277402997,0,0.0001380410831188783,inf,3.5335652e-06,-2.821455e-05,1.0001779,0.0,0.0,1.0,0.00018011890642810613,0.79999024,-2.9524477e-05,0.99997586,0.8,0.0,1.0,3.936981374863535e-05,-1.8568027e-05,0.7999495,0.99982774,4.898587e-17,0.8,1.0,0.00018046092009171844,-0.7999517,-4.2150034e-05,1.0000976,-0.8,9.797174e-17,1.0,0.00011681355681503192,-8.178486e-06,-0.7999892,0.9998271,-1.4695762e-16,-0.8,1.0,0.00017344224033877254
1291,-0.0023725428618490696,0,0.0001515343610662967,inf,4.4708518e-06,-3.502156e-05,1.0001853,0.0,0.0,1.0,0.00018858557450585067,0.79998994,-3.939362e-05,0.99996346,0.8,0.0,1.0,5.466558286570944e-05,-2.8460136e-05,0.79993254,0.9998247,4.898587e-17,0.8,1.0,0.0001899780036183074,-0.7999339,-5.6003035e-05,1.000087,-0.8,9.797174e-17,1.0,0.00012279543443582952,-1.0198159e-05,-0.7999855,0.99979913,-1.4695762e-16,-0.8,1.0,0.00020164721354376525
1292,-0.0023776439484208822,0,0.00016905521624721587,inf,5.40446e-06,-4.1990388e-05,1.0002018,0.0,0.0,1.0,0.0002062140847556293,0.7999906,-5.1164792e-05,0.99994135,0.8,0.0,1.0,7.839937461540103e-05,-4.144919e-05,0.79991275,0.99981976,4.898587e-17,0.8,1.0,0.00020450088777579367,-0.79991215,-7.23257e-05,1.0000734,-0.8,9.797174e-17,1.0,0.00013543374370783567,-1.2717375e-05,-0.7999808,0.9997805,-1.4695762e-16,-0.8,1.0,0.0002207279612775892
1293,-0.0023849981371313334,0,0.00018783802806865424,inf,6.4061196e-06,-4.88822e-05,1.0002095,0.0,0.0,1.0,0.00021517461573239416,0.7999926,-6.531608e-05,0.99992913,0.8,0.0,1.0,9.666107507655397e-05,-5.8229547e-05,0.7998902,0.99982005,4.898587e-17,0.8,1.0,0.00021869070769753307,-0.7998858,-9.132715e-05,1.0000653,-0.8,9.797174e-17,1.0,0.00016015753499232233,-1.5761396e-05,-0.7999752,0.99975324,-1.4695762e-16,-0.8,1.0,0.00024850619956851006
1294,-0.0023915108758956194,0,0.00021169660612940788,inf,7.480764e-06,-5.5352175e-05,1.0002295,0.0,0.0,1.0,0.00023617774422746152,0.7999963,-8.167921e-05,0.9999036,0.8,0.0,1.0,0.0001263898448087275,-7.923679e-05,0.79986507,0.9998173,4.898587e-17,0.8,1.0,0.00024054852838162333,-0.7998548,-0.000112938294,1.000048,-0.8,9.797174e-17,1.0,0.00019011883705388755,-1.956431e-05,-0.7999683,0.9997374,-1.4695762e-16,-0.8,1.0,0.00026524803251959383
1295,-0.002398882294073701,0,0.0002369629219174385,inf,8.687664e-06,-6.123819e-05,1.0002375,0.0,0.0,1.0,0.0002453878114465624,0.8000026,-0.00010089537,0.9998926,0.8,0.0,1.0,0.00014738667232450098,-0.00010523875,0.79983723,0.9998197,4.898587e-17,0.8,1.0,0.0002647303626872599,-0.79981834,-0.00013752333,1.000039,-0.8,9.797174e-17,1.0,0.00023116661759559065,-2.4092542e-05,-0.7999603,0.9997075,-1.4695762e-16,-0.8,1.0,0.0002961432619486004
1296,-0.002404948929324746,0,0.00026792814605869353,inf,1.0210727e-05,-6.6109125e-05,1.0002588,0.0,0.0,1.0,0.0002673085546121001,0.8000114,-0.00012262544,0.9998652,0.8,0.0,1.0,0.00018260497017763555,-0.00013658838,0.799807,0.9998182,4.898587e-17,0.8,1.0,0.00029825232923030853,-0.7997767,-0.00016486486,1.0000161,-0.8,9.797174e-17,1.0,0.000278063933365047,-2.9648938e-05,-0.7999508,0.9996919,-1.4695762e-16,-0.8,1.0,0.00031341088470071554
1297,-0.002411437686532736,0,0.00030090639484114945,inf,1.2074465e-05,-6.9885726e-05,1.0002683,0.0,0.0,1.0,0.00027755400515161455,0.8000239,-0.00014764848,0.9998538,0.8,0.0,1.0,0.00020916206995025277,-0.00017418047,0.7997745,0.9998233,4.898587e-17,0.8,1.0,0.0003352830826770514,-0.79972863,-0.0001954668,1.0000031,-0.8,9.797174e-17,1.0,0.0003344606957398355,-3.6129422e-05,-0.79993993,0.99965906,-1.4695762e-16,-0.8,1.0,0.00034807214979082346
1298,-0.0024171913973987103,0,0.0003391200734768063,inf,1.4484902e-05,-7.208296e-05,1.000288,0.0,0.0,1.0,0.0002972462389152497,0.80003995,-0.00017567533,0.9998262,0.8,0.0,1.0,0.00025033089332282543,-0.00021823311,0.7997402,0.99982387,4.898587e-17,0.8,1.0,0.00038229930214583874,-0.79967487,-0.00022891049,0.99997675,-0.8,9.797174e-17,1.0,0.00039831968024373055,-4.3910797e-05,-0.7999273,0.99964255,-1.4695762e-16,-0.8,1.0,0.0003674041945487261
1299,-0.0024230252020061016,0,0.00038085837149992585,inf,1.7454262e-05,-7.248404e-05,1.0003,0.0,0.0,1.0,0.0003091738326475024,0.80006063,-0.00020769089,0.99981165,0.8,0.0,1.0,0.00028685538563877344,-0.0002696995,0.7997044,0.9998301,4.898587e-17,0.8,1.0,0.0004347380599938333,-0.7996143,-0.00026551707,0.9999591,-0.8,9.797174e-17,1.0,0.0004700393183156848,-5.28358e-05,-0.79991317,0.99960953,-1.4695762e-16,-0.8,1.0,0.00040348523180000484
1300,-0.002428027568385005,0,0.00042771283187903464,inf,2.1025096e-05,-7.060064e-05,1.0003192,0.0,0.0,1.0,0.0003276313073001802,0.800086,-0.00024342332,0.99978447,0.8,0.0,1.0,0.00033631219412200153,-0.00032864406,0.7996674,0.99983245,4.898587e-17,0.8,1.0,0.0004966871929354966,-0.7995475,-0.00030496955,0.99993217,-0.8,9.797174e-17,1.0,0.0005498912069015205,-6.329289e-05,-0.799897,0.9995894,-1.4695762e-16,-0.8,1.0,0.0004280422581359744
1301,-0.002433495596051216,0,0.0004788282385561615,inf,2.5072812e-05,-6.620194e-05,1.000334,0.0,0.0,1.0,0.00034144349046982825,0.80011725,-0.0002838136,0.99976724,0.8,0.0,1.0,0.00038531978498212993,-0.00039605176,0.79962975,0.99984,4.898587e-17,0.8,1.0,0.0005652837571687996,-0.79947394,-0.00034744476,0.99991035,-0.8,9.797174e-17,1.0,0.0006367922760546207,-7.514584e-05,-0.7998791,0.999557,-1.4695762e-16,-0.8,1.0,0.00046530168037861586
1302,-0.0024397429078817368,0,0.0005349955754354596,inf,2.9612342e-05,-5.8841113e-05,1.000353,0.0,0.0,1.0,0.00035907261190004647,0.8001543,-0.00032866315,0.9997409,0.8,0.0,1.0,0.0004460566851776093,-0.00047200735,0.7995918,0.9998448,4.898587e-17,0.8,1.0,0.000643066712655127,-0.79939383,-0.00039277767,0.999884,-0.8,9.797174e-17,1.0,0.0007315609254874289,-8.874944e-05,-0.799859,0.99953365,-1.4695762e-16,-0.8,1.0,0.0004952208255417645
1303,-0.0024480882566422224,0,0.0005960025009699166,inf,3.469199e-05,-4.8239737e-05,1.0003698,0.0,0.0,1.0,0.0003745306166820228,0.8001984,-0.0003788129,0.99972117,0.8,0.0,1.0,0.0005104841548018157,-0.00055742357,0.7995541,0.9998535,4.898587e-17,0.8,1.0,0.0007287075277417898,-0.79930687,-0.00044100994,0.99986005,-0.8,9.797174e-17,1.0,0.0008333802688866854,-0.00010402466,-0.79983675,0.9995035,-1.4695762e-16,-0.8,1.0,0.0005329098203219473
1304,-0.002456935588270426,0,0.000662552542053163,inf,4.031705e-05,-3.3987697e-05,1.0003892,0.0,0.0,1.0,0.00039277414907701313,0.80024964,-0.0004342097,0.9996962,0.8,0.0,1.0,0.0005857881624251604,-0.0006524582,0.7995172,0.99986035,4.898587e-17,0.8,1.0,0.0008235887507908046,-0.7992131,-0.0004920675,0.999834,-0.8,9.797174e-17,1.0,0.000942814105655998,-0.000121251534,-0.79981226,0.99947804,-1.4695762e-16,-0.8,1.0,0.000567797280382365
1305,-0.0024644446093589067,0,0.0007345714839175344,inf,4.6539273e-05,-1.5788639e-05,1.0004072,0.0,0.0,1.0,0.0004101736703887582,0.8003089,-0.00049554737,0.99967515,0.8,0.0,1.0,0.0006682014209218323,-0.00075791485,0.79948163,0.9998695,4.898587e-17,0.8,1.0,0.0009274578187614679,-0.7991125,-0.00054591766,0.9998085,-0.8,9.797174e-17,1.0,0.0010594251798465848,-0.00014057152,-0.7997853,0.99944925,-1.4695762e-16,-0.8,1.0,0.0006075992714613676
1306,-0.002473044442012906,0,0.0008129446650855243,inf,5.3361535e-05,6.7658893e-06,1.0004275,0.0,0.0,1.0,0.0004308552306611091,0.80037653,-0.00056291826,0.99965173,0.8,0.0,1.0,0.0007615367067046463,-0.0008740679,0.79944783,0.99987763,4.898587e-17,0.8,1.0,0.001041090115904808,-0.79900503,-0.0006025453,0.99978256,-0.8,9.797174e-17,1.0,0.0011833537137135863,-0.00016220497,-0.79975605,0.99942213,-1.4695762e-16,-0.8,1.0,0.0006478874129243195
1307,-0.0024812151677906513,0,0.000897597405128181,inf,6.0836534e-05,3.3977853e-05,1.0004468,0.0,0.0,1.0,0.0004521975351963192,0.80045336,-0.00063688477,0.99963033,0.8,0.0,1.0,0.0008647575159557164,-0.0010016202,0.79941636,0.99988693,4.898587e-17,0.8,1.0,0.0011647633509710431,-0.7988907,-0.0006618734,0.9997562,-0.8,9.797174e-17,1.0,0.0013145559933036566,-0.00018633968,-0.79972446,0.9993935,-1.4695762e-16,-0.8,1.0,0.0006917124846950173
1308,-0.0024889635387808084,0,0.0009893469978123903,inf,6.896368e-05,6.624297e-05,1.000468,0.0,0.0,1.0,0.00047768480726517737,0.8005398,-0.000717652,0.99960816,0.8,0.0,1.0,0.0009797579841688275,-0.001140953,0.79938793,0.9998959,4.898587e-17,0.8,1.0,0.0012989452807232738,-0.79876953,-0.0007237643,0.9997306,-0.8,9.797174e-17,1.0,0.0014527542516589165,-0.00021331945,-0.7996905,0.9993654,-1.4695762e-16,-0.8,1.0,0.0007375925779342651
1309,-0.0024967442732304335,0,0.0010883704526349902,inf,7.7802404e-05,0.00010373242,1.0004891,0.0,0.0,1.0,0.0005060116527602077,0.80063653,-0.0008056846,0.9995867,0.8,0.0,1.0,0.0011068417225033045,-0.0012925401,0.79936296,0.99990547,4.898587e-17,0.8,1.0,0.001444103429093957,-0.7986415,-0.0007881201,0.9997042,-0.8,9.797174e-17,1.0,0.0015981828328222036,-0.0002433566,-0.7996542,0.9993366,-1.4695762e-16,-0.8,1.0,0.0007867129752412438
1310,-0.0025041005574166775,0,0.0011952599743381143,inf,8.734626e-05,0.00014680329,1.0005116,0.0,0.0,1.0,0.0005394094041548669,0.8007439,-0.00090127345,0.99956536,0.8,0.0,1.0,0.0012468118220567703,-0.0014568508,0.79934216,0.9999155,4.898587e-17,0.8,1.0,0.0016007288359105587,-0.7985066,-0.0008548067,0.9996787,-0.8,9.797174e-17,1.0,0.0017504780553281307,-0.0002767748,-0.79961544,0.99930775,-1.4695762e-16,-0.8,1.0,0.0008388715796172619
1311,-0.002511476632207632,0,0.0013101756339892745,inf,9.765804e-05,0.00019565439,1.0005342,0.0,0.0,1.0,0.0005772024160251021,0.80086243,-0.0010048312,0.99954426,0.8,0.0,1.0,0.0014004105469211936,-0.0016342916,0.79932606,0.9999259,4.898587e-17,0.8,1.0,0.0017693518893793225,-0.79836506,-0.00092373294,0.99965286,-0.8,9.797174e-17,1.0,0.0019096769392490387,-0.00031380812,-0.79957443,0.99927884,-1.4695762e-16,-0.8,1.0,0.0008942361455410719
1312,-0.0025188797153532505,0,0.0014336915919557214,inf,0.00010872792,0.0002506212,1.0005578,0.0,0.0,1.0,0.0006210890132933855,0.80099267,-0.0011166716,0.9995232,0.8,0.0,1.0,0.0015683232340961695,-0.0018251865,0.7993153,0.99993664,4.898587e-17,0.8,1.0,0.0019504324300214648,-0.7982168,-0.0009947602,0.99962807,-0.8,9.797174e-17,1.0,0.002075489377602935,-0.00035476702,-0.799531,0.99924994,-1.4695762e-16,-0.8,1.0,0.0009531238465569913
1313,-0.0025262769777327776,0,0.0015660354401916265,inf,0.0001206194,0.0003119109,1.0005815,0.0,0.0,1.0,0.0006708077853545547,0.8011351,-0.0012372187,0.9995026,0.8,0.0,1.0,0.0017511694459244609,-0.0020299726,0.7993103,0.9999481,4.898587e-17,0.8,1.0,0.002144562778994441,-0.7980621,-0.0010677946,0.999603,-0.8,9.797174e-17,1.0,0.002247970551252365,-0.0003998875,-0.79948527,0.9992211,-1.4695762e-16,-0.8,1.0,0.0010156669886782765
1314,-0.0025337031111121178,0,0.0017078241799026728,inf,0.00013346653,0.00037987318,1.0006064,0.0,0.0,1.0,0.0007279143901541829,0.8012902,-0.0013667891,0.99948215,0.8,0.0,1.0,0.0019495891174301505,-0.0022489333,0.79931176,0.9999595,4.898587e-17,0.8,1.0,0.002352240262553096,-0.7979008,-0.0011428532,0.9995787,-0.8,9.797174e-17,1.0,0.0024269947316497564,-0.00044947132,-0.7994373,0.999192,-1.4695762e-16,-0.8,1.0,0.0010823822813108563
1315,-0.00254071201197803,0,0.0018591845873743296,inf,0.00014731594,0.00045470215,1.0006313,0.0,0.0,1.0,0.0007918564369902015,0.8014585,-0.0015058042,0.99946207,0.8,0.0,1.0,0.0021642413921654224,-0.002482511,0.79932004,0.9999714,4.898587e-17,0.8,1.0,0.0025741092395037413,-0.79773325,-0.0012198479,0.9995544,-0.8,9.797174e-17,1.0,0.00261243456043303,-0.0005037626,-0.7993871,0.999163,-1.4695762e-16,-0.8,1.0,0.001153280958533287
1316,-0.0025477830786257982,0,0.0020206805784255266,inf,0.00016230496,0.0005365872,1.0006572,0.0,0.0,1.0,0.000863818044308573,0.8016404,-0.0016545999,0.9994422,0.8,0.0,1.0,0.002395759802311659,-0.0027310164,0.79933566,0.9999834,4.898587e-17,0.8,1.0,0.0028107103426009417,-0.7975593,-0.0012987911,0.9995309,-0.8,9.797174e-17,1.0,0.0028042602352797985,-0.00056306174,-0.7993348,0.99913365,-1.4695762e-16,-0.8,1.0,0.001228853827342391
1317,-0.002555066952481866,0,0.0021924255415797234,inf,0.00017847963,0.0006257251,1.0006831,0.0,0.0,1.0,0.0009433824452571571,0.8018365,-0.0018135866,0.9994225,0.8,0.0,1.0,0.0026448566932231188,-0.0029947083,0.79935914,0.9999955,4.898587e-17,0.8,1.0,0.0030625169165432453,-0.79737926,-0.001379599,0.9995075,-0.8,9.797174e-17,1.0,0.003002370474860072,-0.000627614,-0.7992805,0.9991045,-1.4695762e-16,-0.8,1.0,0.0013090005377307534
1318,-0.0025619755033403635,0,0.002374937292188406,inf,0.00019597834,0.00072230987,1.0007099,0.0,0.0,1.0,0.0010315447580069304,0.80204713,-0.001983127,0.9994031,0.8,0.0,1.0,0.002912003779783845,-0.0032739453,0.7993909,1.0000081,4.898587e-17,0.8,1.0,0.003330133156850934,-0.79719305,-0.0014622764,0.9994845,-0.8,9.797174e-17,1.0,0.003206718945875764,-0.0006977164,-0.7992243,0.99907506,-1.4695762e-16,-0.8,1.0,0.0013942861696705222
1319,-0.002569417702034116,0,0.0025683282874524593,inf,0.00021484452,0.0008265288,1.0007365,0.0,0.0,1.0,0.0011276983423158526,0.8022729,-0.0021636384,0.9993839,0.8,0.0,1.0,0.00319796334952116,-0.0035689613,0.79943144,1.0000207,4.898587e-17,0.8,1.0,0.0036140261217951775,-0.7970008,-0.0015467451,0.9994615,-0.8,9.797174e-17,1.0,0.003417243482545018,-0.0007736149,-0.79916626,0.99904567,-1.4695762e-16,-0.8,1.0,0.0014847101410850883
1320,-0.00257555628195405,0,0.002773038577288389,inf,0.00023521658,0.0009385752,1.0007638,0.0,0.0,1.0,0.0012327209115028381,0.80251426,-0.0023554643,0.9993649,0.8,0.0,1.0,0.0035032795276492834,-0.003880064,0.79948115,1.0000334,4.898587e-17,0.8,1.0,0.003914744593203068,-0.79680264,-0.0016330127,0.999439,-0.8,9.797174e-17,1.0,0.0036338185891509056,-0.0008556191,-0.79910636,0.9990163,-1.4695762e-16,-0.8,1.0,0.0015806308947503567
1321,-0.0025831491220742464,0,0.0029892537277191877,inf,0.00025714462,0.0010584989,1.0007911,0.0,0.0,1.0,0.001346231554634869,0.80277157,-0.0025590456,0.99934614,0.8,0.0,1.0,0.003828547429293394,-0.004207538,0.7995404,1.000046,4.898587e-17,0.8,1.0,0.004232816398143768,-0.7965987,-0.0017209976,0.99941653,-0.8,9.797174e-17,1.0,0.0038563425187021494,-0.0009439575,-0.7990447,0.9989868,-1.4695762e-16,-0.8,1.0,0.0016823305049911141
1322,-0.002589442301541567,0,0.0032173071522265673,inf,0.00028076486,0.0011864798,1.0008188,0.0,0.0,1.0,0.001468698843382299,0.80304515,-0.0027747161,0.99932736,0.8,0.0,1.0,0.004174252040684223,-0.0045516994,0.7996096,1.0000587,4.898587e-17,0.8,1.0,0.004568788222968578,-0.7963889,-0.0018107074,0.9993944,-0.8,9.797174e-17,1.0,0.004084770102053881,-0.0010389431,-0.7989815,0.9989572,-1.4695762e-16,-0.8,1.0,0.0017900255043059587
1323,-0.0025967282708734274,0,0.0034574251621961594,inf,0.00030612678,0.0013225682,1.0008467,0.0,0.0,1.0,0.0015999609604477882,0.8033355,-0.0030029393,0.99930906,0.8,0.0,1.0,0.004540972877293825,-0.0049128286,0.79968923,1.0000713,4.898587e-17,0.8,1.0,0.0049231648445129395,-0.7961735,-0.0019020633,0.99937224,-0.8,9.797174e-17,1.0,0.004319029860198498,-0.0011408109,-0.79891664,0.9989276,-1.4695762e-16,-0.8,1.0,0.0019039971521124244
1324,-0.0026032922323793173,0,0.0037098689936101437,inf,0.00033336497,0.0014669363,1.0008749,0.0,0.0,1.0,0.001740242587402463,0.8036429,-0.0032440508,0.9992909,0.8,0.0,1.0,0.00492925476282835,-0.005291068,0.7997797,1.0000837,4.898587e-17,0.8,1.0,0.00529631320387125,-0.79595244,-0.0019950715,0.9993505,-0.8,9.797174e-17,1.0,0.004559059161692858,-0.0012498747,-0.7988503,0.99889797,-1.4695762e-16,-0.8,1.0,0.0020244752522557974
1325,-0.0026096231304109097,0,0.003974881488829851,inf,0.00036252858,0.0016196355,1.0009029,0.0,0.0,1.0,0.0018894069362431765,0.80396795,-0.003498518,0.9992732,0.8,0.0,1.0,0.00533970445394516,-0.0056867395,0.7998814,1.0000964,4.898587e-17,0.8,1.0,0.005688793957233429,-0.795726,-0.0020896876,0.99932814,-0.8,9.797174e-17,1.0,0.004804722964763641,-0.0013663677,-0.79878247,0.9988683,-1.4695762e-16,-0.8,1.0,0.0021517782006412745
1326,-0.0026165011804550886,0,0.004252729006111622,inf,0.00039375472,0.0017808492,1.0009313,0.0,0.0,1.0,0.00204785680398345,0.80431074,-0.003766694,0.99925596,0.8,0.0,1.0,0.005772690288722515,-0.0060999934,0.79999465,1.0001092,4.898587e-17,0.8,1.0,0.0061009731143713,-0.7954941,-0.00218596,0.999306,-0.8,9.797174e-17,1.0,0.005056031513959169,-0.0014904372,-0.79871327,0.9988385,-1.4695762e-16,-0.8,1.0,0.0022860958706587553
1327,-0.0026230057701468468,0,0.00454359408468008,inf,0.00042709048,0.0019506223,1.0009593,0.0,0.0,1.0,0.0022152981255203485,0.80467176,-0.0040490204,0.99923915,0.8,0.0,1.0,0.006228863261640072,-0.0065311273,0.8001198,1.0001223,4.898587e-17,0.8,1.0,0.006533370818942785,-0.7952569,-0.0022838458,0.99928343,-0.8,9.797174e-17,1.0,0.005312853492796421,-0.001622328,-0.7986428,0.9988087,-1.4695762e-16,-0.8,1.0,0.0024275858886539936
1328,-0.0026296002324670553,0,0.004847793374210596,inf,0.0004626734,0.0021291396,1.0009876,0.0,0.0,1.0,0.002392227528616786,0.8050514,-0.0043458594,0.9992227,0.8,0.0,1.0,0.006708731409162283,-0.006980273,0.80025715,1.0001352,4.898587e-17,0.8,1.0,0.0069863153621554375,-0.79501444,-0.002383393,0.99926114,-0.8,9.797174e-17,1.0,0.005575158633291721,-0.0017621892,-0.79857105,0.9987788,-1.4695762e-16,-0.8,1.0,0.002576533006504178
1329,-0.0026362857315689325,0,0.005165445618331432,inf,0.0005005503,0.0023164477,1.0010157,0.0,0.0,1.0,0.0025783816818147898,0.8054497,-0.004657655,0.99920666,0.8,0.0,1.0,0.0072126626037061214,-0.0074477335,0.8004071,1.0001485,4.898587e-17,0.8,1.0,0.007460330612957478,-0.7947669,-0.0024845595,0.99923843,-0.8,9.797174e-17,1.0,0.005842812359333038,-0.0019102651,-0.79849815,0.9987491,-1.4695762e-16,-0.8,1.0,0.0027330382727086544
1330,-0.0026430643629282713,0,0.005496825557202101,inf,0.0005408578,0.0025127267,1.0010438,0.0,0.0,1.0,0.002774136606603861,0.8058671,-0.0049847555,0.999191,0.8,0.0,1.0,0.007741106674075127,-0.007933636,0.80056995,1.0001615,4.898587e-17,0.8,1.0,0.007955721579492092,-0.7945143,-0.0025873913,0.9992158,-0.8,9.797174e-17,1.0,0.0061157699674367905,-0.002066699,-0.7984242,0.9987192,-1.4695762e-16,-0.8,1.0,0.0028973931912332773
1331,-0.002649940550327301,0,0.005842165555804968,inf,0.0005836432,0.0027180277,1.0010717,0.0,0.0,1.0,0.0029794019646942616,0.8063038,-0.005327624,0.9991757,0.8,0.0,1.0,0.008294620551168919,-0.008438293,0.800746,1.0001748,4.898587e-17,0.8,1.0,0.008473007939755917,-0.7942567,-0.0026918487,0.9991927,-0.8,9.797174e-17,1.0,0.006394024007022381,-0.0022317388,-0.79834914,0.9986895,-1.4695762e-16,-0.8,1.0,0.003069773782044649
1332,-0.0026555336080491543,0,0.0062016588635742664,inf,0.00062904175,0.002932526,1.0010996,0.0,0.0,1.0,0.0031944471411406994,0.80676013,-0.0056866067,0.99916077,0.8,0.0,1.0,0.008873614482581615,-0.00896183,0.8009357,1.0001876,4.898587e-17,0.8,1.0,0.009012497030198574,-0.79399425,-0.0027979775,0.99916977,-0.8,9.797174e-17,1.0,0.006677362602204084,-0.002405532,-0.7982732,0.9986597,-1.4695762e-16,-0.8,1.0,0.003250373527407646
1333,-0.0026626023463904858,0,0.006575469858944416,inf,0.0006771073,0.003156297,1.0011274,0.0,0.0,1.0,0.003419302636757493,0.80723625,-0.0060620024,0.99914616,0.8,0.0,1.0,0.009478402324020863,-0.0095043825,0.80113906,1.0002005,4.898587e-17,0.8,1.0,0.00957449246197939,-0.793727,-0.0029057413,0.99914676,-0.8,9.797174e-17,1.0,0.006965793203562498,-0.0025883277,-0.7981963,0.99863017,-1.4695762e-16,-0.8,1.0,0.003439360996708274
1334,-0.002668390516191721,0,0.006963829044252634,inf,0.00072796195,0.0033894705,1.0011548,0.0,0.0,1.0,0.0036540329456329346,0.8077325,-0.006454184,0.9991319,0.8,0.0,1.0,0.010109489783644676,-0.010066126,0.80135655,1.0002134,4.898587e-17,0.8,1.0,0.01015936117619276,-0.793455,-0.0030151797,0.9991234,-0.8,9.797174e-17,1.0,0.00725926086306572,-0.0027802675,-0.7981186,0.99860066,-1.4695762e-16,-0.8,1.0,0.003637001384049654
1335,-0.0026747395750135183,0,0.007366888225078583,inf,0.00078166684,0.0036321476,1.0011822,0.0,0.0,1.0,0.0038988578598946333,0.8082492,-0.0068634376,0.99911803,0.8,0.0,1.0,0.010767234489321709,-0.010647153,0.8015883,1.000226,4.898587e-17,0.8,1.0,0.010767338797450066,-0.79317844,-0.0031262627,0.99910027,-0.8,9.797174e-17,1.0,0.007557571865618229,-0.0029816062,-0.7980401,0.99857146,-1.4695762e-16,-0.8,1.0,0.0038434360176324844
1336,-0.002680947072803974,0,0.007784822024405003,inf,0.0008383473,0.003884471,1.0012094,0.0,0.0,1.0,0.004153858404606581,0.8087863,-0.0072901123,0.99910444,0.8,0.0,1.0,0.011451906524598598,-0.011247654,0.80183464,1.0002385,4.898587e-17,0.8,1.0,0.011398793198168278,-0.79289746,-0.0032390344,0.9990772,-0.8,9.797174e-17,1.0,0.007860604673624039,-0.0031924816,-0.7979609,0.99854225,-1.4695762e-16,-0.8,1.0,0.004058946389704943
1337,-0.002687939442694187,0,0.008217768743634224,inf,0.0008980603,0.004146527,1.0012363,0.0,0.0,1.0,0.0044191270135343075,0.8093441,-0.007734499,0.999091,0.8,0.0,1.0,0.0121639184653759,-0.011867717,0.80209583,1.0002508,4.898587e-17,0.8,1.0,0.012053964659571648,-0.7926122,-0.0033534626,0.9990543,-0.8,9.797174e-17,1.0,0.008168223313987255,-0.0034131494,-0.79788107,0.99851346,-1.4695762e-16,-0.8,1.0,0.004283610265702009
1338,-0.0026945960707962513,0,0.008665937930345535,inf,0.0009609323,0.0044184634,1.0012631,0.0,0.0,1.0,0.004694862756878138,0.80992275,-0.0081969565,0.9990778,0.8,0.0,1.0,0.012903541326522827,-0.012507573,0.8023721,1.0002632,4.898587e-17,0.8,1.0,0.01273324154317379,-0.7923229,-0.0034695899,0.9990314,-0.8,9.797174e-17,1.0,0.008480249904096127,-0.00364375,-0.79780054,0.9984848,-1.4695762e-16,-0.8,1.0,0.004517792258411646
1339,-0.0027018291875720024,0,0.009129460901021957,inf,0.0010270186,0.0047003627,1.0012897,0.0,0.0,1.0,0.004981121048331261,0.81052244,-0.008677772,0.9990648,0.8,0.0,1.0,0.013671129010617733,-0.013167286,0.8026636,1.0002754,4.898587e-17,0.8,1.0,0.0134368184953928,-0.79202956,-0.003587385,0.99900866,-0.8,9.797174e-17,1.0,0.008796601556241512,-0.003884531,-0.7977194,0.9984565,-1.4695762e-16,-0.8,1.0,0.004761632531881332
1340,-0.002708729589357972,0,0.009608554653823376,inf,0.0010964478,0.004992378,1.0013162,0.0,0.0,1.0,0.005278104916214943,0.81114334,-0.009177312,0.99905187,0.8,0.0,1.0,0.014467057771980762,-0.013847081,0.8029709,1.0002877,4.898587e-17,0.8,1.0,0.014165115542709827,-0.79173255,-0.0037068927,0.9989859,-0.8,9.797174e-17,1.0,0.00911703985184431,-0.0041356306,-0.7976376,0.9984283,-1.4695762e-16,-0.8,1.0,0.005015456583350897
1341,-0.0027162106707692146,0,0.010103333741426468,inf,0.0011692725,0.005294584,1.0013424,0.0,0.0,1.0,0.0055858660489320755,0.81178564,-0.009695873,0.9990392,0.8,0.0,1.0,0.015291635878384113,-0.014547021,0.8032939,1.0002998,4.898587e-17,0.8,1.0,0.01491828728467226,-0.7914319,-0.003828082,0.9989633,-0.8,9.797174e-17,1.0,0.009441474452614784,-0.004397301,-0.7975551,0.99840057,-1.4695762e-16,-0.8,1.0,0.005279401782900095
1342,-0.002722521312534809,0,0.01061400305479765,inf,0.0012456226,0.0056071416,1.0013685,0.0,0.0,1.0,0.005904613994061947,0.8124494,-0.010233815,0.9990266,0.8,0.0,1.0,0.016145143657922745,-0.01526733,0.8036331,1.000312,4.898587e-17,0.8,1.0,0.015696750953793526,-0.79112786,-0.0039509987,0.99894065,-0.8,9.797174e-17,1.0,0.009769733063876629,-0.0046696775,-0.79747194,0.9983729,-1.4695762e-16,-0.8,1.0,0.0055537777952849865
1343,-0.0027291502337902784,0,0.011140679940581322,inf,0.0013255493,0.0059301197,1.0013944,0.0,0.0,1.0,0.006234398577362299,0.81313497,-0.010791443,0.9990142,0.8,0.0,1.0,0.017028039321303368,-0.01600807,0.80398864,1.0003238,4.898587e-17,0.8,1.0,0.016500674188137054,-0.7908205,-0.0040756124,0.9989183,-0.8,9.797174e-17,1.0,0.010101708583533764,-0.0049528577,-0.7973882,0.99834573,-1.4695762e-16,-0.8,1.0,0.0058385771699249744
1344,-0.0027354462072253227,0,0.011683463118970394,inf,0.0014091834,0.0062636817,1.00142,0.0,0.0,1.0,0.006575406063348055,0.81384236,-0.01136896,0.9990019,0.8,0.0,1.0,0.017940456047654152,-0.016769348,0.8043606,1.0003356,4.898587e-17,0.8,1.0,0.01733027957379818,-0.79051006,-0.0042019715,0.9988961,-0.8,9.797174e-17,1.0,0.010437161661684513,-0.005247001,-0.79730386,0.998319,-1.4695762e-16,-0.8,1.0,0.006134015042334795
1345,-0.002742793643847108,0,0.012242523953318596,inf,0.001496577,0.0066079013,1.0014455,0.0,0.0,1.0,0.006927746348083019,0.8145717,-0.011966652,0.9989898,0.8,0.0,1.0,0.01888265646994114,-0.017551357,0.80474937,1.0003474,4.898587e-17,0.8,1.0,0.01818590611219406,-0.7901966,-0.0043300427,0.9988741,-0.8,9.797174e-17,1.0,0.010776074603199959,-0.005552164,-0.797219,0.9982924,-1.4695762e-16,-0.8,1.0,0.006440233904868364
1346,-0.002749878913164139,0,0.012817944400012493,inf,0.0015878599,0.006962768,1.0014707,0.0,0.0,1.0,0.00729138869792223,0.81532305,-0.012584864,0.9989778,0.8,0.0,1.0,0.019854959100484848,-0.018354148,0.8051549,1.0003588,4.898587e-17,0.8,1.0,0.019067684188485146,-0.7898803,-0.004459867,0.99885195,-0.8,9.797174e-17,1.0,0.01111834030598402,-0.005868505,-0.7971337,0.99826604,-1.4695762e-16,-0.8,1.0,0.006757351104170084
1347,-0.0027572261169552803,0,0.013409847393631935,inf,0.001683091,0.007328375,1.0014958,0.0,0.0,1.0,0.007666511926800013,0.8160966,-0.013223904,0.99896574,0.8,0.0,1.0,0.02085765078663826,-0.019177755,0.8055775,1.00037,4.898587e-17,0.8,1.0,0.019975779578089714,-0.78956115,-0.0045914184,0.9988302,-0.8,9.797174e-17,1.0,0.011463827453553677,-0.0061961175,-0.797048,0.99824005,-1.4695762e-16,-0.8,1.0,0.007085465360432863
1348,-0.002764251083135605,0,0.014018381014466286,inf,0.001782403,0.0077047194,1.0015208,0.0,0.0,1.0,0.008053096011281013,0.81689256,-0.013883979,0.99895376,0.8,0.0,1.0,0.021891044452786446,-0.020022294,0.80601734,1.000381,4.898587e-17,0.8,1.0,0.020910419523715973,-0.7892392,-0.0047247396,0.99880856,-0.8,9.797174e-17,1.0,0.011812585406005383,-0.0065351585,-0.7969618,0.99821454,-1.4695762e-16,-0.8,1.0,0.007424754556268454
1349,-0.002771619940176606,0,0.014643589965999126,inf,0.00188585,0.008091883,1.0015457,0.0,0.0,1.0,0.008451277390122414,0.8177109,-0.014565364,0.9989417,0.8,0.0,1.0,0.022955272346735,-0.020887798,0.8064745,1.0003917,4.898587e-17,0.8,1.0,0.02187173068523407,-0.78891474,-0.0048597986,0.99878716,-0.8,9.797174e-17,1.0,0.01216436829417944,-0.0068856864,-0.79687536,0.99818915,-1.4695762e-16,-0.8,1.0,0.007775301579385996
1350,-0.0027791273314505816,0,0.015285630710422993,inf,0.001993473,0.008489843,1.0015703,0.0,0.0,1.0,0.008861002512276173,0.8185518,-0.01526829,0.99892986,0.8,0.0,1.0,0.024050652980804443,-0.021774381,0.80694926,1.0004023,4.898587e-17,0.8,1.0,0.022859957069158554,-0.7885876,-0.004996639,0.9987658,-0.8,9.797174e-17,1.0,0.012519266456365585,-0.0072478787,-0.7967886,0.9981642,-1.4695762e-16,-0.8,1.0,0.008137280121445656
1351,-0.00278677511960268,0,0.01594456657767296,inf,0.0021054042,0.008898704,1.0015949,0.0,0.0,1.0,0.009282423183321953,0.8194152,-0.015993018,0.9989179,0.8,0.0,1.0,0.025177322328090668,-0.022682063,0.8074418,1.0004126,4.898587e-17,0.8,1.0,0.023875216022133827,-0.7882581,-0.0051352326,0.99874467,-0.8,9.797174e-17,1.0,0.012877093628048897,-0.007621794,-0.79670155,0.99813944,-1.4695762e-16,-0.8,1.0,0.008510774001479149
1352,-0.0027944378089159727,0,0.016620513051748276,inf,0.0022216816,0.009318437,1.0016192,0.0,0.0,1.0,0.009715504013001919,0.82030135,-0.016739782,0.998906,0.8,0.0,1.0,0.02633555792272091,-0.023610972,0.80795217,1.0004228,4.898587e-17,0.8,1.0,0.024917734786868095,-0.78792614,-0.005275622,0.9987237,-0.8,9.797174e-17,1.0,0.013237809762358665,-0.008007608,-0.7966142,0.9981151,-1.4695762e-16,-0.8,1.0,0.008895957842469215
1353,-0.0028022436890751123,0,0.01731356605887413,inf,0.0023423964,0.009749148,1.0016437,0.0,0.0,1.0,0.010160429403185844,0.8212102,-0.017508846,0.99889416,0.8,0.0,1.0,0.027525531128048897,-0.02456112,0.8084807,1.0004327,4.898587e-17,0.8,1.0,0.025987643748521805,-0.7875919,-0.0054177786,0.9987029,-0.8,9.797174e-17,1.0,0.013601348735392094,-0.008405381,-0.79652685,0.998091,-1.4695762e-16,-0.8,1.0,0.00929288100451231
1354,-0.002810194157063961,0,0.018023822456598282,inf,0.002467542,0.0101908045,1.0016677,0.0,0.0,1.0,0.0106170903891325,0.8221419,-0.018300442,0.9988824,0.8,0.0,1.0,0.02874748222529888,-0.025532642,0.80902743,1.0004426,4.898587e-17,0.8,1.0,0.027085164561867714,-0.7872554,-0.005561746,0.9986822,-0.8,9.797174e-17,1.0,0.013967626728117466,-0.008815289,-0.79643923,0.99806726,-1.4695762e-16,-0.8,1.0,0.009701750241219997
1355,-0.002817833563312888,0,0.018751392140984535,inf,0.002597211,0.010643516,1.0016919,0.0,0.0,1.0,0.011085692793130875,0.8230965,-0.019114831,0.9988706,0.8,0.0,1.0,0.030001677572727203,-0.026525544,0.80959266,1.0004522,4.898587e-17,0.8,1.0,0.02821042202413082,-0.7869168,-0.0057074963,0.99866176,-0.8,9.797174e-17,1.0,0.01433656271547079,-0.00923739,-0.7963516,0.9980438,-1.4695762e-16,-0.8,1.0,0.010122599080204964
1356,-0.002825720002874732,0,0.019496332854032516,inf,0.002731396,0.011107248,1.0017159,0.0,0.0,1.0,0.01156614813953638,0.82407415,-0.019952249,0.99885887,0.8,0.0,1.0,0.03128831461071968,-0.027539963,0.81017655,1.0004616,4.898587e-17,0.8,1.0,0.029363660141825676,-0.78657615,-0.005855073,0.99864143,-0.8,9.797174e-17,1.0,0.014708079397678375,-0.009671703,-0.7962639,0.99802077,-1.4695762e-16,-0.8,1.0,0.010555468499660492
1357,-0.0028337552212178707,0,0.02025872841477394,inf,0.002870186,0.011582102,1.00174,0.0,0.0,1.0,0.012058630585670471,0.82507473,-0.020812958,0.9988471,0.8,0.0,1.0,0.032607514411211014,-0.028575903,0.8107791,1.0004709,4.898587e-17,0.8,1.0,0.030544927343726158,-0.78623354,-0.006004448,0.9986212,-0.8,9.797174e-17,1.0,0.015082110650837421,-0.01011829,-0.79617614,0.99799794,-1.4695762e-16,-0.8,1.0,0.011000457219779491
1358,-0.0028419343288987875,0,0.021038666367530823,inf,0.0030135808,0.012068061,1.0017638,0.0,0.0,1.0,0.012563074938952923,0.82609856,-0.021697193,0.9988354,0.8,0.0,1.0,0.03395966440439224,-0.029633498,0.81140053,1.0004799,4.898587e-17,0.8,1.0,0.031754471361637115,-0.785889,-0.0061556674,0.9986014,-0.8,9.797174e-17,1.0,0.015458596870303154,-0.01057717,-0.79608846,0.99797565,-1.4695762e-16,-0.8,1.0,0.011457521468400955
1359,-0.0028498771134763956,0,0.021836217492818832,inf,0.0031616641,0.012565214,1.0017879,0.0,0.0,1.0,0.013079652562737465,0.8271455,-0.022605216,0.9988236,0.8,0.0,1.0,0.03534484654664993,-0.030712754,0.81204087,1.0004889,4.898587e-17,0.8,1.0,0.03299234062433243,-0.7855427,-0.006308701,0.9985816,-0.8,9.797174e-17,1.0,0.015837445855140686,-0.011048404,-0.79600084,0.99795353,-1.4695762e-16,-0.8,1.0,0.0119268037378788
1360,-0.002858430612832308,0,0.02265143021941185,inf,0.0033144413,0.013073558,1.001812,0.0,0.0,1.0,0.013608332723379135,0.8282156,-0.023537232,0.99881184,0.8,0.0,1.0,0.03676319494843483,-0.031813793,0.8127004,1.0004976,4.898587e-17,0.8,1.0,0.03425878658890724,-0.7851947,-0.006463598,0.9985623,-0.8,9.797174e-17,1.0,0.016218585893511772,-0.011532009,-0.79591334,0.99793196,-1.4695762e-16,-0.8,1.0,0.012408260256052017
1361,-0.002866686088964343,0,0.023484405130147934,inf,0.003471984,0.013593152,1.0018358,0.0,0.0,1.0,0.01414915919303894,0.8293089,-0.024493534,0.9988001,0.8,0.0,1.0,0.03821498900651932,-0.032936662,0.81337917,1.0005063,4.898587e-17,0.8,1.0,0.03555392846465111,-0.78484505,-0.006620325,0.9985429,-0.8,9.797174e-17,1.0,0.016601944342255592,-0.012028045,-0.795826,0.99791056,-1.4695762e-16,-0.8,1.0,0.012902009300887585
1362,-0.0028755534440279007,0,0.024335168302059174,inf,0.0036343057,0.0141240135,1.0018599,0.0,0.0,1.0,0.01470221672207117,0.8304254,-0.025474308,0.9987883,0.8,0.0,1.0,0.03970027342438698,-0.034081437,0.8140773,1.0005147,4.898587e-17,0.8,1.0,0.03687790408730507,-0.78449386,-0.0067789345,0.998524,-0.8,9.797174e-17,1.0,0.01698743924498558,-0.012536531,-0.79573894,0.9978897,-1.4695762e-16,-0.8,1.0,0.013408011756837368
1363,-0.002884125569835305,0,0.02520383521914482,inf,0.003801477,0.014666199,1.0018839,0.0,0.0,1.0,0.015267533250153065,0.8315651,-0.026479851,0.9987766,0.8,0.0,1.0,0.041219327598810196,-0.03524819,0.81479496,1.0005232,4.898587e-17,0.8,1.0,0.03823086619377136,-0.7841412,-0.006939392,0.9985051,-0.8,9.797174e-17,1.0,0.017375048249959946,-0.013057529,-0.7956521,0.997869,-1.4695762e-16,-0.8,1.0,0.013926398009061813
1364,-0.002893312368541956,0,0.026090413331985474,inf,0.0039735087,0.01521972,1.0019078,0.0,0.0,1.0,0.01584514044225216,0.83272797,-0.027510354,0.998765,0.8,0.0,1.0,0.04277223348617554,-0.03643699,0.8155322,1.0005313,4.898587e-17,0.8,1.0,0.03961294889450073,-0.7837872,-0.007101749,0.9984866,-0.8,9.797174e-17,1.0,0.01776459440588951,-0.013591052,-0.79556555,0.99784875,-1.4695762e-16,-0.8,1.0,0.014457146637141705
1365,-0.0029022085946053267,0,0.02699502930045128,inf,0.0041504726,0.015784636,1.0019317,0.0,0.0,1.0,0.01643509976565838,0.8339141,-0.028566118,0.9987534,0.8,0.0,1.0,0.0443592444062233,-0.037647918,0.8162893,1.0005397,4.898587e-17,0.8,1.0,0.04102436080574989,-0.7834319,-0.007265973,0.998468,-0.8,9.797174e-17,1.0,0.018156105652451515,-0.014137164,-0.79547936,0.9978288,-1.4695762e-16,-0.8,1.0,0.015000330284237862
1366,-0.0029117227531969547,0,0.027917707338929176,inf,0.0043323794,0.01636096,1.0019555,0.0,0.0,1.0,0.017037445679306984,0.8351234,-0.029647317,0.9987419,0.8,0.0,1.0,0.04598043113946915,-0.03888103,0.81706625,1.0005476,4.898587e-17,0.8,1.0,0.042465172708034515,-0.78307533,-0.0074321157,0.9984498,-0.8,9.797174e-17,1.0,0.01854950748383999,-0.01469588,-0.7953935,0.9978092,-1.4695762e-16,-0.8,1.0,0.0155559740960598
1367,-0.002920948900282383,0,0.02885853685438633,inf,0.004519301,0.016948752,1.0019792,0.0,0.0,1.0,0.01765224151313305,0.836356,-0.03075426,0.99873054,0.8,0.0,1.0,0.04763604700565338,-0.040136408,0.8178633,1.0005558,4.898587e-17,0.8,1.0,0.04393559694290161,-0.7827177,-0.007600146,0.99843156,-0.8,9.797174e-17,1.0,0.018944665789604187,-0.015267266,-0.7953082,0.9977898,-1.4695762e-16,-0.8,1.0,0.01612413488328457
1368,-0.0029307969380170107,0,0.029817555099725723,inf,0.0047112475,0.017548019,1.002003,0.0,0.0,1.0,0.018279513344168663,0.83761173,-0.03188712,0.9987192,0.8,0.0,1.0,0.04932616651058197,-0.04141412,0.8186804,1.0005635,4.898587e-17,0.8,1.0,0.04543571174144745,-0.782359,-0.007770115,0.9984136,-0.8,9.797174e-17,1.0,0.019341573119163513,-0.015851334,-0.7952233,0.99777085,-1.4695762e-16,-0.8,1.0,0.016704818233847618
1369,-0.002940354635939002,0,0.030794858932495117,inf,0.0049082916,0.018158827,1.0020264,0.0,0.0,1.0,0.01891932263970375,0.83889073,-0.033046205,0.998708,0.8,0.0,1.0,0.05105104297399521,-0.04271423,0.8195179,1.0005715,4.898587e-17,0.8,1.0,0.04696573689579964,-0.7819994,-0.007941992,0.99839574,-0.8,9.797174e-17,1.0,0.01974007673561573,-0.016448153,-0.7951389,0.99775213,-1.4695762e-16,-0.8,1.0,0.017298124730587006
1370,-0.002950545633211732,0,0.031790487468242645,inf,0.0051104417,0.018781181,1.0020499,0.0,0.0,1.0,0.019571702927350998,0.8401929,-0.034231685,0.9986968,0.8,0.0,1.0,0.052810754626989365,-0.044036817,0.82037574,1.0005791,4.898587e-17,0.8,1.0,0.04852573201060295,-0.78163886,-0.008115828,0.99837816,-0.8,9.797174e-17,1.0,0.020140230655670166,-0.017057728,-0.7950551,0.9977337,-1.4695762e-16,-0.8,1.0,0.01790403388440609
1371,-0.002960419515147805,0,0.032804541289806366,inf,0.0053177723,0.01941515,1.0020733,0.0,0.0,1.0,0.020236730575561523,0.84151834,-0.035443876,0.99868584,0.8,0.0,1.0,0.05460556223988533,-0.04538195,0.8212542,1.0005869,4.898587e-17,0.8,1.0,0.0501159243285656,-0.7812776,-0.008291595,0.99836063,-0.8,9.797174e-17,1.0,0.020541833713650703,-0.017680138,-0.7949718,0.9977156,-1.4695762e-16,-0.8,1.0,0.01852264814078808
1372,-0.002970930887386203,0,0.033837027847766876,inf,0.00553029,0.020060733,1.0020965,0.0,0.0,1.0,0.020914411172270775,0.84286696,-0.036682934,0.9986748,0.8,0.0,1.0,0.05643552914261818,-0.046749692,0.82215333,1.0005944,4.898587e-17,0.8,1.0,0.051736414432525635,-0.7809156,-0.008469342,0.9983434,-0.8,9.797174e-17,1.0,0.020944884046912193,-0.018315382,-0.7948893,0.99769783,-1.4695762e-16,-0.8,1.0,0.019153926521539688
1373,-0.002981156576424837,0,0.034888070076704025,inf,0.0057480703,0.020718,1.0021197,0.0,0.0,1.0,0.021604834124445915,0.84423876,-0.037949182,0.998664,0.8,0.0,1.0,0.05830087512731552,-0.048140123,0.8230732,1.000602,4.898587e-17,0.8,1.0,0.05338732525706291,-0.780553,-0.008649042,0.99832624,-0.8,9.797174e-17,1.0,0.021349340677261353,-0.01896354,-0.7948074,0.9976803,-1.4695762e-16,-0.8,1.0,0.01979798637330532
1374,-0.0029918754007667303,0,0.0359576940536499,inf,0.0059711197,0.021386959,1.0021427,0.0,0.0,1.0,0.02230800874531269,0.84563375,-0.039242785,0.99865323,0.8,0.0,1.0,0.060201723128557205,-0.049553305,0.824014,1.0006094,4.898587e-17,0.8,1.0,0.05506880581378937,-0.7801898,-0.008830745,0.9983094,-0.8,9.797174e-17,1.0,0.021755099296569824,-0.01962461,-0.7947262,0.997663,-1.4695762e-16,-0.8,1.0,0.020454825833439827
1375,-0.0030020379927009344,0,0.03704597055912018,inf,0.006199514,0.022067675,1.0021654,0.0,0.0,1.0,0.023024016991257668,0.8470519,-0.040564034,0.9986426,0.8,0.0,1.0,0.06213827431201935,-0.050989304,0.82497585,1.0006168,4.898587e-17,0.8,1.0,0.05678100138902664,-0.7798262,-0.009014424,0.99829257,-0.8,9.797174e-17,1.0,0.0221620611846447,-0.020298675,-0.79464585,0.99764603,-1.4695762e-16,-0.8,1.0,0.021124498918652534
1376,-0.003012839239090681,0,0.03815292567014694,inf,0.0064332574,0.022760147,1.0021882,0.0,0.0,1.0,0.023752881214022636,0.8484931,-0.0419131,0.998632,0.8,0.0,1.0,0.06411051750183105,-0.052448194,0.8259587,1.0006241,4.898587e-17,0.8,1.0,0.058523990213871,-0.7794623,-0.009200128,0.99827605,-0.8,9.797174e-17,1.0,0.022570176050066948,-0.02098573,-0.7945662,0.9976293,-1.4695762e-16,-0.8,1.0,0.021807046607136726
1377,-0.003023371798917651,0,0.03927861154079437,inf,0.006672431,0.023464456,1.0022109,0.0,0.0,1.0,0.02449469082057476,0.8499573,-0.04329027,0.99862164,0.8,0.0,1.0,0.06611865758895874,-0.053930037,0.8269629,1.0006313,4.898587e-17,0.8,1.0,0.06029796227812767,-0.77909803,-0.009387833,0.99825966,-0.8,9.797174e-17,1.0,0.02297940105199814,-0.021685703,-0.79448754,0.9976128,-1.4695762e-16,-0.8,1.0,0.02250235341489315
1378,-0.0030345413833856583,0,0.040423061698675156,inf,0.006917032,0.02418059,1.0022333,0.0,0.0,1.0,0.025249429047107697,0.8514444,-0.044695698,0.9986113,0.8,0.0,1.0,0.06816276162862778,-0.055434927,0.82798827,1.0006385,4.898587e-17,0.8,1.0,0.06210298836231232,-0.77873355,-0.009577587,0.99824345,-0.8,9.797174e-17,1.0,0.023389697074890137,-0.022398591,-0.79440975,0.99759656,-1.4695762e-16,-0.8,1.0,0.0232104379683733
1379,-0.003045551246032119,0,0.04158630594611168,inf,0.007167144,0.024908632,1.0022556,0.0,0.0,1.0,0.026017215102910995,0.85295445,-0.046129692,0.9986011,0.8,0.0,1.0,0.0702429935336113,-0.056962885,0.82903504,1.0006455,4.898587e-17,0.8,1.0,0.06393919140100479,-0.778369,-0.009769367,0.9982274,-0.8,9.797174e-17,1.0,0.02380090020596981,-0.02312432,-0.7943329,0.9975805,-1.4695762e-16,-0.8,1.0,0.0239312332123518
1380,-0.0030578342266380787,0,0.04276838153600693,inf,0.007422767,0.025648572,1.0022776,0.0,0.0,1.0,0.026798026636242867,0.8544872,-0.047592394,0.99859095,0.8,0.0,1.0,0.07235933095216751,-0.058514044,0.8301034,1.0006526,4.898587e-17,0.8,1.0,0.0658067837357521,-0.7780044,-0.00996322,0.99821156,-0.8,9.797174e-17,1.0,0.0242130309343338,-0.023862889,-0.7942571,0.9975648,-1.4695762e-16,-0.8,1.0,0.024664726108312607
1381,-0.0030693996232002974,0,0.04396933689713478,inf,0.007683982,0.026400493,1.0022997,0.0,0.0,1.0,0.027591992169618607,0.85604274,-0.049084105,0.998581,0.8,0.0,1.0,0.07451208680868149,-0.0600884,0.83119327,1.0006595,4.898587e-17,0.8,1.0,0.06770575791597366,-0.77763987,-0.010159124,0.99819595,-0.8,9.797174e-17,1.0,0.024625973775982857,-0.024614222,-0.7941823,0.99754924,-1.4695762e-16,-0.8,1.0,0.025410864502191544
1382,-0.0030819333624094725,0,0.04518919438123703,inf,0.007950788,0.027164383,1.0023215,0.0,0.0,1.0,0.028399083763360977,0.85762095,-0.050604977,0.9985711,0.8,0.0,1.0,0.07670123130083084,-0.061686095,0.8323049,1.0006664,4.898587e-17,0.8,1.0,0.06963636726140976,-0.77727544,-0.010357127,0.99818045,-0.8,9.797174e-17,1.0,0.025039706379175186,-0.025378319,-0.7941087,0.9975339,-1.4695762e-16,-0.8,1.0,0.026169605553150177
1383,-0.0030937527772039175,0,0.04642799124121666,inf,0.008223268,0.027940327,1.0023433,0.0,0.0,1.0,0.029219429939985275,0.8592217,-0.052155305,0.9985614,0.8,0.0,1.0,0.07892688363790512,-0.06330713,0.8334383,1.0006732,4.898587e-17,0.8,1.0,0.07159862667322159,-0.77691126,-0.010557207,0.9981652,-0.8,9.797174e-17,1.0,0.02545410767197609,-0.026155103,-0.79403615,0.9975188,-1.4695762e-16,-0.8,1.0,0.026940926909446716
1384,-0.0031062201596796513,0,0.04768577218055725,inf,0.008501421,0.028728312,1.0023648,0.0,0.0,1.0,0.030052989721298218,0.86084497,-0.05373524,0.9985517,0.8,0.0,1.0,0.08118917793035507,-0.06495163,0.8345935,1.00068,4.898587e-17,0.8,1.0,0.07359268516302109,-0.7765473,-0.010759413,0.99815005,-0.8,9.797174e-17,1.0,0.0258692167699337,-0.026944574,-0.79396486,0.9975039,-1.4695762e-16,-0.8,1.0,0.02772478573024273
1385,-0.003118431894108653,0,0.048962533473968506,inf,0.008785329,0.029528428,1.0023862,0.0,0.0,1.0,0.030899904668331146,0.8624908,-0.055344917,0.9985422,0.8,0.0,1.0,0.08348820358514786,-0.06661958,0.83577055,1.0006865,4.898587e-17,0.8,1.0,0.07561858743429184,-0.7761838,-0.010963724,0.99813527,-0.8,9.797174e-17,1.0,0.026284845545887947,-0.02774666,-0.7938948,0.9974892,-1.4695762e-16,-0.8,1.0,0.02852112427353859
1386,-0.0031317591201514006,0,0.05025831609964371,inf,0.009074991,0.030340659,1.0024076,0.0,0.0,1.0,0.03176015242934227,0.8641589,-0.0569845,0.9985328,0.8,0.0,1.0,0.08582396060228348,-0.068311155,0.83696955,1.0006932,4.898587e-17,0.8,1.0,0.07767651975154877,-0.77582073,-0.011170188,0.9981206,-0.8,9.797174e-17,1.0,0.02670098841190338,-0.028561363,-0.7938261,0.99747473,-1.4695762e-16,-0.8,1.0,0.029329944401979446
1387,-0.0031443799380213022,0,0.05157313868403435,inf,0.009370487,0.031165088,1.0024287,0.0,0.0,1.0,0.03263383358716965,0.8658494,-0.058654256,0.99852353,0.8,0.0,1.0,0.08819659799337387,-0.07002633,0.83819056,1.0006998,4.898587e-17,0.8,1.0,0.07976650446653366,-0.7754582,-0.011378782,0.9981061,-0.8,9.797174e-17,1.0,0.02711758017539978,-0.029388601,-0.7937587,0.99746037,-1.4695762e-16,-0.8,1.0,0.030151180922985077
1388,-0.0031576587352901697,0,0.05290704965591431,inf,0.0096718175,0.032001704,1.0024496,0.0,0.0,1.0,0.03352094814181328,0.86756206,-0.06035435,0.99851435,0.8,0.0,1.0,0.0906062051653862,-0.07176525,0.83943355,1.0007063,4.898587e-17,0.8,1.0,0.08188866823911667,-0.7750963,-0.011589557,0.99809176,-0.8,9.797174e-17,1.0,0.027534600347280502,-0.030228378,-0.7936927,0.99744624,-1.4695762e-16,-0.8,1.0,0.03098481334745884
1389,-0.0031702276319265366,0,0.05426003411412239,inf,0.0099790655,0.032850593,1.0024706,0.0,0.0,1.0,0.03442160785198212,0.86929697,-0.062084906,0.9985053,0.8,0.0,1.0,0.09305287897586823,-0.07352788,0.84069866,1.0007128,4.898587e-17,0.8,1.0,0.08404306322336197,-0.77473515,-0.011802493,0.9980777,-0.8,9.797174e-17,1.0,0.02795187383890152,-0.031080622,-0.7936282,0.99743235,-1.4695762e-16,-0.8,1.0,0.031830765306949615
1390,-0.0031835816334933043,0,0.055632151663303375,inf,0.010292232,0.03371175,1.0024915,0.0,0.0,1.0,0.03533581271767616,0.871054,-0.0638461,0.9984964,0.8,0.0,1.0,0.09553665667772293,-0.07531422,0.84198594,1.0007191,4.898587e-17,0.8,1.0,0.08622972667217255,-0.7743747,-0.012017638,0.9980638,-0.8,9.797174e-17,1.0,0.028369488194584846,-0.031945325,-0.79356515,0.9974185,-1.4695762e-16,-0.8,1.0,0.03268906846642494
1391,-0.003197155427187681,0,0.057023338973522186,inf,0.010611391,0.034585245,1.0025121,0.0,0.0,1.0,0.036263637244701385,0.872833,-0.065638,0.99848765,0.8,0.0,1.0,0.09805753827095032,-0.07712426,0.8432954,1.0007254,4.898587e-17,0.8,1.0,0.0884486734867096,-0.77401525,-0.012234974,0.9980501,-0.8,9.797174e-17,1.0,0.02878723107278347,-0.03282243,-0.7935037,0.997405,-1.4695762e-16,-0.8,1.0,0.03355962038040161
1392,-0.003210933180525899,0,0.058433663100004196,inf,0.010936545,0.03547107,1.0025325,0.0,0.0,1.0,0.037205085158348083,0.87463385,-0.06746079,0.998479,0.8,0.0,1.0,0.10061550885438919,-0.07895817,0.84462714,1.000732,4.898587e-17,0.8,1.0,0.09070010483264923,-0.77365667,-0.012454547,0.9980366,-0.8,9.797174e-17,1.0,0.02920517884194851,-0.033711925,-0.7934438,0.9973916,-1.4695762e-16,-0.8,1.0,0.034442439675331116
1393,-0.0032244687899947166,0,0.059863120317459106,inf,0.011267777,0.03636932,1.002553,0.0,0.0,1.0,0.0381602942943573,0.87645656,-0.06931455,0.9984705,0.8,0.0,1.0,0.1032107025384903,-0.08081588,0.8459812,1.000738,4.898587e-17,0.8,1.0,0.09298397600650787,-0.77329916,-0.0126763405,0.99802333,-0.8,9.797174e-17,1.0,0.02962317503988743,-0.03461374,-0.79338557,0.9973784,-1.4695762e-16,-0.8,1.0,0.03533743694424629
1394,-0.0032384602818638086,0,0.061311691999435425,inf,0.011605086,0.037279975,1.0025733,0.0,0.0,1.0,0.03912922367453575,0.8783009,-0.07119947,0.9984622,0.8,0.0,1.0,0.10584308952093124,-0.082697414,0.8473576,1.0007443,4.898587e-17,0.8,1.0,0.0953003391623497,-0.7729428,-0.012900405,0.99801034,-0.8,9.797174e-17,1.0,0.03004118613898754,-0.03552787,-0.793329,0.9973653,-1.4695762e-16,-0.8,1.0,0.03624463453888893
1395,-0.003253047587350011,0,0.06277940422296524,inf,0.011948476,0.038203113,1.0025934,0.0,0.0,1.0,0.0401119627058506,0.8801668,-0.0731156,0.99845403,0.8,0.0,1.0,0.10851266980171204,-0.08460275,0.84875643,1.0007504,4.898587e-17,0.8,1.0,0.09764926135540009,-0.7725876,-0.013126718,0.99799746,-0.8,9.797174e-17,1.0,0.030459174886345863,-0.036454257,-0.79327416,0.9973525,-1.4695762e-16,-0.8,1.0,0.03716395050287247
1396,-0.0032673117239028215,0,0.06426627933979034,inf,0.012298018,0.03913873,1.0026133,0.0,0.0,1.0,0.04110852628946304,0.8820542,-0.07506314,0.998446,0.8,0.0,1.0,0.11121951788663864,-0.086532034,0.85017776,1.0007567,4.898587e-17,0.8,1.0,0.10003086179494858,-0.77223366,-0.0133553315,0.9979848,-0.8,9.797174e-17,1.0,0.03087710775434971,-0.03739289,-0.7932212,0.99733984,-1.4695762e-16,-0.8,1.0,0.038095369935035706
1397,-0.003282264806330204,0,0.06577228009700775,inf,0.01265371,0.040086903,1.0026332,0.0,0.0,1.0,0.04211900010704994,0.883963,-0.077042155,0.9984381,0.8,0.0,1.0,0.11396365612745285,-0.08848518,0.8516216,1.0007628,4.898587e-17,0.8,1.0,0.10244511067867279,-0.77188116,-0.013586228,0.99797237,-0.8,9.797174e-17,1.0,0.03129483014345169,-0.038343694,-0.79317,0.9973274,-1.4695762e-16,-0.8,1.0,0.03903884068131447
1398,-0.003296976676210761,0,0.06729751080274582,inf,0.013015622,0.041047625,1.0026529,0.0,0.0,1.0,0.043143387883901596,0.88589305,-0.079052836,0.9984304,0.8,0.0,1.0,0.11674513667821884,-0.09046237,0.85308814,1.0007691,4.898587e-17,0.8,1.0,0.10489223897457123,-0.77153003,-0.013819456,0.99796015,-0.8,9.797174e-17,1.0,0.03171243146061897,-0.03930667,-0.7931206,0.99731505,-1.4695762e-16,-0.8,1.0,0.039994366466999054
1399,-0.003311916720122099,0,0.06884187459945679,inf,0.013383749,0.042020977,1.0026724,0.0,0.0,1.0,0.04418177157640457,0.8878442,-0.08109523,0.9984228,0.8,0.0,1.0,0.11956389993429184,-0.09246353,0.85457724,1.0007751,4.898587e-17,0.8,1.0,0.10737215727567673,-0.7711805,-0.014054999,0.9979481,-0.8,9.797174e-17,1.0,0.032129690051078796,-0.040281747,-0.7930731,0.99730295,-1.4695762e-16,-0.8,1.0,0.04096187278628349
1400,-0.0033270837739109993,0,0.07040543854236603,inf,0.013758161,0.04300695,1.0026917,0.0,0.0,1.0,0.04523416981101036,0.88981634,-0.0831695,0.9984154,0.8,0.0,1.0,0.12241997569799423,-0.0944888,0.856089,1.0007812,4.898587e-17,0.8,1.0,0.10988502204418182,-0.77083254,-0.014292906,0.9979363,-0.8,9.797174e-17,1.0,0.032546695321798325,-0.041268915,-0.7930275,0.997291,-1.4695762e-16,-0.8,1.0,0.04194135591387749
1401,-0.0033429511822760105,0,0.07198820263147354,inf,0.014138853,0.044005617,1.0027109,0.0,0.0,1.0,0.04630065709352493,0.89180917,-0.08527584,0.9984082,0.8,0.0,1.0,0.12531329691410065,-0.09653815,0.8576236,1.0007871,4.898587e-17,0.8,1.0,0.11243090778589249,-0.7704862,-0.014533145,0.9979247,-0.8,9.797174e-17,1.0,0.03296339884400368,-0.042268105,-0.79298383,0.9972793,-1.4695762e-16,-0.8,1.0,0.04293275624513626
1402,-0.003358582267537713,0,0.0735902339220047,inf,0.014525898,0.045016978,1.00273,0.0,0.0,1.0,0.04738124832510948,0.89382267,-0.08741443,0.9984011,0.8,0.0,1.0,0.12824402749538422,-0.09861172,0.8591809,1.0007933,4.898587e-17,0.8,1.0,0.11500991880893707,-0.77014136,-0.014775767,0.9979132,-0.8,9.797174e-17,1.0,0.03337989002466202,-0.043279313,-0.79294205,0.9972677,-1.4695762e-16,-0.8,1.0,0.04393608123064041
1403,-0.003374402178451419,0,0.07521147280931473,inf,0.014919289,0.046041112,1.002749,0.0,0.0,1.0,0.04847603291273117,0.8958566,-0.08958535,0.99839413,0.8,0.0,1.0,0.131212055683136,-0.10070943,0.86076117,1.0007992,4.898587e-17,0.8,1.0,0.11762204766273499,-0.7697983,-0.015020754,0.9979019,-0.8,9.797174e-17,1.0,0.033796001225709915,-0.044302467,-0.79290223,0.99725646,-1.4695762e-16,-0.8,1.0,0.044951241463422775
1404,-0.003390456782653928,0,0.07685196399688721,inf,0.015319096,0.047078006,1.0027677,0.0,0.0,1.0,0.04958501085639,0.8979109,-0.09178872,0.9983874,0.8,0.0,1.0,0.13421739637851715,-0.10283142,0.8623643,1.0008051,4.898587e-17,0.8,1.0,0.12026742845773697,-0.769457,-0.015268157,0.9978908,-0.8,9.797174e-17,1.0,0.03421172499656677,-0.04533756,-0.7928644,0.99724525,-1.4695762e-16,-0.8,1.0,0.04597825929522514
1405,-0.0034072163980454206,0,0.07851171493530273,inf,0.015725313,0.048127733,1.0027863,0.0,0.0,1.0,0.05070825666189194,0.89998525,-0.09402476,0.99838084,0.8,0.0,1.0,0.1372600793838501,-0.104977645,0.86399037,1.000811,4.898587e-17,0.8,1.0,0.12294603884220123,-0.7691174,-0.015517944,0.99787986,-0.8,9.797174e-17,1.0,0.03462710604071617,-0.046384525,-0.79282856,0.9972343,-1.4695762e-16,-0.8,1.0,0.04701705276966095
1406,-0.0034237054642289877,0,0.0801907628774643,inf,0.016138013,0.049190305,1.0028046,0.0,0.0,1.0,0.05184580758213997,0.90207964,-0.09629364,0.9983744,0.8,0.0,1.0,0.1403401643037796,-0.10714821,0.8656395,1.0008171,4.898587e-17,0.8,1.0,0.1256580650806427,-0.76877964,-0.015770163,0.99786913,-0.8,9.797174e-17,1.0,0.03504212573170662,-0.04744336,-0.79279476,0.99722356,-1.4695762e-16,-0.8,1.0,0.04806762561202049
1407,-0.0034403332974761724,0,0.0818890780210495,inf,0.016557192,0.05026579,1.0028229,0.0,0.0,1.0,0.05299772322177887,0.9041939,-0.09859543,0.9983682,0.8,0.0,1.0,0.14345760643482208,-0.10934302,0.86731166,1.0008228,4.898587e-17,0.8,1.0,0.12840339541435242,-0.7684437,-0.016024802,0.9978587,-0.8,9.797174e-17,1.0,0.035456735640764236,-0.048513986,-0.792763,0.99721307,-1.4695762e-16,-0.8,1.0,0.0491299107670784
1408,-0.0034576673060655594,0,0.08360669016838074,inf,0.016982878,0.05135417,1.0028409,0.0,0.0,1.0,0.05416400358080864,0.9063277,-0.10093026,0.9983622,0.8,0.0,1.0,0.14661234617233276,-0.11156222,0.869007,1.0008286,4.898587e-17,0.8,1.0,0.1311822384595871,-0.7681097,-0.016281907,0.9978483,-0.8,9.797174e-17,1.0,0.035870932042598724,-0.049596403,-0.7927333,0.99720275,-1.4695762e-16,-0.8,1.0,0.05020390823483467
1409,-0.0034752541687339544,0,0.08534359186887741,inf,0.01741503,0.052455522,1.0028585,0.0,0.0,1.0,0.055344704538583755,0.90848106,-0.103298336,0.9983564,0.8,0.0,1.0,0.14980448782444,-0.11380578,0.8707255,1.0008345,4.898587e-17,0.8,1.0,0.13399457931518555,-0.7677776,-0.016541459,0.9978381,-0.8,9.797174e-17,1.0,0.03628465533256531,-0.050690543,-0.7927058,0.99719274,-1.4695762e-16,-0.8,1.0,0.051289547234773636
1410,-0.0034926263615489006,0,0.08709981292486191,inf,0.017853688,0.053569853,1.0028762,0.0,0.0,1.0,0.056539859622716904,0.9106537,-0.105699815,0.99835074,0.8,0.0,1.0,0.1530340164899826,-0.11607377,0.8724672,1.0008404,4.898587e-17,0.8,1.0,0.13684050738811493,-0.76744765,-0.01680351,0.99782807,-0.8,9.797174e-17,1.0,0.036697838455438614,-0.051796395,-0.79268026,0.9971829,-1.4695762e-16,-0.8,1.0,0.05238684266805649
1411,-0.003510252572596073,0,0.08887531608343124,inf,0.01829881,0.05469723,1.0028936,0.0,0.0,1.0,0.057749513536691666,0.91284555,-0.10813477,0.9983453,0.8,0.0,1.0,0.15630093216896057,-0.11836613,0.87423223,1.0008461,4.898587e-17,0.8,1.0,0.13971999287605286,-0.7671198,-0.017068045,0.9978183,-0.8,9.797174e-17,1.0,0.03711044043302536,-0.052913893,-0.79265696,0.9971733,-1.4695762e-16,-0.8,1.0,0.05349570885300636
1412,-0.003528593573719263,0,0.0906701534986496,inf,0.018750422,0.055837635,1.0029107,0.0,0.0,1.0,0.058973658829927444,0.9150564,-0.110603325,0.99834013,0.8,0.0,1.0,0.1596052199602127,-0.12068299,0.8760206,1.000852,4.898587e-17,0.8,1.0,0.14263324439525604,-0.76679415,-0.017335111,0.9978086,-0.8,9.797174e-17,1.0,0.03752250224351883,-0.054043032,-0.7926358,0.9971639,-1.4695762e-16,-0.8,1.0,0.054616156965494156
1413,-0.0035471979063004255,0,0.09248428046703339,inf,0.019208482,0.05699114,1.0029275,0.0,0.0,1.0,0.06021234393119812,0.91728604,-0.11310569,0.9983352,0.8,0.0,1.0,0.16294686496257782,-0.123024315,0.87783235,1.0008577,4.898587e-17,0.8,1.0,0.14558018743991852,-0.76647073,-0.017604694,0.9977991,-0.8,9.797174e-17,1.0,0.037933915853500366,-0.055183742,-0.79261684,0.99715483,-1.4695762e-16,-0.8,1.0,0.0557481087744236
1414,-0.0035655975807458162,0,0.09431775659322739,inf,0.019673035,0.05815776,1.0029442,0.0,0.0,1.0,0.06146561726927757,0.9195343,-0.11564201,0.99833035,0.8,0.0,1.0,0.16632592678070068,-0.12539019,0.8796676,1.0008637,4.898587e-17,0.8,1.0,0.14856098592281342,-0.76614964,-0.017876841,0.9977897,-0.8,9.797174e-17,1.0,0.03834468126296997,-0.05633602,-0.7926001,0.997146,-1.4695762e-16,-0.8,1.0,0.05689157545566559
1415,-0.0035842598881572485,0,0.09617053717374802,inf,0.020144032,0.059337556,1.0029607,0.0,0.0,1.0,0.06273350864648819,0.92180115,-0.11821235,0.99832577,0.8,0.0,1.0,0.1697423905134201,-0.12778053,0.8815263,1.0008693,4.898587e-17,0.8,1.0,0.15157556533813477,-0.76583093,-0.01815154,0.99778056,-0.8,9.797174e-17,1.0,0.038754742592573166,-0.057499792,-0.7925856,0.9971374,-1.4695762e-16,-0.8,1.0,0.058046478778123856
1416,-0.003603508695960045,0,0.09804265201091766,inf,0.020621506,0.060530514,1.0029769,0.0,0.0,1.0,0.06401602923870087,0.9240863,-0.12081684,0.9983215,0.8,0.0,1.0,0.1731962114572525,-0.13019547,0.88340855,1.0008751,4.898587e-17,0.8,1.0,0.1546240895986557,-0.7655147,-0.01842884,0.9977715,-0.8,9.797174e-17,1.0,0.03916410356760025,-0.05867505,-0.79257333,0.9971291,-1.4695762e-16,-0.8,1.0,0.059212829917669296
1417,-0.0036225675139576197,0,0.09993407875299454,inf,0.021105412,0.06173671,1.0029927,0.0,0.0,1.0,0.06531322002410889,0.9263895,-0.1234556,0.9983174,0.8,0.0,1.0,0.1766873598098755,-0.13263498,0.8853144,1.000881,4.898587e-17,0.8,1.0,0.15770655870437622,-0.765201,-0.018708756,0.9977626,-0.8,9.797174e-17,1.0,0.03957267478108406,-0.05986173,-0.7925634,0.997121,-1.4695762e-16,-0.8,1.0,0.06039055436849594
1418,-0.0036423541605472565,0,0.10184482485055923,inf,0.021595797,0.06295615,1.0030085,0.0,0.0,1.0,0.06662511825561523,0.92871064,-0.12612864,0.9983135,0.8,0.0,1.0,0.1802157163619995,-0.13509913,0.8872439,1.0008867,4.898587e-17,0.8,1.0,0.16082307696342468,-0.7648898,-0.018991368,0.9977538,-0.8,9.797174e-17,1.0,0.03998057171702385,-0.06105983,-0.79255575,0.9971131,-1.4695762e-16,-0.8,1.0,0.06157965585589409
1419,-0.003661954076960683,0,0.10377489030361176,inf,0.022092603,0.06418889,1.003024,0.0,0.0,1.0,0.0679517611861229,0.9310495,-0.12883613,0.99830985,0.8,0.0,1.0,0.18378134071826935,-0.13758789,0.8891972,1.0008924,4.898587e-17,0.8,1.0,0.1639736443758011,-0.76458126,-0.019276697,0.9977454,-0.8,9.797174e-17,1.0,0.04038764908909798,-0.062269267,-0.79255044,0.9971055,-1.4695762e-16,-0.8,1.0,0.06278005987405777
1420,-0.0036822876427322626,0,0.10572425276041031,inf,0.022595879,0.06543493,1.0030392,0.0,0.0,1.0,0.06929315626621246,0.9334059,-0.13157803,0.99830633,0.8,0.0,1.0,0.18738402426242828,-0.14010134,0.89117414,1.0008982,4.898587e-17,0.8,1.0,0.1671583503484726,-0.76427543,-0.019564817,0.9977369,-0.8,9.797174e-17,1.0,0.04079398885369301,-0.06349004,-0.79254746,0.9970981,-1.4695762e-16,-0.8,1.0,0.06399177014827728
1421,-0.0037023129407316446,0,0.10769293457269669,inf,0.023105567,0.06669435,1.0030543,0.0,0.0,1.0,0.07064936310052872,0.9357796,-0.1343545,0.99830306,0.8,0.0,1.0,0.1910238265991211,-0.14263944,0.89317495,1.0009038,4.898587e-17,0.8,1.0,0.1703772246837616,-0.7639724,-0.019855749,0.9977287,-0.8,9.797174e-17,1.0,0.041199494153261185,-0.06472208,-0.7925469,0.9970908,-1.4695762e-16,-0.8,1.0,0.06521472334861755
1422,-0.003723075846210122,0,0.1096809059381485,inf,0.023621717,0.06796714,1.003069,0.0,0.0,1.0,0.07202038913965225,0.9381704,-0.13716556,0.9982999,0.8,0.0,1.0,0.19470061361789703,-0.14520225,0.89519954,1.0009094,4.898587e-17,0.8,1.0,0.1736302673816681,-0.7636721,-0.020149572,0.99772054,-0.8,9.797174e-17,1.0,0.04160429537296295,-0.06596539,-0.7925487,0.9970838,-1.4695762e-16,-0.8,1.0,0.06644891947507858
1423,-0.003743661567568779,0,0.11168815940618515,inf,0.024144275,0.06925337,1.0030836,0.0,0.0,1.0,0.07340628653764725,0.9405781,-0.14001136,0.9982969,0.8,0.0,1.0,0.1984144151210785,-0.14778967,0.89724815,1.0009149,4.898587e-17,0.8,1.0,0.17691756784915924,-0.76337475,-0.020446308,0.99771273,-0.8,9.797174e-17,1.0,0.04200825095176697,-0.06721988,-0.792553,0.99707687,-1.4695762e-16,-0.8,1.0,0.0676942765712738
1424,-0.0037645320408046246,0,0.11371469497680664,inf,0.024673283,0.070553035,1.003098,0.0,0.0,1.0,0.0748070776462555,0.9430025,-0.14289185,0.99829406,0.8,0.0,1.0,0.20216505229473114,-0.15040176,0.89932066,1.0009205,4.898587e-17,0.8,1.0,0.18023908138275146,-0.7630803,-0.020746028,0.99770486,-0.8,9.797174e-17,1.0,0.0424114428460598,-0.068485565,-0.79255974,0.9970702,-1.4695762e-16,-0.8,1.0,0.06895080953836441
1425,-0.0037856895942240953,0,0.11576048284769058,inf,0.025208691,0.07186621,1.0031121,0.0,0.0,1.0,0.07622279971837997,0.9454435,-0.14580724,0.99829143,0.8,0.0,1.0,0.20595262944698334,-0.15303843,0.901417,1.0009259,4.898587e-17,0.8,1.0,0.1835947334766388,-0.7627889,-0.02104876,0.9976973,-0.8,9.797174e-17,1.0,0.04281378537416458,-0.06976236,-0.7925689,0.99706364,-1.4695762e-16,-0.8,1.0,0.07021844387054443
1426,-0.003807483008131385,0,0.11782549321651459,inf,0.025750544,0.07319289,1.003126,0.0,0.0,1.0,0.07765346765518188,0.9479008,-0.14875747,0.99828887,0.8,0.0,1.0,0.2097768932580948,-0.15569972,0.90353733,1.0009314,4.898587e-17,0.8,1.0,0.1869846135377884,-0.7625005,-0.02135458,0.9976897,-0.8,9.797174e-17,1.0,0.04321535676717758,-0.071050264,-0.7925806,0.9970572,-1.4695762e-16,-0.8,1.0,0.07149718701839447
1427,-0.0038291090168058872,0,0.11990976333618164,inf,0.026298787,0.07453314,1.0031399,0.0,0.0,1.0,0.079099141061306,0.9503741,-0.1517427,0.9982865,0.8,0.0,1.0,0.21363790333271027,-0.15838553,0.9056816,1.0009366,4.898587e-17,0.8,1.0,0.1904086470603943,-0.76221526,-0.021663504,0.9976825,-0.8,9.797174e-17,1.0,0.043616119772195816,-0.07234921,-0.79259485,0.99705094,-1.4695762e-16,-0.8,1.0,0.07278696447610855
1428,-0.0038510302547365427,0,0.12201324850320816,inf,0.026853465,0.075886965,1.0031534,0.0,0.0,1.0,0.08055981993675232,0.9528634,-0.15476292,0.9982842,0.8,0.0,1.0,0.21753555536270142,-0.16109595,0.90784985,1.000942,4.898587e-17,0.8,1.0,0.19386690855026245,-0.7619331,-0.021975603,0.99767524,-0.8,9.797174e-17,1.0,0.04401616007089615,-0.0736592,-0.7926116,0.9970449,-1.4695762e-16,-0.8,1.0,0.07408777624368668
1429,-0.003873248351737857,0,0.12413594871759415,inf,0.027414527,0.07725443,1.0031668,0.0,0.0,1.0,0.08203554898500443,0.9553684,-0.15781827,0.9982821,0.8,0.0,1.0,0.22146984934806824,-0.16383085,0.91004205,1.0009471,4.898587e-17,0.8,1.0,0.19735929369926453,-0.7616541,-0.022290895,0.9976683,-0.8,9.797174e-17,1.0,0.044415440410375595,-0.07498015,-0.792631,0.9970389,-1.4695762e-16,-0.8,1.0,0.07539955526590347
1430,-0.003896021982654929,0,0.1262778639793396,inf,0.027982013,0.07863554,1.0031801,0.0,0.0,1.0,0.0835263729095459,0.9578889,-0.16090876,0.99828005,0.8,0.0,1.0,0.22544065117835999,-0.16659029,0.9122582,1.0009524,4.898587e-17,0.8,1.0,0.2008858621120453,-0.76137817,-0.022609452,0.9976614,-0.8,9.797174e-17,1.0,0.0448140949010849,-0.07631206,-0.7926529,0.9970331,-1.4695762e-16,-0.8,1.0,0.07672230899333954
1431,-0.00391863938421011,0,0.12843894958496094,inf,0.028555876,0.08003035,1.0031931,0.0,0.0,1.0,0.08503229916095734,0.9604247,-0.1640345,0.99827814,0.8,0.0,1.0,0.22944797575473785,-0.16937417,0.91449827,1.0009574,4.898587e-17,0.8,1.0,0.20444650948047638,-0.7611055,-0.02293129,0.9976548,-0.8,9.797174e-17,1.0,0.0452120415866375,-0.07765486,-0.7926775,0.99702734,-1.4695762e-16,-0.8,1.0,0.0780559629201889
1432,-0.003942021168768406,0,0.13061925768852234,inf,0.029136155,0.08143887,1.0032061,0.0,0.0,1.0,0.08655335754156113,0.9629756,-0.16719548,0.9982763,0.8,0.0,1.0,0.2334916591644287,-0.17218256,0.9167623,1.0009625,4.898587e-17,0.8,1.0,0.20804132521152496,-0.76083595,-0.023256484,0.9976481,-0.8,9.797174e-17,1.0,0.045609425753355026,-0.07900855,-0.79270476,0.9970218,-1.4695762e-16,-0.8,1.0,0.07940050959587097
1433,-0.003965250216424465,0,0.13281869888305664,inf,0.0297228,0.08286116,1.0032189,0.0,0.0,1.0,0.08808960765600204,0.9655414,-0.17039184,0.9982746,0.8,0.0,1.0,0.23757170140743256,-0.17501535,0.91905016,1.0009674,4.898587e-17,0.8,1.0,0.2116701304912567,-0.7605697,-0.02358505,0.9976418,-0.8,9.797174e-17,1.0,0.04600615054368973,-0.080373056,-0.7927346,0.9970163,-1.4695762e-16,-0.8,1.0,0.08075590431690216
1434,-0.0039892494678497314,0,0.1350373476743698,inf,0.030315854,0.08429723,1.0032316,0.0,0.0,1.0,0.08964104950428009,0.96812195,-0.17362359,0.998273,0.8,0.0,1.0,0.241688072681427,-0.1778726,0.921362,1.0009723,4.898587e-17,0.8,1.0,0.21533307433128357,-0.7603066,-0.023917057,0.9976354,-0.8,9.797174e-17,1.0,0.04640241339802742,-0.081748374,-0.7927672,0.997011,-1.4695762e-16,-0.8,1.0,0.08212212473154068
1435,-0.004013096448034048,0,0.1372751146554947,inf,0.030915262,0.08574713,1.003244,0.0,0.0,1.0,0.09120772033929825,0.97071695,-0.1768908,0.99827147,0.8,0.0,1.0,0.2458406388759613,-0.1807542,0.92369765,1.000977,4.898587e-17,0.8,1.0,0.2190299928188324,-0.76004684,-0.024252528,0.9976294,-0.8,9.797174e-17,1.0,0.046798087656497955,-0.083134435,-0.7928026,0.9970057,-1.4695762e-16,-0.8,1.0,0.08349911868572235
1436,-0.0040377238765358925,0,0.13953202962875366,inf,0.03152107,0.08721087,1.0032564,0.0,0.0,1.0,0.09278964251279831,0.9733262,-0.18019353,0.9982701,0.8,0.0,1.0,0.2500293254852295,-0.18366021,0.9260571,1.0009818,4.898587e-17,0.8,1.0,0.22276091575622559,-0.7597903,-0.02459153,0.9976233,-0.8,9.797174e-17,1.0,0.04719335213303566,-0.08453124,-0.7928406,0.9970006,-1.4695762e-16,-0.8,1.0,0.08488689363002777
1437,-0.004062205087393522,0,0.14180807769298553,inf,0.03213322,0.088688515,1.0032687,0.0,0.0,1.0,0.09438686817884445,0.9759496,-0.18353185,0.9982687,0.8,0.0,1.0,0.25425416231155396,-0.18659054,0.92844045,1.0009865,4.898587e-17,0.8,1.0,0.22652582824230194,-0.7595371,-0.024934083,0.99761754,-0.8,9.797174e-17,1.0,0.04758814722299576,-0.08593871,-0.7928815,0.99699545,-1.4695762e-16,-0.8,1.0,0.08628535270690918
1438,-0.0040874723345041275,0,0.1441032439470291,inf,0.032751765,0.09018006,1.0032808,0.0,0.0,1.0,0.09599939733743668,0.97858685,-0.18690579,0.99826753,0.8,0.0,1.0,0.25851505994796753,-0.18954523,0.9308476,1.0009911,4.898587e-17,0.8,1.0,0.23032468557357788,-0.75928724,-0.025280258,0.9976117,-0.8,9.797174e-17,1.0,0.04798255115747452,-0.08735685,-0.79292506,0.99699056,-1.4695762e-16,-0.8,1.0,0.08769453316926956
1439,-0.0041126674041152,0,0.1464175134897232,inf,0.033376645,0.09168558,1.0032927,0.0,0.0,1.0,0.09762728959321976,0.98123777,-0.19031541,0.99826634,0.8,0.0,1.0,0.2628118693828583,-0.19252418,0.9332785,1.0009955,4.898587e-17,0.8,1.0,0.23415744304656982,-0.7590407,-0.025630075,0.9976062,-0.8,9.797174e-17,1.0,0.048376597464084625,-0.08878558,-0.79297155,0.9969857,-1.4695762e-16,-0.8,1.0,0.08911433070898056
1440,-0.004138654563575983,0,0.14875087141990662,inf,0.034007903,0.093205065,1.0033046,0.0,0.0,1.0,0.0992705449461937,0.98390216,-0.19376077,0.9982653,0.8,0.0,1.0,0.2671446204185486,-0.19552745,0.9357332,1.001,4.898587e-17,0.8,1.0,0.23802411556243896,-0.7587976,-0.025983604,0.9976007,-0.8,9.797174e-17,1.0,0.048770323395729065,-0.09022491,-0.79302084,0.99698097,-1.4695762e-16,-0.8,1.0,0.09054478257894516
1441,-0.004164168145507574,0,0.15110334753990173,inf,0.034645487,0.09473859,1.0033163,0.0,0.0,1.0,0.10092922300100327,0.9865799,-0.19724195,0.9982643,0.8,0.0,1.0,0.2715132534503937,-0.19855495,0.9382117,1.0010043,4.898587e-17,0.8,1.0,0.24192467331886292,-0.7585578,-0.026340863,0.9975954,-0.8,9.797174e-17,1.0,0.049163807183504105,-0.09167475,-0.793073,0.9969762,-1.4695762e-16,-0.8,1.0,0.0919857993721962
1442,-0.004190938081592321,0,0.15347488224506378,inf,0.03528944,0.09628614,1.0033278,0.0,0.0,1.0,0.10260330885648727,0.98927075,-0.20075898,0.9982634,0.8,0.0,1.0,0.27591773867607117,-0.2016067,0.9407138,1.0010087,4.898587e-17,0.8,1.0,0.24585901200771332,-0.75832146,-0.026701808,0.9975901,-0.8,9.797174e-17,1.0,0.04955698922276497,-0.093135126,-0.7931281,0.9969717,-1.4695762e-16,-0.8,1.0,0.09343738853931427
1443,-0.004217120818793774,0,0.15586550533771515,inf,0.035939712,0.09784779,1.0033393,0.0,0.0,1.0,0.10429287701845169,0.99197453,-0.20431197,0.9982625,0.8,0.0,1.0,0.2803580164909363,-0.20468265,0.94323975,1.0010129,4.898587e-17,0.8,1.0,0.24982720613479614,-0.7580886,-0.027066503,0.9975851,-0.8,9.797174e-17,1.0,0.049949921667575836,-0.094605945,-0.79318607,0.99696714,-1.4695762e-16,-0.8,1.0,0.0948994904756546
1444,-0.004244565032422543,0,0.15827517211437225,inf,0.03659634,0.09942354,1.0033506,0.0,0.0,1.0,0.10599792003631592,0.9946911,-0.20790091,0.9982618,0.8,0.0,1.0,0.28483402729034424,-0.20778282,0.94578934,1.0010171,4.898587e-17,0.8,1.0,0.2538291811943054,-0.7578592,-0.0274349,0.99758,-0.8,9.797174e-17,1.0,0.050342634320259094,-0.09608722,-0.7932469,0.99696285,-1.4695762e-16,-0.8,1.0,0.0963720977306366
1445,-0.004271429032087326,0,0.1607038825750351,inf,0.037259273,0.10101345,1.0033618,0.0,0.0,1.0,0.10771849006414413,0.9974202,-0.21152592,0.9982611,0.8,0.0,1.0,0.28934577107429504,-0.21090712,0.9483626,1.0010211,4.898587e-17,0.8,1.0,0.25786489248275757,-0.75763327,-0.027807062,0.9975752,-0.8,9.797174e-17,1.0,0.05073512718081474,-0.09757885,-0.7933109,0.9969584,-1.4695762e-16,-0.8,1.0,0.09785514324903488
1446,-0.0042995610274374485,0,0.16315163671970367,inf,0.037928555,0.10261753,1.0033729,0.0,0.0,1.0,0.10945460200309753,1.0001616,-0.215187,0.9982605,0.8,0.0,1.0,0.29389309883117676,-0.2140556,0.9509595,1.0010252,4.898587e-17,0.8,1.0,0.261934369802475,-0.7574109,-0.028182944,0.99757034,-0.8,9.797174e-17,1.0,0.051127444952726364,-0.09908088,-0.79337776,0.99695426,-1.4695762e-16,-0.8,1.0,0.09934864193201065
1447,-0.004327118396759033,0,0.1656184047460556,inf,0.038604133,0.10423583,1.0033839,0.0,0.0,1.0,0.1112062856554985,1.0029154,-0.21888426,0.99825996,0.8,0.0,1.0,0.29847612977027893,-0.21722817,0.9535801,1.0010291,4.898587e-17,0.8,1.0,0.26603755354881287,-0.7571921,-0.02856261,0.99756575,-0.8,9.797174e-17,1.0,0.05151958391070366,-0.100593194,-0.7934476,0.99695,-1.4695762e-16,-0.8,1.0,0.10085250437259674
1448,-0.004355685785412788,0,0.16810420155525208,inf,0.039286047,0.10586836,1.0033948,0.0,0.0,1.0,0.11297357827425003,1.0056812,-0.2226177,0.9982595,0.8,0.0,1.0,0.3030947148799896,-0.22042486,0.9562242,1.0010331,4.898587e-17,0.8,1.0,0.2701743543148041,-0.75697684,-0.02894601,0.9975611,-0.8,9.797174e-17,1.0,0.05191158503293991,-0.10211583,-0.79352057,0.996946,-1.4695762e-16,-0.8,1.0,0.10236676037311554
1449,-0.0043841456063091755,0,0.17060895264148712,inf,0.03997425,0.10751509,1.0034055,0.0,0.0,1.0,0.11475639790296555,1.0084586,-0.22638743,0.99825907,0.8,0.0,1.0,0.3077487349510193,-0.2236456,0.958892,1.0010369,4.898587e-17,0.8,1.0,0.2743448317050934,-0.7567652,-0.029333211,0.9975567,-0.8,9.797174e-17,1.0,0.052303511649370193,-0.103648685,-0.7935966,0.9969418,-1.4695762e-16,-0.8,1.0,0.10389131307601929
1450,-0.0044134254567325115,0,0.1731327474117279,inf,0.04066878,0.10917609,1.0034162,0.0,0.0,1.0,0.1165548786520958,1.0112479,-0.23019345,0.99825877,0.8,0.0,1.0,0.31243833899497986,-0.22689041,0.9615833,1.0010407,4.898587e-17,0.8,1.0,0.278548926115036,-0.75655717,-0.029724168,0.9975522,-0.8,9.797174e-17,1.0,0.05269533768296242,-0.10519178,-0.7936757,0.996938,-1.4695762e-16,-0.8,1.0,0.10542619973421097
1451,-0.004442605655640364,0,0.17567548155784607,inf,0.0413696,0.11085133,1.0034266,0.0,0.0,1.0,0.11836892366409302,1.0140486,-0.23403586,0.99825853,0.8,0.0,1.0,0.3171633780002594,-0.23015924,0.96429825,1.0010444,4.898587e-17,0.8,1.0,0.28278660774230957,-0.75635284,-0.03011894,0.997548,-0.8,9.797174e-17,1.0,0.053087085485458374,-0.10674503,-0.7937579,0.996934,-1.4695762e-16,-0.8,1.0,0.10697133094072342
1452,-0.004472610540688038,0,0.17823714017868042,inf,0.04207673,0.112540886,1.003437,0.0,0.0,1.0,0.12019865214824677,1.0168605,-0.23791465,0.99825835,0.8,0.0,1.0,0.32192370295524597,-0.23345208,0.96703666,1.001048,4.898587e-17,0.8,1.0,0.2870578467845917,-0.7561522,-0.030517487,0.9975437,-0.8,9.797174e-17,1.0,0.05347878113389015,-0.10830844,-0.7938433,0.9969303,-1.4695762e-16,-0.8,1.0,0.10852670669555664
1453,-0.0045025222934782505,0,0.18081776797771454,inf,0.042790134,0.11424472,1.0034472,0.0,0.0,1.0,0.12204398959875107,1.0196835,-0.24182993,0.99825823,0.8,0.0,1.0,0.3267194330692291,-0.2367689,0.9697986,1.0010515,4.898587e-17,0.8,1.0,0.2913626432418823,-0.7559553,-0.030919867,0.99753964,-0.8,9.797174e-17,1.0,0.053870491683483124,-0.10988193,-0.79393184,0.9969265,-1.4695762e-16,-0.8,1.0,0.11009226739406586
1454,-0.004533266648650169,0,0.18341732025146484,inf,0.043509845,0.115962915,1.0034574,0.0,0.0,1.0,0.12390503287315369,1.0225174,-0.2457817,0.99825823,0.8,0.0,1.0,0.3315504193305969,-0.24010968,0.97258407,1.0010551,4.898587e-17,0.8,1.0,0.29570090770721436,-0.7557621,-0.031326037,0.99753547,-0.8,9.797174e-17,1.0,0.05426220968365669,-0.11146553,-0.7940236,0.9969229,-1.4695762e-16,-0.8,1.0,0.11166803538799286
1455,-0.004563922993838787,0,0.18603578209877014,inf,0.044235818,0.11769543,1.0034674,0.0,0.0,1.0,0.12578172981739044,1.025362,-0.24977005,0.99825823,0.8,0.0,1.0,0.336416631937027,-0.24347438,0.975393,1.0010586,4.898587e-17,0.8,1.0,0.30007264018058777,-0.7555727,-0.03173606,0.9975316,-0.8,9.797174e-17,1.0,0.054653991013765335,-0.11305912,-0.7941185,0.9969192,-1.4695762e-16,-0.8,1.0,0.11325390636920929
1456,-0.004595419391989708,0,0.18867316842079163,inf,0.04496809,0.119442336,1.0034773,0.0,0.0,1.0,0.1276741623878479,1.0282172,-0.25379497,0.9982584,0.8,0.0,1.0,0.3413180410861969,-0.246863,0.97822535,1.0010619,4.898587e-17,0.8,1.0,0.3044778108596802,-0.755387,-0.032149892,0.9975276,-0.8,9.797174e-17,1.0,0.055045876652002335,-0.114662744,-0.7942167,0.9969158,-1.4695762e-16,-0.8,1.0,0.11484991759061813
1457,-0.00462683429941535,0,0.19132943451404572,inf,0.04570662,0.12120361,1.0034871,0.0,0.0,1.0,0.12958228588104248,1.0310827,-0.25785658,0.99825853,0.8,0.0,1.0,0.3462546467781067,-0.2502755,0.9810812,1.0010653,4.898587e-17,0.8,1.0,0.3089164197444916,-0.7552052,-0.032567594,0.9975238,-0.8,9.797174e-17,1.0,0.0554378367960453,-0.1162763,-0.7943182,0.9969122,-1.4695762e-16,-0.8,1.0,0.11645598709583282
1458,-0.00465909531340003,0,0.1940045803785324,inf,0.04645143,0.12297933,1.0034968,0.0,0.0,1.0,0.13150618970394135,1.0339584,-0.26195484,0.9982588,0.8,0.0,1.0,0.3512263000011444,-0.25371185,0.98396045,1.0010685,4.898587e-17,0.8,1.0,0.3133884072303772,-0.75502723,-0.032989126,0.9975199,-0.8,9.797174e-17,1.0,0.055829957127571106,-0.11789982,-0.7944229,0.99690896,-1.4695762e-16,-0.8,1.0,0.11807212233543396
1459,-0.004691096488386393,0,0.19669859111309052,inf,0.047202483,0.124769434,1.0035062,0.0,0.0,1.0,0.13344579935073853,1.036844,-0.26608986,0.9982591,0.8,0.0,1.0,0.35623297095298767,-0.25717205,0.9868631,1.0010717,4.898587e-17,0.8,1.0,0.31789371371269226,-0.7548531,-0.033414546,0.9975162,-0.8,9.797174e-17,1.0,0.056222252547740936,-0.119533196,-0.79453105,0.99690545,-1.4695762e-16,-0.8,1.0,0.11969824880361557
1460,-0.004723949823528528,0,0.19941145181655884,inf,0.047959752,0.12657402,1.0035156,0.0,0.0,1.0,0.1354011744260788,1.0397394,-0.27026162,0.9982596,0.8,0.0,1.0,0.3612746000289917,-0.2606561,0.98978907,1.0010748,4.898587e-17,0.8,1.0,0.32243236899375916,-0.7546829,-0.03384381,0.99751246,-0.8,9.797174e-17,1.0,0.056614771485328674,-0.12117646,-0.79464245,0.99690235,-1.4695762e-16,-0.8,1.0,0.12133438885211945
1461,-0.004756737034767866,0,0.20214314758777618,inf,0.04872312,0.12839304,1.0035248,0.0,0.0,1.0,0.13737225532531738,1.0426444,-0.2744702,0.99826,0.8,0.0,1.0,0.3663512170314789,-0.26416388,0.9927384,1.0010779,4.898587e-17,0.8,1.0,0.3270043134689331,-0.75451666,-0.03427699,0.9975089,-0.8,9.797174e-17,1.0,0.057007480412721634,-0.122829504,-0.79475725,0.99689895,-1.4695762e-16,-0.8,1.0,0.12298044562339783
1462,-0.004790437873452902,0,0.20489367842674255,inf,0.049492568,0.13022657,1.003534,0.0,0.0,1.0,0.13935911655426025,1.0455588,-0.27871567,0.9982607,0.8,0.0,1.0,0.37146276235580444,-0.26769546,0.9957111,1.001081,4.898587e-17,0.8,1.0,0.33160948753356934,-0.7543543,-0.03471403,0.9975052,-0.8,9.797174e-17,1.0,0.05740051344037056,-0.12449238,-0.7948754,0.99689597,-1.4695762e-16,-0.8,1.0,0.12463647127151489
1463,-0.0048240781761705875,0,0.20766296982765198,inf,0.050267994,0.13207455,1.0035428,0.0,0.0,1.0,0.14136162400245667,1.0484824,-0.282998,0.9982613,0.8,0.0,1.0,0.37660905718803406,-0.27125075,0.9987071,1.001084,4.898587e-17,0.8,1.0,0.33624792098999023,-0.7541959,-0.035155,0.9975017,-0.8,9.797174e-17,1.0,0.05779385566711426,-0.12616496,-0.79499704,0.9968927,-1.4695762e-16,-0.8,1.0,0.1263023465871811
1464,-0.004858586937189102,0,0.21045103669166565,inf,0.051049396,0.13393708,1.0035517,0.0,0.0,1.0,0.14337989687919617,1.051415,-0.28731728,0.9982621,0.8,0.0,1.0,0.3817901611328125,-0.27482978,1.0017264,1.0010868,4.898587e-17,0.8,1.0,0.34091952443122864,-0.7540416,-0.035599854,0.9974981,-0.8,9.797174e-17,1.0,0.05818748474121094,-0.12784728,-0.795122,0.99688977,-1.4695762e-16,-0.8,1.0,0.1279781013727188
1465,-0.004893043078482151,0,0.21325786411762238,inf,0.051836677,0.13581409,1.0035603,0.0,0.0,1.0,0.1454138308763504,1.0543565,-0.2916735,0.9982629,0.8,0.0,1.0,0.387006014585495,-0.2784325,1.004769,1.0010897,4.898587e-17,0.8,1.0,0.34562429785728455,-0.7538913,-0.036048654,0.99749464,-0.8,9.797174e-17,1.0,0.05858153849840164,-0.12953927,-0.7952506,0.9968866,-1.4695762e-16,-0.8,1.0,0.12966369092464447
1466,-0.0049283746629953384,0,0.21608348190784454,inf,0.052629832,0.13770568,1.0035689,0.0,0.0,1.0,0.14746353030204773,1.0573065,-0.29606673,0.99826384,0.8,0.0,1.0,0.392256498336792,-0.28205886,1.0078348,1.0010924,4.898587e-17,0.8,1.0,0.35036221146583557,-0.75374496,-0.03650136,0.9974911,-0.8,9.797174e-17,1.0,0.05897604301571846,-0.1312409,-0.79538256,0.9968838,-1.4695762e-16,-0.8,1.0,0.13135908544063568
1467,-0.004963197745382786,0,0.21892781555652618,inf,0.053428765,0.13961178,1.0035772,0.0,0.0,1.0,0.1495288610458374,1.0602651,-0.30049703,0.99826485,0.8,0.0,1.0,0.39754167199134827,-0.2857089,1.0109239,1.001095,4.898587e-17,0.8,1.0,0.3551332652568817,-0.75360274,-0.03695803,0.9974878,-0.8,9.797174e-17,1.0,0.0593709871172905,-0.13295214,-0.7955181,0.99688077,-1.4695762e-16,-0.8,1.0,0.13306422531604767
1468,-0.004999353084713221,0,0.22179079055786133,inf,0.05423347,0.14153251,1.0035856,0.0,0.0,1.0,0.15160995721817017,1.0632318,-0.3049643,0.99826586,0.8,0.0,1.0,0.4028612971305847,-0.28938237,1.014036,1.0010976,4.898587e-17,0.8,1.0,0.35993722081184387,-0.75346464,-0.03741863,0.9974843,-0.8,9.797174e-17,1.0,0.05976640433073044,-0.13467297,-0.7956572,0.996878,-1.4695762e-16,-0.8,1.0,0.13477914035320282
1469,-0.005034931935369968,0,0.22467248141765594,inf,0.05504385,0.14346777,1.0035936,0.0,0.0,1.0,0.15370666980743408,1.0662067,-0.30946875,0.99826705,0.8,0.0,1.0,0.4082155227661133,-0.2930793,1.0171715,1.0011002,4.898587e-17,0.8,1.0,0.36477407813072205,-0.7533307,-0.03788322,0.99748105,-0.8,9.797174e-17,1.0,0.060162343084812164,-0.13640329,-0.79579985,0.99687505,-1.4695762e-16,-0.8,1.0,0.13650371134281158
1470,-0.0050717745907604694,0,0.22757279872894287,inf,0.055859905,0.14541768,1.0036017,0.0,0.0,1.0,0.1558191329240799,1.0691894,-0.3140103,0.99826825,0.8,0.0,1.0,0.41360417008399963,-0.29679942,1.0203302,1.0011026,4.898587e-17,0.8,1.0,0.3696437478065491,-0.7532009,-0.03835175,0.99747765,-0.8,9.797174e-17,1.0,0.06055887043476105,-0.13814317,-0.79594606,0.9968724,-1.4695762e-16,-0.8,1.0,0.13823802769184113
1471,-0.0051078107208013535,0,0.23049168288707733,inf,0.05668153,0.14738217,1.0036094,0.0,0.0,1.0,0.15794722735881805,1.0721798,-0.318589,0.9982696,0.8,0.0,1.0,0.419027179479599,-0.3005428,1.023512,1.0011051,4.898587e-17,0.8,1.0,0.3745461404323578,-0.75307524,-0.03882429,0.9974745,-0.8,9.797174e-17,1.0,0.06095603108406067,-0.13989246,-0.79609597,0.99686956,-1.4695762e-16,-0.8,1.0,0.1399819254875183
1472,-0.005145573522895575,0,0.2334292232990265,inf,0.057508733,0.14936124,1.0036173,0.0,0.0,1.0,0.16009096801280975,1.0751778,-0.32320487,0.998271,0.8,0.0,1.0,0.42448461055755615,-0.30430925,1.0267168,1.0011073,4.898587e-17,0.8,1.0,0.3794810175895691,-0.75295377,-0.039300796,0.99747115,-0.8,9.797174e-17,1.0,0.06135386601090431,-0.14165123,-0.79624945,0.996867,-1.4695762e-16,-0.8,1.0,0.1417355090379715
1473,-0.005182300694286823,0,0.23638522624969482,inf,0.05834141,0.15135488,1.0036248,0.0,0.0,1.0,0.16225029528141022,1.0781829,-0.32785797,0.99827254,0.8,0.0,1.0,0.4299762547016144,-0.30809876,1.0299449,1.0011097,4.898587e-17,0.8,1.0,0.3844486176967621,-0.7528366,-0.03978133,0.99746805,-0.8,9.797174e-17,1.0,0.061752356588840485,-0.14341936,-0.7964067,0.99686426,-1.4695762e-16,-0.8,1.0,0.14349862933158875
1474,-0.005220756866037846,0,0.2393597811460495,inf,0.05917957,0.15336308,1.0036324,0.0,0.0,1.0,0.16442520916461945,1.0811954,-0.3325483,0.99827415,0.8,0.0,1.0,0.43550220131874084,-0.31191114,1.0331961,1.0011119,4.898587e-17,0.8,1.0,0.3894485831260681,-0.75272363,-0.04026585,0.99746484,-0.8,9.797174e-17,1.0,0.062151603400707245,-0.14519688,-0.79656756,0.9968618,-1.4695762e-16,-0.8,1.0,0.14527134597301483
1475,-0.005258179735392332,0,0.24235281348228455,inf,0.060023107,0.15538585,1.0036396,0.0,0.0,1.0,0.16661567986011505,1.0842146,-0.33727592,0.9982759,0.8,0.0,1.0,0.4410622715950012,-0.31574643,1.0364703,1.0011141,4.898587e-17,0.8,1.0,0.39448097348213196,-0.752615,-0.04075442,0.99746174,-0.8,9.797174e-17,1.0,0.06255163997411728,-0.1469837,-0.7967321,0.99685913,-1.4695762e-16,-0.8,1.0,0.1470535695552826
1476,-0.005297338590025902,0,0.24536430835723877,inf,0.060872026,0.15742318,1.003647,0.0,0.0,1.0,0.16882169246673584,1.0872406,-0.34204078,0.9982776,0.8,0.0,1.0,0.4466564655303955,-0.31960446,1.0397675,1.0011162,4.898587e-17,0.8,1.0,0.3995456099510193,-0.7525106,-0.041247,0.9974586,-0.8,9.797174e-17,1.0,0.06295249611139297,-0.14877984,-0.7969005,0.9968568,-1.4695762e-16,-0.8,1.0,0.14884531497955322
1477,-0.0053354366682469845,0,0.24839425086975098,inf,0.06172622,0.15947506,1.0036539,0.0,0.0,1.0,0.17104318737983704,1.0902731,-0.34684297,0.9982795,0.8,0.0,1.0,0.4522847533226013,-0.3234852,1.043088,1.0011183,4.898587e-17,0.8,1.0,0.40464264154434204,-0.7524106,-0.041743647,0.99745554,-0.8,9.797174e-17,1.0,0.06335423141717911,-0.1505852,-0.79707265,0.9968542,-1.4695762e-16,-0.8,1.0,0.15064650774002075
1478,-0.005375085864216089,0,0.2514426112174988,inf,0.062585704,0.1615415,1.003661,0.0,0.0,1.0,0.17328020930290222,1.093312,-0.35168248,0.9982814,0.8,0.0,1.0,0.4579470157623291,-0.3273885,1.0464313,1.0011202,4.898587e-17,0.8,1.0,0.40977171063423157,-0.7523149,-0.042244326,0.99745244,-0.8,9.797174e-17,1.0,0.06375689059495926,-0.15239982,-0.79724854,0.996852,-1.4695762e-16,-0.8,1.0,0.15245716273784637
1479,-0.005413633771240711,0,0.2545093297958374,inf,0.063450366,0.1636225,1.0036678,0.0,0.0,1.0,0.17553268373012543,1.0963571,-0.35655934,0.9982835,0.8,0.0,1.0,0.46364322304725647,-0.33131436,1.0497977,1.0011224,4.898587e-17,0.8,1.0,0.41493290662765503,-0.7522236,-0.042749096,0.99744946,-0.8,9.797174e-17,1.0,0.0641605406999588,-0.15422359,-0.7974283,0.9968495,-1.4695762e-16,-0.8,1.0,0.15427720546722412
1480,-0.005453838966786861,0,0.25759437680244446,inf,0.06432023,0.16571805,1.0036749,0.0,0.0,1.0,0.17780064046382904,1.0994083,-0.3614734,0.99828553,0.8,0.0,1.0,0.46937328577041626,-0.33526263,1.0531869,1.0011241,4.898587e-17,0.8,1.0,0.4201260507106781,-0.75213677,-0.04325792,0.9974464,-0.8,9.797174e-17,1.0,0.06456515192985535,-0.15605655,-0.7976119,0.9968474,-1.4695762e-16,-0.8,1.0,0.15610666573047638
1481,-0.005492943339049816,0,0.26069772243499756,inf,0.06519516,0.16782811,1.0036813,0.0,0.0,1.0,0.1800839602947235,1.1024652,-0.36642486,0.99828774,0.8,0.0,1.0,0.4751371145248413,-0.3392333,1.0565993,1.0011262,4.898587e-17,0.8,1.0,0.42535126209259033,-0.7520543,-0.043770853,0.99744344,-0.8,9.797174e-17,1.0,0.06497089564800262,-0.15789859,-0.7977994,0.996845,-1.4695762e-16,-0.8,1.0,0.1579454392194748
1482,-0.005533706396818161,0,0.2638193666934967,inf,0.06607519,0.16995274,1.0036881,0.0,0.0,1.0,0.182382732629776,1.1055278,-0.3714135,0.9982899,0.8,0.0,1.0,0.48093461990356445,-0.3432262,1.0600345,1.0011278,4.898587e-17,0.8,1.0,0.43060821294784546,-0.7519763,-0.044287864,0.99744046,-0.8,9.797174e-17,1.0,0.06537768989801407,-0.15974976,-0.7979908,0.996843,-1.4695762e-16,-0.8,1.0,0.15979358553886414
1483,-0.00557337049394846,0,0.2669592499732971,inf,0.0669602,0.17209187,1.0036944,0.0,0.0,1.0,0.18469685316085815,1.1085958,-0.37643945,0.99829227,0.8,0.0,1.0,0.4867658317089081,-0.34724134,1.0634927,1.0011297,4.898587e-17,0.8,1.0,0.43589702248573303,-0.7519028,-0.044809006,0.99743754,-0.8,9.797174e-17,1.0,0.06578566133975983,-0.16160993,-0.7981861,0.99684066,-1.4695762e-16,-0.8,1.0,0.16165098547935486
1484,-0.005614623427391052,0,0.2701173722743988,inf,0.06785021,0.17424555,1.0037011,0.0,0.0,1.0,0.18702636659145355,1.1116692,-0.38150254,0.9982946,0.8,0.0,1.0,0.4926304519176483,-0.3512785,1.0669738,1.0011314,4.898587e-17,0.8,1.0,0.4412175118923187,-0.7518338,-0.04533425,0.99743456,-0.8,9.797174e-17,1.0,0.06619486212730408,-0.16347915,-0.7983854,0.99683875,-1.4695762e-16,-0.8,1.0,0.16351768374443054
1485,-0.005654776468873024,0,0.273293673992157,inf,0.0687451,0.17641374,1.0037072,0.0,0.0,1.0,0.18937116861343384,1.1147478,-0.38660294,0.9982971,0.8,0.0,1.0,0.49852871894836426,-0.3553378,1.0704777,1.0011332,4.898587e-17,0.8,1.0,0.44656962156295776,-0.7517693,-0.045863647,0.99743176,-0.8,9.797174e-17,1.0,0.0666053369641304,-0.1653573,-0.7985886,0.99683654,-1.4695762e-16,-0.8,1.0,0.16539359092712402
1486,-0.005696593318134546,0,0.27648812532424927,inf,0.06964489,0.17859647,1.0037136,0.0,0.0,1.0,0.1917313188314438,1.1178312,-0.39174044,0.99829954,0.8,0.0,1.0,0.5044602751731873,-0.35941896,1.0740045,1.0011348,4.898587e-17,0.8,1.0,0.4519532322883606,-0.7517094,-0.046397164,0.99742883,-0.8,9.797174e-17,1.0,0.0670170933008194,-0.16724445,-0.79879576,0.9968347,-1.4695762e-16,-0.8,1.0,0.1672787368297577
1487,-0.005737311206758022,0,0.27970072627067566,inf,0.070549466,0.18079369,1.0037196,0.0,0.0,1.0,0.19410672783851624,1.1209196,-0.39691517,0.99830216,0.8,0.0,1.0,0.5104252696037292,-0.36352202,1.0775542,1.0011365,4.898587e-17,0.8,1.0,0.4573684632778168,-0.7516541,-0.04693486,0.99742603,-0.8,9.797174e-17,1.0,0.06743022054433823,-0.16914044,-0.7990069,0.9968326,-1.4695762e-16,-0.8,1.0,0.16917301714420319
1488,-0.0057796938344836235,0,0.282931387424469,inf,0.07145884,0.18300542,1.0037259,0.0,0.0,1.0,0.19649741053581238,1.1240125,-0.402127,0.9983047,0.8,0.0,1.0,0.5164233446121216,-0.3676468,1.0811268,1.001138,4.898587e-17,0.8,1.0,0.4628150463104248,-0.75160336,-0.0474767,0.9974233,-0.8,9.797174e-17,1.0,0.06784476339817047,-0.17104533,-0.79922193,0.9968309,-1.4695762e-16,-0.8,1.0,0.1710764616727829
1489,-0.005820979364216328,0,0.28618016839027405,inf,0.072372906,0.18523166,1.0037316,0.0,0.0,1.0,0.19890330731868744,1.1271099,-0.407376,0.99830747,0.8,0.0,1.0,0.5224547386169434,-0.37179336,1.084722,1.0011396,4.898587e-17,0.8,1.0,0.46829289197921753,-0.7515573,-0.048022743,0.99742055,-0.8,9.797174e-17,1.0,0.06826078146696091,-0.172959,-0.79944104,0.99682885,-1.4695762e-16,-0.8,1.0,0.17298896610736847
1490,-0.005863931030035019,0,0.2894468903541565,inf,0.07329168,0.18747242,1.0037378,0.0,0.0,1.0,0.2013244926929474,1.1302115,-0.412662,0.99831015,0.8,0.0,1.0,0.5285190343856812,-0.37596145,1.0883402,1.0011411,4.898587e-17,0.8,1.0,0.47380203008651733,-0.75151587,-0.04857295,0.99741787,-0.8,9.797174e-17,1.0,0.06867831945419312,-0.17488149,-0.799664,0.9968272,-1.4695762e-16,-0.8,1.0,0.17491059005260468
1491,-0.0059057860635221004,0,0.29273170232772827,inf,0.07421505,0.18972765,1.0037435,0.0,0.0,1.0,0.20376081764698029,1.1333174,-0.41798514,0.998313,0.8,0.0,1.0,0.5346165299415588,-0.38015115,1.091981,1.0011427,4.898587e-17,0.8,1.0,0.47934240102767944,-0.7514791,-0.04912738,0.9974152,-0.8,9.797174e-17,1.0,0.06909747421741486,-0.17681268,-0.799891,0.9968253,-1.4695762e-16,-0.8,1.0,0.17684121429920197
1492,-0.005949309095740318,0,0.29603442549705505,inf,0.075143024,0.1919974,1.0037497,0.0,0.0,1.0,0.2062123566865921,1.136427,-0.4233453,0.99831575,0.8,0.0,1.0,0.5407469272613525,-0.38436225,1.0956446,1.001144,4.898587e-17,0.8,1.0,0.48491376638412476,-0.7514471,-0.049686003,0.9974126,-0.8,9.797174e-17,1.0,0.06951820105314255,-0.17875262,-0.8001219,0.99682367,-1.4695762e-16,-0.8,1.0,0.17878086864948273
1493,-0.005991736426949501,0,0.2993551194667816,inf,0.07607549,0.19428161,1.0037553,0.0,0.0,1.0,0.20867900550365448,1.1395406,-0.4287425,0.9983187,0.8,0.0,1.0,0.5469101667404175,-0.38859475,1.099331,1.0011457,4.898587e-17,0.8,1.0,0.4905163049697876,-0.7514198,-0.050248876,0.99741006,-0.8,9.797174e-17,1.0,0.06994065642356873,-0.18070118,-0.8003568,0.99682176,-1.4695762e-16,-0.8,1.0,0.18072949349880219
1494,-0.006035832222551107,0,0.3026936948299408,inf,0.07701247,0.19658034,1.0037614,0.0,0.0,1.0,0.2111608386039734,1.1426576,-0.43417665,0.99832153,0.8,0.0,1.0,0.5531061887741089,-0.39284846,1.10304,1.001147,4.898587e-17,0.8,1.0,0.49614962935447693,-0.7513972,-0.05081596,0.99740756,-0.8,9.797174e-17,1.0,0.07036488503217697,-0.1826584,-0.8005957,0.9968203,-1.4695762e-16,-0.8,1.0,0.18268704414367676
1495,-0.006078833248466253,0,0.306050181388855,inf,0.077953845,0.1988935,1.0037669,0.0,0.0,1.0,0.2136577069759369,1.1457781,-0.4396478,0.99832463,0.8,0.0,1.0,0.5593348145484924,-0.39712346,1.1067717,1.0011486,4.898587e-17,0.8,1.0,0.5018139481544495,-0.75137943,-0.051387314,0.99740505,-0.8,9.797174e-17,1.0,0.07079089432954788,-0.18462418,-0.80083853,0.9968185,-1.4695762e-16,-0.8,1.0,0.18465350568294525
1496,-0.006123505532741547,0,0.309424489736557,inf,0.07889963,0.20122117,1.003773,0.0,0.0,1.0,0.21616971492767334,1.1489018,-0.44515583,0.99832755,0.8,0.0,1.0,0.5655961632728577,-0.40141952,1.1105261,1.0011499,4.898587e-17,0.8,1.0,0.5075089931488037,-0.75136644,-0.051962905,0.9974026,-0.8,9.797174e-17,1.0,0.07121878117322922,-0.18659854,-0.80108535,0.99681705,-1.4695762e-16,-0.8,1.0,0.18662884831428528
1497,-0.006167083978652954,0,0.3128166198730469,inf,0.07984972,0.20356327,1.0037783,0.0,0.0,1.0,0.218696728348732,1.1520287,-0.45070082,0.9983307,0.8,0.0,1.0,0.5718900561332703,-0.40573665,1.1143032,1.0011514,4.898587e-17,0.8,1.0,0.5132349133491516,-0.75135833,-0.052542794,0.9974002,-0.8,9.797174e-17,1.0,0.07164856791496277,-0.18858136,-0.80133617,0.9968153,-1.4695762e-16,-0.8,1.0,0.18861298263072968
1498,-0.006212356500327587,0,0.3162265419960022,inf,0.080804124,0.20591986,1.0037843,0.0,0.0,1.0,0.22123882174491882,1.1551584,-0.45628262,0.9983338,0.8,0.0,1.0,0.5782163143157959,-0.41007468,1.1181028,1.0011528,4.898587e-17,0.8,1.0,0.5189912915229797,-0.75135505,-0.053126942,0.9973979,-0.8,9.797174e-17,1.0,0.0720803365111351,-0.19057271,-0.8015909,0.99681395,-1.4695762e-16,-0.8,1.0,0.19060596823692322
1499,-0.00625660689547658,0,0.31965428590774536,inf,0.08176274,0.20829089,1.0037897,0.0,0.0,1.0,0.22379589080810547,1.158291,-0.4619013,0.99833703,0.8,0.0,1.0,0.5845750570297241,-0.41443366,1.1219251,1.0011542,4.898587e-17,0.8,1.0,0.5247783660888672,-0.7513566,-0.053715408,0.9973956,-0.8,9.797174e-17,1.0,0.07251419872045517,-0.19257244,-0.80184966,0.99681234,-1.4695762e-16,-0.8,1.0,0.19260771572589874
1500,-0.006302528083324432,0,0.32309967279434204,inf,0.08272559,0.21067639,1.0037955,0.0,0.0,1.0,0.2263679951429367,1.1614261,-0.46755674,0.99834025,0.8,0.0,1.0,0.5909660458564758,-0.41881335,1.1257699,1.0011554,4.898587e-17,0.8,1.0,0.5305958390235901,-0.7513631,-0.054308165,0.99739337,-0.8,9.797174e-17,1.0,0.07295012474060059,-0.19458061,-0.80211234,0.99681103,-1.4695762e-16,-0.8,1.0,0.19461821019649506
1501,-0.006347360089421272,0,0.326562762260437,inf,0.08369257,0.2130763,1.0038007,0.0,0.0,1.0,0.22895501554012299,1.1645635,-0.473249,0.9983436,0.8,0.0,1.0,0.5973892211914062,-0.4232138,1.1296374,1.0011569,4.898587e-17,0.8,1.0,0.5364438891410828,-0.75137454,-0.054905258,0.9973911,-0.8,9.797174e-17,1.0,0.07338821142911911,-0.19659711,-0.8023791,0.9968095,-1.4695762e-16,-0.8,1.0,0.19663740694522858
1502,-0.006393864750862122,0,0.3300434947013855,inf,0.08466371,0.21549068,1.0038065,0.0,0.0,1.0,0.23155704140663147,1.1677032,-0.47897795,0.99834687,0.8,0.0,1.0,0.6038445234298706,-0.4276348,1.1335274,1.001158,4.898587e-17,0.8,1.0,0.5423222184181213,-0.7513909,-0.055506665,0.99738896,-0.8,9.797174e-17,1.0,0.0738285556435585,-0.19862196,-0.80264974,0.9968083,-1.4695762e-16,-0.8,1.0,0.19866527616977692
1503,-0.006439280230551958,0,0.33354195952415466,inf,0.0856389,0.21791947,1.0038117,0.0,0.0,1.0,0.2341739684343338,1.170845,-0.48474365,0.9983503,0.8,0.0,1.0,0.6103320121765137,-0.43207642,1.1374401,1.0011594,4.898587e-17,0.8,1.0,0.5482309460639954,-0.7514122,-0.056112442,0.9973868,-0.8,9.797174e-17,1.0,0.07427118718624115,-0.20065504,-0.8029244,0.99680686,-1.4695762e-16,-0.8,1.0,0.2007017582654953
1504,-0.006486369296908379,0,0.33705800771713257,inf,0.08661818,0.22036272,1.0038173,0.0,0.0,1.0,0.23680585622787476,1.1739887,-0.49054596,0.9983537,0.8,0.0,1.0,0.6168513298034668,-0.43653846,1.1413753,1.0011605,4.898587e-17,0.8,1.0,0.5541698932647705,-0.75143856,-0.05672255,0.9973848,-0.8,9.797174e-17,1.0,0.07471614331007004,-0.20269641,-0.80320305,0.9968057,-1.4695762e-16,-0.8,1.0,0.20274688303470612
1505,-0.0065323710441589355,0,0.3405917286872864,inf,0.087601416,0.22282037,1.0038224,0.0,0.0,1.0,0.23945258557796478,1.177134,-0.49638495,0.99835736,0.8,0.0,1.0,0.6234025955200195,-0.4410209,1.1453333,1.0011618,4.898587e-17,0.8,1.0,0.5601391196250916,-0.7514699,-0.057337053,0.99738264,-0.8,9.797174e-17,1.0,0.07516354322433472,-0.20474595,-0.80348575,0.99680436,-1.4695762e-16,-0.8,1.0,0.2048005610704422
1506,-0.006580098066478968,0,0.3441428542137146,inf,0.08858866,0.22529247,1.003828,0.0,0.0,1.0,0.24211424589157104,1.1802809,-0.50226045,0.9983609,0.8,0.0,1.0,0.6299855709075928,-0.4455236,1.1493137,1.0011629,4.898587e-17,0.8,1.0,0.5661383867263794,-0.7515063,-0.057955913,0.99738073,-0.8,9.797174e-17,1.0,0.07561339437961578,-0.20680368,-0.80377233,0.99680334,-1.4695762e-16,-0.8,1.0,0.20686279237270355
1507,-0.0066267880611121655,0,0.34771162271499634,inf,0.08957981,0.22777897,1.003833,0.0,0.0,1.0,0.244790717959404,1.1834294,-0.5081726,0.99836457,0.8,0.0,1.0,0.6366004347801208,-0.45004657,1.1533169,1.0011642,4.898587e-17,0.8,1.0,0.5721678137779236,-0.7515478,-0.05857919,0.9973787,-0.8,9.797174e-17,1.0,0.07606581598520279,-0.2088695,-0.80406296,0.99680203,-1.4695762e-16,-0.8,1.0,0.208933487534523
1508,-0.006675397977232933,0,0.35129791498184204,inf,0.09057492,0.23027991,1.0038385,0.0,0.0,1.0,0.2474820911884308,1.1865789,-0.5141212,0.99836814,0.8,0.0,1.0,0.6432467699050903,-0.4545896,1.1573426,1.0011652,4.898587e-17,0.8,1.0,0.5782272815704346,-0.75159436,-0.05920686,0.9973768,-0.8,9.797174e-17,1.0,0.07652084529399872,-0.21094345,-0.8043576,0.9968011,-1.4695762e-16,-0.8,1.0,0.21101269125938416
1509,-0.006722961086779833,0,0.3549017310142517,inf,0.09157389,0.23279522,1.0038434,0.0,0.0,1.0,0.25018826127052307,1.1897296,-0.52010626,0.9983719,0.8,0.0,1.0,0.6499248147010803,-0.45915276,1.161391,1.0011665,4.898587e-17,0.8,1.0,0.5843167304992676,-0.75164604,-0.059838966,0.9973749,-0.8,9.797174e-17,1.0,0.07697856426239014,-0.2130254,-0.8046562,0.9967999,-1.4695762e-16,-0.8,1.0,0.21310031414031982
1510,-0.00677220243960619,0,0.35852301120758057,inf,0.092576765,0.23532498,1.0038489,0.0,0.0,1.0,0.2529093027114868,1.1928811,-0.52612776,0.99837554,0.8,0.0,1.0,0.6566343307495117,-0.46373585,1.1654619,1.0011674,4.898587e-17,0.8,1.0,0.5904360413551331,-0.7517029,-0.060475484,0.9973731,-0.8,9.797174e-17,1.0,0.07743898034095764,-0.21511541,-0.8049588,0.996799,-1.4695762e-16,-0.8,1.0,0.2151963710784912
1511,-0.006820359732955694,0,0.3621617257595062,inf,0.093583465,0.23786911,1.0038538,0.0,0.0,1.0,0.25564512610435486,1.1960334,-0.53218573,0.99837935,0.8,0.0,1.0,0.6633752584457397,-0.46833885,1.1695555,1.0011686,4.898587e-17,0.8,1.0,0.596585214138031,-0.7517649,-0.06111647,0.99737126,-0.8,9.797174e-17,1.0,0.07790224254131317,-0.21721336,-0.8052655,0.9967978,-1.4695762e-16,-0.8,1.0,0.21730077266693115
1512,-0.006870196666568518,0,0.3658178746700287,inf,0.094594024,0.24042767,1.0038593,0.0,0.0,1.0,0.258395791053772,1.1991863,-0.53828007,0.99838305,0.8,0.0,1.0,0.6701475381851196,-0.47296163,1.1736717,1.0011694,4.898587e-17,0.8,1.0,0.6027641296386719,-0.75183207,-0.06176189,0.9973696,-0.8,9.797174e-17,1.0,0.07836836576461792,-0.21931927,-0.8055761,0.996797,-1.4695762e-16,-0.8,1.0,0.21941351890563965
1513,-0.006918952334672213,0,0.36949148774147034,inf,0.09560836,0.24300061,1.0038642,0.0,0.0,1.0,0.2611612379550934,1.2023398,-0.54441077,0.9983869,0.8,0.0,1.0,0.6769512295722961,-0.47760418,1.1778107,1.0011706,4.898587e-17,0.8,1.0,0.6089729070663452,-0.7519044,-0.062411807,0.9973678,-0.8,9.797174e-17,1.0,0.07883747667074203,-0.22143304,-0.80589074,0.9967959,-1.4695762e-16,-0.8,1.0,0.22153455018997192
1514,-0.0069693876430392265,0,0.373182475566864,inf,0.09662652,0.24558797,1.0038695,0.0,0.0,1.0,0.2639414966106415,1.2054935,-0.5505777,0.9983907,0.8,0.0,1.0,0.6837860345840454,-0.4822663,1.1819721,1.0011715,4.898587e-17,0.8,1.0,0.6152112483978271,-0.7519821,-0.063066185,0.99736625,-0.8,9.797174e-17,1.0,0.07930952310562134,-0.22355472,-0.8062094,0.9967952,-1.4695762e-16,-0.8,1.0,0.22366389632225037
1515,-0.007018743082880974,0,0.3768908381462097,inf,0.097648405,0.2481897,1.0038743,0.0,0.0,1.0,0.2667364776134491,1.2086474,-0.55678105,0.9983946,0.8,0.0,1.0,0.6906521320343018,-0.48694807,1.1861563,1.0011727,4.898587e-17,0.8,1.0,0.6214792728424072,-0.75206494,-0.063725084,0.9973646,-0.8,9.797174e-17,1.0,0.07978472858667374,-0.22568418,-0.806532,0.99679416,-1.4695762e-16,-0.8,1.0,0.22580145299434662
1516,-0.007069780025631189,0,0.3806164860725403,inf,0.09867407,0.25080585,1.0038797,0.0,0.0,1.0,0.2695463001728058,1.2118012,-0.5630205,0.9983984,0.8,0.0,1.0,0.6975491642951965,-0.49164927,1.1903629,1.0011734,4.898587e-17,0.8,1.0,0.6277766823768616,-0.7521531,-0.06438847,0.9973631,-0.8,9.797174e-17,1.0,0.08026304095983505,-0.22782145,-0.80685866,0.9967935,-1.4695762e-16,-0.8,1.0,0.22794722020626068
1517,-0.0071197375655174255,0,0.3843595087528229,inf,0.0997034,0.25343636,1.0038844,0.0,0.0,1.0,0.2723707854747772,1.2149549,-0.56929624,0.9984025,0.8,0.0,1.0,0.7044773101806641,-0.4963699,1.1945924,1.0011744,4.898587e-17,0.8,1.0,0.6341037750244141,-0.7522466,-0.065056406,0.99736154,-0.8,9.797174e-17,1.0,0.08074456453323364,-0.22996643,-0.80718935,0.99679255,-1.4695762e-16,-0.8,1.0,0.23010113835334778
1518,-0.0071713789366185665,0,0.3881198763847351,inf,0.10073648,0.25608125,1.0038897,0.0,0.0,1.0,0.27521005272865295,1.2181083,-0.5756081,0.9984064,0.8,0.0,1.0,0.7114364504814148,-0.5011098,1.1988443,1.0011752,4.898587e-17,0.8,1.0,0.6404601335525513,-0.7523454,-0.06572886,0.9973602,-0.8,9.797174e-17,1.0,0.08122939616441727,-0.23211916,-0.807524,0.996792,-1.4695762e-16,-0.8,1.0,0.2322632223367691
1519,-0.00722194230183959,0,0.3918974995613098,inf,0.10177319,0.2587405,1.0038943,0.0,0.0,1.0,0.2780640423297882,1.2212613,-0.58195615,0.9984105,0.8,0.0,1.0,0.7184264063835144,-0.505869,1.203119,1.0011761,4.898587e-17,0.8,1.0,0.6468459963798523,-0.7524496,-0.06640588,0.9973588,-0.8,9.797174e-17,1.0,0.08171756565570831,-0.23427951,-0.80786276,0.9967912,-1.4695762e-16,-0.8,1.0,0.2344333678483963
1520,-0.007274115923792124,0,0.395692378282547,inf,0.10281358,0.26141417,1.0038996,0.0,0.0,1.0,0.280932754278183,1.2244136,-0.5883402,0.9984145,0.8,0.0,1.0,0.7254472374916077,-0.5106473,1.2074163,1.0011767,4.898587e-17,0.8,1.0,0.653261125087738,-0.75255907,-0.06708744,0.99735767,-0.8,9.797174e-17,1.0,0.08220918476581573,-0.23644753,-0.8082055,0.9967907,-1.4695762e-16,-0.8,1.0,0.23661163449287415
1521,-0.007325211074203253,0,0.39950451254844666,inf,0.10385756,0.2641022,1.0039041,0.0,0.0,1.0,0.2838161289691925,1.2275652,-0.5947604,0.99841875,0.8,0.0,1.0,0.7324987053871155,-0.5154447,1.2117362,1.0011777,4.898587e-17,0.8,1.0,0.6597054600715637,-0.752674,-0.0677736,0.99735636,-0.8,9.797174e-17,1.0,0.08270430564880371,-0.23862311,-0.80855227,0.99678993,-1.4695762e-16,-0.8,1.0,0.23879790306091309
1522,-0.007377992384135723,0,0.403333842754364,inf,0.10490519,0.26680458,1.0039092,0.0,0.0,1.0,0.28671425580978394,1.2307159,-0.6012165,0.99842286,0.8,0.0,1.0,0.7395808696746826,-0.52026105,1.2160788,1.0011781,4.898587e-17,0.8,1.0,0.6661790013313293,-0.75279427,-0.06846432,0.9973554,-0.8,9.797174e-17,1.0,0.08320300281047821,-0.24080628,-0.80890304,0.9967896,-1.4695762e-16,-0.8,1.0,0.24099218845367432
1523,-0.0074296980164945126,0,0.40718045830726624,inf,0.10595635,0.26952133,1.0039138,0.0,0.0,1.0,0.2896270155906677,1.2338654,-0.6077087,0.99842715,0.8,0.0,1.0,0.7466937303543091,-0.52509636,1.220444,1.001179,4.898587e-17,0.8,1.0,0.6726817488670349,-0.7529199,-0.06915963,0.9973542,-0.8,9.797174e-17,1.0,0.08370538055896759,-0.24299693,-0.80925786,0.99678886,-1.4695762e-16,-0.8,1.0,0.24319443106651306
1524,-0.007483089808374643,0,0.4110442101955414,inf,0.107011124,0.27225244,1.0039188,0.0,0.0,1.0,0.29255449771881104,1.2370138,-0.61423665,0.9984314,0.8,0.0,1.0,0.7538369297981262,-0.52995044,1.2248317,1.0011795,4.898587e-17,0.8,1.0,0.6792134046554565,-0.7530509,-0.06985952,0.9973534,-0.8,9.797174e-17,1.0,0.08421148359775543,-0.2451951,-0.8096167,0.9967886,-1.4695762e-16,-0.8,1.0,0.24540463089942932
1525,-0.00753540825098753,0,0.41492509841918945,inf,0.10806939,0.27499786,1.0039233,0.0,0.0,1.0,0.29549655318260193,1.2401608,-0.6208006,0.9984358,0.8,0.0,1.0,0.7610107660293579,-0.5348233,1.2292422,1.0011802,4.898587e-17,0.8,1.0,0.6857741475105286,-0.7531873,-0.07056402,0.99735236,-0.8,9.797174e-17,1.0,0.08472143113613129,-0.24740067,-0.8099796,0.996788,-1.4695762e-16,-0.8,1.0,0.24762269854545593
1526,-0.007589413318783045,0,0.4188231825828552,inf,0.1091312,0.2777577,1.0039282,0.0,0.0,1.0,0.29845333099365234,1.2433063,-0.62740034,0.9984401,0.8,0.0,1.0,0.7682148218154907,-0.5397148,1.2336752,1.0011806,4.898587e-17,0.8,1.0,0.6923638582229614,-0.75332904,-0.071273096,0.9973516,-0.8,9.797174e-17,1.0,0.08523525297641754,-0.24961367,-0.8103465,0.9967878,-1.4695762e-16,-0.8,1.0,0.24984866380691528
1527,-0.007642345502972603,0,0.4227384030818939,inf,0.11019647,0.28053182,1.0039325,0.0,0.0,1.0,0.30142468214035034,1.2464501,-0.6340359,0.99844456,0.8,0.0,1.0,0.775449275970459,-0.544625,1.238131,1.0011812,4.898587e-17,0.8,1.0,0.6989825367927551,-0.75347614,-0.0719868,0.99735063,-0.8,9.797174e-17,1.0,0.08575306832790375,-0.251834,-0.81071746,0.9967873,-1.4695762e-16,-0.8,1.0,0.2520824074745178
1528,-0.007697087246924639,0,0.426670640707016,inf,0.11126525,0.28332034,1.0039374,0.0,0.0,1.0,0.3044106960296631,1.2495921,-0.64070714,0.9984489,0.8,0.0,1.0,0.7827138900756836,-0.5495536,1.2426094,1.0011816,4.898587e-17,0.8,1.0,0.7056299448013306,-0.7536286,-0.072705105,0.9973499,-0.8,9.797174e-17,1.0,0.08627492189407349,-0.2540617,-0.81109244,0.99678713,-1.4695762e-16,-0.8,1.0,0.2543240189552307
1529,-0.007750756572932005,0,0.43062010407447815,inf,0.112337455,0.28612316,1.0039415,0.0,0.0,1.0,0.3074112832546234,1.252732,-0.64741415,0.99845344,0.8,0.0,1.0,0.7900087237358093,-0.55450064,1.2471104,1.0011823,4.898587e-17,0.8,1.0,0.7123061418533325,-0.75378644,-0.073428035,0.997349,-0.8,9.797174e-17,1.0,0.08680091053247452,-0.2562967,-0.8114715,0.9967867,-1.4695762e-16,-0.8,1.0,0.2565734088420868
1530,-0.007806115783751011,0,0.4345865249633789,inf,0.11341317,0.28894034,1.0039463,0.0,0.0,1.0,0.3104265332221985,1.2558699,-0.6541567,0.9984579,0.8,0.0,1.0,0.7973334789276123,-0.55946594,1.251634,1.0011826,4.898587e-17,0.8,1.0,0.7190109491348267,-0.75394964,-0.074155584,0.9973484,-0.8,9.797174e-17,1.0,0.08733108639717102,-0.25853896,-0.81185454,0.99678665,-1.4695762e-16,-0.8,1.0,0.25883054733276367
1531,-0.007860401645302773,0,0.4385700821876526,inf,0.11449233,0.29177183,1.0039504,0.0,0.0,1.0,0.31345638632774353,1.2590055,-0.6609349,0.9984625,0.8,0.0,1.0,0.8046884536743164,-0.5644496,1.2561803,1.0011832,4.898587e-17,0.8,1.0,0.7257446050643921,-0.7541182,-0.074887775,0.9973476,-0.8,9.797174e-17,1.0,0.08786554634571075,-0.2607885,-0.8122417,0.99678636,-1.4695762e-16,-0.8,1.0,0.26109543442726135
1532,-0.007916378788650036,0,0.44257062673568726,inf,0.115574986,0.2946177,1.0039549,0.0,0.0,1.0,0.31650087237358093,1.2621387,-0.6677487,0.998467,0.8,0.0,1.0,0.8120731711387634,-0.5694514,1.2607491,1.0011834,4.898587e-17,0.8,1.0,0.7325066924095154,-0.7542921,-0.075624585,0.99734706,-0.8,9.797174e-17,1.0,0.08840436488389969,-0.26304528,-0.81263286,0.9967863,-1.4695762e-16,-0.8,1.0,0.26336807012557983
1533,-0.007971629500389099,0,0.44658827781677246,inf,0.11666109,0.29747787,1.003959,0.0,0.0,1.0,0.3195599615573883,1.2652693,-0.6745979,0.99847174,0.8,0.0,1.0,0.8194877505302429,-0.57447135,1.2653407,1.0011839,4.898587e-17,0.8,1.0,0.7392974495887756,-0.7544713,-0.07636605,0.9973463,-0.8,9.797174e-17,1.0,0.08894762396812439,-0.26530927,-0.81302804,0.99678606,-1.4695762e-16,-0.8,1.0,0.26564839482307434
1534,-0.008027659729123116,0,0.4506228566169739,inf,0.11775069,0.30035236,1.0039632,0.0,0.0,1.0,0.32263365387916565,1.2683973,-0.6814827,0.9984763,0.8,0.0,1.0,0.8269323110580444,-0.57950926,1.2699549,1.0011841,4.898587e-17,0.8,1.0,0.7461166381835938,-0.7546559,-0.07711215,0.9973457,-0.8,9.797174e-17,1.0,0.08949535340070724,-0.2675805,-0.81342727,0.9967861,-1.4695762e-16,-0.8,1.0,0.26793643832206726
1535,-0.008083535358309746,0,0.45467454195022583,inf,0.11884375,0.30324125,1.0039676,0.0,0.0,1.0,0.3257220387458801,1.2715225,-0.6884028,0.998481,0.8,0.0,1.0,0.8344064950942993,-0.58456516,1.2745917,1.0011847,4.898587e-17,0.8,1.0,0.7529642581939697,-0.7548458,-0.077862926,0.997345,-0.8,9.797174e-17,1.0,0.0900476947426796,-0.2698589,-0.8138305,0.99678594,-1.4695762e-16,-0.8,1.0,0.2702321708202362
1536,-0.008140642195940018,0,0.458743155002594,inf,0.1199403,0.30614442,1.0039717,0.0,0.0,1.0,0.3288249671459198,1.2746449,-0.6953581,0.9984857,0.8,0.0,1.0,0.8419102430343628,-0.589639,1.2792512,1.001185,4.898587e-17,0.8,1.0,0.7598403096199036,-0.75504106,-0.07861834,0.99734443,-0.8,9.797174e-17,1.0,0.09060464799404144,-0.27214444,-0.81423783,0.9967858,-1.4695762e-16,-0.8,1.0,0.2725355923175812
1537,-0.00819714181125164,0,0.46282872557640076,inf,0.121040314,0.3090619,1.0039756,0.0,0.0,1.0,0.33194249868392944,1.2777642,-0.7023486,0.9984905,0.8,0.0,1.0,0.8494436144828796,-0.5947308,1.2839333,1.0011853,4.898587e-17,0.8,1.0,0.7667447924613953,-0.7552417,-0.07937845,0.99734396,-0.8,9.797174e-17,1.0,0.09116633236408234,-0.27443713,-0.81464916,0.9967858,-1.4695762e-16,-0.8,1.0,0.2748466432094574
1538,-0.00825442373752594,0,0.4669313430786133,inf,0.12214382,0.31199375,1.0039796,0.0,0.0,1.0,0.33507469296455383,1.2808803,-0.7093742,0.9984953,0.8,0.0,1.0,0.8570063710212708,-0.59984046,1.288638,1.0011855,4.898587e-17,0.8,1.0,0.7736776471138,-0.7554477,-0.0801432,0.99734336,-0.8,9.797174e-17,1.0,0.09173276275396347,-0.27673694,-0.8150645,0.99678594,-1.4695762e-16,-0.8,1.0,0.2771652936935425
1539,-0.00831178855150938,0,0.4710509181022644,inf,0.1232508,0.31493992,1.0039837,0.0,0.0,1.0,0.3382214903831482,1.2839934,-0.71643484,0.99850005,0.8,0.0,1.0,0.8645985722541809,-0.6049679,1.2933654,1.0011859,4.898587e-17,0.8,1.0,0.7806388139724731,-0.755659,-0.08091266,0.9973429,-0.8,9.797174e-17,1.0,0.09230408817529678,-0.27904385,-0.8154839,0.99678594,-1.4695762e-16,-0.8,1.0,0.2794916033744812
1540,-0.008370396681129932,0,0.47518736124038696,inf,0.12436127,0.3179004,1.0039876,0.0,0.0,1.0,0.3413828909397125,1.2871028,-0.72353035,0.99850494,0.8,0.0,1.0,0.8722199201583862,-0.61011314,1.2981153,1.0011863,4.898587e-17,0.8,1.0,0.7876282930374146,-0.7558756,-0.08168677,0.9973424,-0.8,9.797174e-17,1.0,0.09288033843040466,-0.28135785,-0.81590736,0.996786,-1.4695762e-16,-0.8,1.0,0.2818254828453064
1541,-0.008428400382399559,0,0.4793407917022705,inf,0.1254752,0.3208752,1.0039911,0.0,0.0,1.0,0.3445589244365692,1.2902088,-0.73066074,0.9985098,0.8,0.0,1.0,0.8798704743385315,-0.61527616,1.3028879,1.0011864,4.898587e-17,0.8,1.0,0.7946460843086243,-0.75609756,-0.082465604,0.997342,-0.8,9.797174e-17,1.0,0.09346157312393188,-0.28367892,-0.8163348,0.9967861,-1.4695762e-16,-0.8,1.0,0.28416699171066284
1542,-0.008487188257277012,0,0.48351114988327026,inf,0.12659264,0.3238643,1.0039948,0.0,0.0,1.0,0.3477495610713959,1.2933112,-0.7378259,0.9985148,0.8,0.0,1.0,0.8875501155853271,-0.6204569,1.3076831,1.0011865,4.898587e-17,0.8,1.0,0.8016921281814575,-0.7563248,-0.08324911,0.99734163,-0.8,9.797174e-17,1.0,0.09404787421226501,-0.28600702,-0.8167663,0.9967864,-1.4695762e-16,-0.8,1.0,0.28651607036590576
1543,-0.008545552380383015,0,0.48769837617874146,inf,0.12771353,0.3268678,1.0039988,0.0,0.0,1.0,0.3509548306465149,1.2964098,-0.74502563,0.99851966,0.8,0.0,1.0,0.8952586650848389,-0.62565523,1.312501,1.0011867,4.898587e-17,0.8,1.0,0.8087664246559143,-0.75655746,-0.08403734,0.9973412,-0.8,9.797174e-17,1.0,0.09463930875062943,-0.28834212,-0.81720185,0.99678653,-1.4695762e-16,-0.8,1.0,0.288872629404068
1544,-0.008605614304542542,0,0.4919024407863617,inf,0.12883794,0.3298855,1.0040023,0.0,0.0,1.0,0.3541746437549591,1.2995046,-0.75225997,0.9985246,0.8,0.0,1.0,0.9029961824417114,-0.6308711,1.3173413,1.0011868,4.898587e-17,0.8,1.0,0.8158687949180603,-0.7567954,-0.084830254,0.9973409,-0.8,9.797174e-17,1.0,0.0952359214425087,-0.29068422,-0.8176414,0.9967868,-1.4695762e-16,-0.8,1.0,0.2912367880344391
1545,-0.008665076456964016,0,0.49612340331077576,inf,0.1299658,0.3329176,1.0040057,0.0,0.0,1.0,0.35740914940834045,1.3025954,-0.75952876,0.99852973,0.8,0.0,1.0,0.9107624292373657,-0.6361046,1.3222045,1.0011871,4.898587e-17,0.8,1.0,0.8229993581771851,-0.75703865,-0.085627906,0.99734056,-0.8,9.797174e-17,1.0,0.09583783149719238,-0.2930333,-0.81808496,0.99678695,-1.4695762e-16,-0.8,1.0,0.2936084270477295
1546,-0.008725319989025593,0,0.5003612637519836,inf,0.13109717,0.33596396,1.004009,0.0,0.0,1.0,0.360658198595047,1.3056821,-0.766832,0.99853474,0.8,0.0,1.0,0.9185574650764465,-0.6413556,1.32709,1.0011871,4.898587e-17,0.8,1.0,0.830157995223999,-0.75728726,-0.08643026,0.9973403,-0.8,9.797174e-17,1.0,0.09644502401351929,-0.29538935,-0.8185326,0.99678737,-1.4695762e-16,-0.8,1.0,0.2959875762462616
1547,-0.00878495629876852,0,0.5046159029006958,inf,0.13223201,0.3390247,1.0040126,0.0,0.0,1.0,0.3639219105243683,1.3087645,-0.7741695,0.9985398,0.8,0.0,1.0,0.9263810515403748,-0.64662415,1.3319983,1.0011874,4.898587e-17,0.8,1.0,0.8373448848724365,-0.7575412,-0.08723736,0.99733996,-0.8,9.797174e-17,1.0,0.09705764055252075,-0.29775232,-0.8189842,0.9967876,-1.4695762e-16,-0.8,1.0,0.298374205827713
1548,-0.008846286684274673,0,0.5088874697685242,inf,0.13337037,0.3420997,1.0040158,0.0,0.0,1.0,0.36720019578933716,1.3118426,-0.78154117,0.9985449,0.8,0.0,1.0,0.9342331290245056,-0.6519102,1.3369292,1.0011873,4.898587e-17,0.8,1.0,0.8445597887039185,-0.7578004,-0.088049166,0.99733984,-0.8,9.797174e-17,1.0,0.09767568111419678,-0.30012223,-0.8194399,0.99678797,-1.4695762e-16,-0.8,1.0,0.30076831579208374
1549,-0.008907021023333073,0,0.5131757855415344,inf,0.13451217,0.345189,1.0040188,0.0,0.0,1.0,0.370493084192276,1.3149161,-0.788947,0.9985501,0.8,0.0,1.0,0.9421136379241943,-0.6572138,1.3418828,1.0011876,4.898587e-17,0.8,1.0,0.8518030643463135,-0.7580649,-0.088865735,0.9973395,-0.8,9.797174e-17,1.0,0.09829927980899811,-0.30249903,-0.81989956,0.9967883,-1.4695762e-16,-0.8,1.0,0.303169846534729
1550,-0.008968535810709,0,0.5174808502197266,inf,0.1356575,0.3482926,1.0040219,0.0,0.0,1.0,0.3738005757331848,1.317985,-0.79638684,0.99855524,0.8,0.0,1.0,0.9500223994255066,-0.66253483,1.3468589,1.0011874,4.898587e-17,0.8,1.0,0.8590741753578186,-0.7583348,-0.08968703,0.99733937,-0.8,9.797174e-17,1.0,0.09892840683460236,-0.30488268,-0.8203633,0.9967888,-1.4695762e-16,-0.8,1.0,0.3055788278579712
1551,-0.009029447101056576,0,0.5218028426170349,inf,0.1368063,0.35141057,1.0040251,0.0,0.0,1.0,0.377122700214386,1.3210495,-0.80386066,0.99856037,0.8,0.0,1.0,0.9579595923423767,-0.66787344,1.3518575,1.0011877,4.898587e-17,0.8,1.0,0.8663735389709473,-0.75860995,-0.09051309,0.9973391,-0.8,9.797174e-17,1.0,0.09956322610378265,-0.3072732,-0.82083106,0.9967892,-1.4695762e-16,-0.8,1.0,0.3079952299594879
1552,-0.009092050604522228,0,0.5261415839195251,inf,0.1379586,0.3545428,1.0040281,0.0,0.0,1.0,0.3804594576358795,1.3241088,-0.8113682,0.99856555,0.8,0.0,1.0,0.9659246802330017,-0.6732294,1.3568789,1.0011874,4.898587e-17,0.8,1.0,0.8737009763717651,-0.75889045,-0.09134389,0.99733907,-0.8,9.797174e-17,1.0,0.10020370781421661,-0.30967057,-0.8213028,0.9967897,-1.4695762e-16,-0.8,1.0,0.3104190230369568
1553,-0.009154058992862701,0,0.5304970145225525,inf,0.13911438,0.3576893,1.0040307,0.0,0.0,1.0,0.38381075859069824,1.3271633,-0.8189095,0.9985709,0.8,0.0,1.0,0.9739178419113159,-0.6786028,1.3619227,1.0011876,4.898587e-17,0.8,1.0,0.8810563683509827,-0.7591762,-0.09217946,0.99733883,-0.8,9.797174e-17,1.0,0.10084997862577438,-0.31207472,-0.8217786,0.9967902,-1.4695762e-16,-0.8,1.0,0.3128501772880554
1554,-0.009216508828103542,0,0.5348692536354065,inf,0.14027366,0.3608501,1.0040334,0.0,0.0,1.0,0.38717666268348694,1.3302127,-0.82648456,0.99857616,0.8,0.0,1.0,0.9819390177726746,-0.68399364,1.3669893,1.0011874,4.898587e-17,0.8,1.0,0.888439953327179,-0.7594673,-0.09301978,0.9973388,-0.8,9.797174e-17,1.0,0.10150203108787537,-0.3144857,-0.8222584,0.9967908,-1.4695762e-16,-0.8,1.0,0.3152887225151062
1555,-0.009278811514377594,0,0.5392583012580872,inf,0.14143643,0.36402526,1.0040364,0.0,0.0,1.0,0.3905572295188904,1.333257,-0.8340931,0.9985814,0.8,0.0,1.0,0.9899880290031433,-0.6894018,1.3720783,1.0011874,4.898587e-17,0.8,1.0,0.8958514332771301,-0.75976366,-0.0938649,0.99733865,-0.8,9.797174e-17,1.0,0.1021600067615509,-0.3169034,-0.8227423,0.99679136,-1.4695762e-16,-0.8,1.0,0.31773459911346436
1556,-0.009342352859675884,0,0.5436639785766602,inf,0.14260271,0.36721468,1.004039,0.0,0.0,1.0,0.3939523696899414,1.336296,-0.84173506,0.9985868,0.8,0.0,1.0,0.9980647563934326,-0.6948272,1.3771899,1.0011874,4.898587e-17,0.8,1.0,0.903290867805481,-0.7600653,-0.094714776,0.99733853,-0.8,9.797174e-17,1.0,0.1028238907456398,-0.31932792,-0.8232301,0.99679196,-1.4695762e-16,-0.8,1.0,0.32018783688545227
1557,-0.009405754506587982,0,0.5480862855911255,inf,0.14377245,0.37041837,1.0040413,0.0,0.0,1.0,0.39736208319664,1.3393295,-0.8494104,0.99859226,0.8,0.0,1.0,1.006169080734253,-0.7002698,1.3823241,1.0011872,4.898587e-17,0.8,1.0,0.9107582569122314,-0.76037234,-0.09556946,0.99733853,-0.8,9.797174e-17,1.0,0.10349375754594803,-0.32175913,-0.823722,0.9967926,-1.4695762e-16,-0.8,1.0,0.3226483464241028
1558,-0.009469482116401196,0,0.5525254011154175,inf,0.14494571,0.37363636,1.0040436,0.0,0.0,1.0,0.4007863998413086,1.3423574,-0.8571191,0.9985977,0.8,0.0,1.0,1.014301061630249,-0.70572966,1.387481,1.0011872,4.898587e-17,0.8,1.0,0.9182536005973816,-0.76068455,-0.09642891,0.9973384,-0.8,9.797174e-17,1.0,0.10416968911886215,-0.32419708,-0.8242179,0.9967934,-1.4695762e-16,-0.8,1.0,0.32511618733406067
1559,-0.009533037431538105,0,0.556981086730957,inf,0.14612247,0.3768687,1.0040463,0.0,0.0,1.0,0.4042253792285919,1.3453797,-0.8648609,0.998603,0.8,0.0,1.0,1.0224604606628418,-0.71120656,1.3926604,1.0011871,4.898587e-17,0.8,1.0,0.9257767200469971,-0.7610021,-0.09729318,0.9973385,-0.8,9.797174e-17,1.0,0.10485171526670456,-0.32664168,-0.8247178,0.99679404,-1.4695762e-16,-0.8,1.0,0.32759127020835876
1560,-0.009597796015441418,0,0.5614534020423889,inf,0.14730272,0.38011524,1.0040486,0.0,0.0,1.0,0.40767890214920044,1.3483963,-0.8726357,0.9986085,0.8,0.0,1.0,1.0306471586227417,-0.7167005,1.3978623,1.0011871,4.898587e-17,0.8,1.0,0.9333275556564331,-0.761325,-0.09816223,0.9973384,-0.8,9.797174e-17,1.0,0.10553986579179764,-0.329093,-0.8252218,0.9967948,-1.4695762e-16,-0.8,1.0,0.33007365465164185
1561,-0.009662379510700703,0,0.5659424066543579,inf,0.14848645,0.38337612,1.0040505,0.0,0.0,1.0,0.41114702820777893,1.351407,-0.8804435,0.9986141,0.8,0.0,1.0,1.0388611555099487,-0.7222114,1.4030868,1.0011868,4.898587e-17,0.8,1.0,0.9409061670303345,-0.7616531,-0.099036105,0.9973385,-0.8,9.797174e-17,1.0,0.10623425990343094,-0.33155093,-0.8257297,0.9967956,-1.4695762e-16,-0.8,1.0,0.33256322145462036
1562,-0.009727252647280693,0,0.5704478621482849,inf,0.1496737,0.38665122,1.0040525,0.0,0.0,1.0,0.4146296977996826,1.3544117,-0.88828427,0.9986197,0.8,0.0,1.0,1.0471022129058838,-0.72773933,1.4083339,1.0011868,4.898587e-17,0.8,1.0,0.9485125541687012,-0.7619865,-0.09991477,0.99733835,-0.8,9.797174e-17,1.0,0.10693489760160446,-0.33401552,-0.82624173,0.9967964,-1.4695762e-16,-0.8,1.0,0.3350600600242615
1563,-0.00979194138199091,0,0.5749700665473938,inf,0.15086445,0.38994068,1.0040548,0.0,0.0,1.0,0.4181270897388458,1.3574103,-0.89615774,0.9986251,0.8,0.0,1.0,1.0553704500198364,-0.7332841,1.4136035,1.0011867,4.898587e-17,0.8,1.0,0.9561465978622437,-0.7623252,-0.10079829,0.99733853,-0.8,9.797174e-17,1.0,0.10764184594154358,-0.3364867,-0.8267577,0.99679726,-1.4695762e-16,-0.8,1.0,0.3375641107559204
1564,-0.009857832454144955,0,0.5795086622238159,inf,0.1520587,0.3932444,1.0040567,0.0,0.0,1.0,0.42163899540901184,1.3604027,-0.9040639,0.99863076,0.8,0.0,1.0,1.0636656284332275,-0.7388457,1.4188958,1.0011867,4.898587e-17,0.8,1.0,0.9638082981109619,-0.76266915,-0.10168659,0.99733853,-0.8,9.797174e-17,1.0,0.10835515707731247,-0.3389645,-0.8272777,0.9967981,-1.4695762e-16,-0.8,1.0,0.34007537364959717
1565,-0.009923546575009823,0,0.5840638279914856,inf,0.15325643,0.39656237,1.0040584,0.0,0.0,1.0,0.4251655042171478,1.3633888,-0.91200256,0.9986364,0.8,0.0,1.0,1.0719876289367676,-0.74442405,1.4242105,1.0011865,4.898587e-17,0.8,1.0,0.9714974761009216,-0.76301837,-0.10257976,0.99733865,-0.8,9.797174e-17,1.0,0.10907489061355591,-0.34144884,-0.82780176,0.996799,-1.4695762e-16,-0.8,1.0,0.3425937592983246
1566,-0.009989549405872822,0,0.5886355638504028,inf,0.15445767,0.3998946,1.0040599,0.0,0.0,1.0,0.4287065863609314,1.3663683,-0.9199738,0.9986421,0.8,0.0,1.0,1.080336332321167,-0.7500192,1.4295479,1.0011865,4.898587e-17,0.8,1.0,0.9792143702507019,-0.7633729,-0.10347773,0.99733865,-0.8,9.797174e-17,1.0,0.1098010390996933,-0.34393975,-0.8283298,0.9968,-1.4695762e-16,-0.8,1.0,0.3451193571090698
1567,-0.010055366903543472,0,0.5932236909866333,inf,0.15566242,0.40324116,1.0040618,0.0,0.0,1.0,0.4322623312473297,1.3693415,-0.9279774,0.99864763,0.8,0.0,1.0,1.0887118577957153,-0.7556309,1.4349078,1.0011864,4.898587e-17,0.8,1.0,0.9869586229324341,-0.7637327,-0.10438058,0.9973389,-0.8,9.797174e-17,1.0,0.11053373664617538,-0.34643716,-0.8288619,0.9968009,-1.4695762e-16,-0.8,1.0,0.34765204787254333
1568,-0.010122384876012802,0,0.5978283882141113,inf,0.15687068,0.40660194,1.0040634,0.0,0.0,1.0,0.43583258986473083,1.3723079,-0.9360132,0.9986534,0.8,0.0,1.0,1.097113847732544,-0.7612593,1.4402902,1.0011864,4.898587e-17,0.8,1.0,0.9947304725646973,-0.7640977,-0.105288245,0.99733895,-0.8,9.797174e-17,1.0,0.11127296090126038,-0.34894112,-0.829398,0.9968019,-1.4695762e-16,-0.8,1.0,0.3501919209957123
1569,-0.010189223103225231,0,0.6024494171142578,inf,0.15808241,0.40997702,1.0040647,0.0,0.0,1.0,0.4394174814224243,1.3752675,-0.9440812,0.99865925,0.8,0.0,1.0,1.1055423021316528,-0.7669042,1.4456952,1.0011861,4.898587e-17,0.8,1.0,1.0025296211242676,-0.764468,-0.106200784,0.99733907,-0.8,9.797174e-17,1.0,0.11201879382133484,-0.35145152,-0.82993805,0.9968029,-1.4695762e-16,-0.8,1.0,0.3527388274669647
1570,-0.010256350971758366,0,0.6070868968963623,inf,0.15929767,0.41336632,1.0040659,0.0,0.0,1.0,0.443016916513443,1.3782202,-0.95218134,0.99866503,0.8,0.0,1.0,1.113997220993042,-0.7725656,1.4511226,1.0011861,4.898587e-17,0.8,1.0,1.0103561878204346,-0.7648436,-0.10711816,0.9973391,-0.8,9.797174e-17,1.0,0.11277125030755997,-0.3539684,-0.8304821,0.99680406,-1.4695762e-16,-0.8,1.0,0.3552928566932678
1571,-0.010323289781808853,0,0.6117407083511353,inf,0.16051643,0.41676995,1.0040674,0.0,0.0,1.0,0.4466310143470764,1.381166,-0.9603134,0.9986707,0.8,0.0,1.0,1.1224782466888428,-0.7782435,1.4565727,1.001186,4.898587e-17,0.8,1.0,1.0182101726531982,-0.7652244,-0.10804043,0.9973394,-0.8,9.797174e-17,1.0,0.11353041976690292,-0.35649174,-0.8310303,0.9968051,-1.4695762e-16,-0.8,1.0,0.3578539788722992
1572,-0.01039142720401287,0,0.6164109706878662,inf,0.1617387,0.4201878,1.0040686,0.0,0.0,1.0,0.45025965571403503,1.3841046,-0.96847725,0.9986766,0.8,0.0,1.0,1.1309854984283447,-0.78393775,1.4620452,1.001186,4.898587e-17,0.8,1.0,1.026091456413269,-0.76561046,-0.108967535,0.99733955,-0.8,9.797174e-17,1.0,0.11429629474878311,-0.35902154,-0.8315824,0.9968062,-1.4695762e-16,-0.8,1.0,0.36042216420173645
1573,-0.010459383949637413,0,0.6210975050926208,inf,0.16296445,0.4236199,1.0040696,0.0,0.0,1.0,0.45390284061431885,1.387036,-0.9766729,0.9986825,0.8,0.0,1.0,1.1395187377929688,-0.7896483,1.4675403,1.0011859,4.898587e-17,0.8,1.0,1.0339999198913574,-0.7660018,-0.10989955,0.9973397,-0.8,9.797174e-17,1.0,0.1150689572095871,-0.3615577,-0.8321386,0.9968074,-1.4695762e-16,-0.8,1.0,0.3629973232746124
1574,-0.010527626611292362,0,0.6258004903793335,inf,0.16419373,0.42706624,1.0040703,0.0,0.0,1.0,0.45756062865257263,1.38996,-0.98490024,0.99868846,0.8,0.0,1.0,1.1480779647827148,-0.79537517,1.4730579,1.0011859,4.898587e-17,0.8,1.0,1.041935682296753,-0.7663984,-0.11083641,0.9973398,-0.8,9.797174e-17,1.0,0.11584842205047607,-0.36410028,-0.8326987,0.9968086,-1.4695762e-16,-0.8,1.0,0.3655795454978943
1575,-0.010595681145787239,0,0.630519688129425,inf,0.16542651,0.4305269,1.0040715,0.0,0.0,1.0,0.4612330496311188,1.3928769,-0.9931591,0.9986942,0.8,0.0,1.0,1.156663179397583,-0.80111825,1.478598,1.0011858,4.898587e-17,0.8,1.0,1.049898624420166,-0.7668002,-0.11177819,0.99734014,-0.8,9.797174e-17,1.0,0.11663474887609482,-0.3666492,-0.8332629,0.9968098,-1.4695762e-16,-0.8,1.0,0.36816877126693726
1576,-0.010664931498467922,0,0.6352551579475403,inf,0.1666628,0.43400177,1.0040723,0.0,0.0,1.0,0.4649200141429901,1.395786,-1.0014495,0.9987002,0.8,0.0,1.0,1.1652740240097046,-0.8068775,1.4841607,1.0011858,4.898587e-17,0.8,1.0,1.0578886270523071,-0.76720726,-0.11272484,0.9973403,-0.8,9.797174e-17,1.0,0.11742797493934631,-0.3692045,-0.8338311,0.99681103,-1.4695762e-16,-0.8,1.0,0.37076497077941895
1577,-0.010734000243246555,0,0.6400068402290344,inf,0.16790257,0.4374909,1.0040729,0.0,0.0,1.0,0.46862155199050903,1.3986875,-1.0097711,0.9987062,0.8,0.0,1.0,1.1739106178283691,-0.8126528,1.4897457,1.0011857,4.898587e-17,0.8,1.0,1.0659058094024658,-0.7676196,-0.11367641,0.99734056,-0.8,9.797174e-17,1.0,0.11822811514139175,-0.3717661,-0.8344033,0.99681234,-1.4695762e-16,-0.8,1.0,0.37336814403533936
1578,-0.010803180746734142,0,0.6447747945785522,inf,0.16914588,0.44099423,1.0040734,0.0,0.0,1.0,0.47233760356903076,1.4015812,-1.018124,0.9987123,0.8,0.0,1.0,1.182572603225708,-0.81844425,1.4953533,1.0011857,4.898587e-17,0.8,1.0,1.0739500522613525,-0.76803714,-0.11463285,0.9973407,-0.8,9.797174e-17,1.0,0.11903523653745651,-0.374334,-0.8349795,0.9968137,-1.4695762e-16,-0.8,1.0,0.3759782612323761
1579,-0.010872170329093933,0,0.6495589017868042,inf,0.17039269,0.4445119,1.0040741,0.0,0.0,1.0,0.476068377494812,1.4044671,-1.026508,0.99871814,0.8,0.0,1.0,1.1912600994110107,-0.8242517,1.5009835,1.0011857,4.898587e-17,0.8,1.0,1.0820213556289673,-0.7684599,-0.11559423,0.9973411,-0.8,9.797174e-17,1.0,0.11984937638044357,-0.37690818,-0.83555967,0.996815,-1.4695762e-16,-0.8,1.0,0.3785952925682068
1580,-0.01094235572963953,0,0.6543591618537903,inf,0.17164302,0.44804376,1.0040746,0.0,0.0,1.0,0.4798136353492737,1.4073452,-1.034923,0.9987243,0.8,0.0,1.0,1.1999731063842773,-0.8300751,1.506636,1.0011858,4.898587e-17,0.8,1.0,1.090119481086731,-0.76888794,-0.116560504,0.9973414,-0.8,9.797174e-17,1.0,0.12067054212093353,-0.37948862,-0.8361437,0.99681646,-1.4695762e-16,-0.8,1.0,0.3812192678451538
1581,-0.01101235393434763,0,0.6591756343841553,inf,0.17289682,0.45158985,1.0040747,0.0,0.0,1.0,0.48357346653938293,1.410215,-1.0433689,0.9987304,0.8,0.0,1.0,1.2087112665176392,-0.8359143,1.5123112,1.0011857,4.898587e-17,0.8,1.0,1.0982446670532227,-0.76932114,-0.11753172,0.9973417,-0.8,9.797174e-17,1.0,0.12149882316589355,-0.38207525,-0.83673155,0.99681795,-1.4695762e-16,-0.8,1.0,0.38385000824928284
1582,-0.011082635261118412,0,0.6640081405639648,inf,0.17415416,0.45515016,1.0040746,0.0,0.0,1.0,0.48734787106513977,1.4130766,-1.0518458,0.9987366,0.8,0.0,1.0,1.2174744606018066,-0.8417694,1.5180087,1.0011858,4.898587e-17,0.8,1.0,1.1063966751098633,-0.7697596,-0.11850783,0.997342,-0.8,9.797174e-17,1.0,0.12233418971300125,-0.38466808,-0.83732325,0.99681956,-1.4695762e-16,-0.8,1.0,0.38648760318756104
1583,-0.0111527219414711,0,0.6688567996025085,inf,0.17541501,0.45872474,1.004075,0.0,0.0,1.0,0.4911368489265442,1.4159302,-1.0603532,0.99874264,0.8,0.0,1.0,1.2262626886367798,-0.8476403,1.5237288,1.0011859,4.898587e-17,0.8,1.0,1.1145756244659424,-0.7702033,-0.11948891,0.9973425,-0.8,9.797174e-17,1.0,0.12317673116922379,-0.38726702,-0.83791864,0.99682105,-1.4695762e-16,-0.8,1.0,0.38913196325302124
1584,-0.01122400350868702,0,0.673721432685852,inf,0.17667937,0.46231353,1.0040749,0.0,0.0,1.0,0.4949404001235962,1.4187753,-1.0688912,0.99874884,0.8,0.0,1.0,1.2350760698318481,-0.8535269,1.5294714,1.0011861,4.898587e-17,0.8,1.0,1.1227813959121704,-0.77065223,-0.12047489,0.99734294,-0.8,9.797174e-17,1.0,0.12402641773223877,-0.38987213,-0.83851767,0.99682266,-1.4695762e-16,-0.8,1.0,0.39178305864334106
1585,-0.011295097880065441,0,0.6786021590232849,inf,0.17794722,0.46591657,1.0040747,0.0,0.0,1.0,0.4987585246562958,1.4216119,-1.0774597,0.99875516,0.8,0.0,1.0,1.2439141273498535,-0.8594291,1.5352364,1.0011861,4.898587e-17,0.8,1.0,1.1310138702392578,-0.77110636,-0.12146584,0.9973434,-0.8,9.797174e-17,1.0,0.12488334625959396,-0.39248326,-0.8391203,0.9968244,-1.4695762e-16,-0.8,1.0,0.3944408595561981
1586,-0.011366472579538822,0,0.683498740196228,inf,0.1792186,0.4695338,1.0040742,0.0,0.0,1.0,0.5025911927223206,1.4244398,-1.0860586,0.9987614,0.8,0.0,1.0,1.252776861190796,-0.865347,1.5410237,1.0011863,4.898587e-17,0.8,1.0,1.1392730474472046,-0.7715657,-0.122461714,0.99734384,-0.8,9.797174e-17,1.0,0.12574751675128937,-0.3951005,-0.8397265,0.9968262,-1.4695762e-16,-0.8,1.0,0.3971053957939148
1587,-0.011437653563916683,0,0.6884114146232605,inf,0.18049349,0.4731653,1.0040742,0.0,0.0,1.0,0.5064384341239929,1.4272592,-1.0946878,0.99876755,0.8,0.0,1.0,1.2616643905639648,-0.8712805,1.5468338,1.0011865,4.898587e-17,0.8,1.0,1.1475590467453003,-0.77203023,-0.123462565,0.99734455,-0.8,9.797174e-17,1.0,0.12661898136138916,-0.39772373,-0.8403362,0.99682784,-1.4695762e-16,-0.8,1.0,0.39977648854255676
1588,-0.011510017327964306,0,0.693340003490448,inf,0.18177189,0.476811,1.0040737,0.0,0.0,1.0,0.5103002786636353,1.4300698,-1.1033472,0.9987739,0.8,0.0,1.0,1.2705764770507812,-0.87722945,1.5526661,1.0011867,4.898587e-17,0.8,1.0,1.1558715105056763,-0.7725,-0.12446836,0.9973451,-0.8,9.797174e-17,1.0,0.12749773263931274,-0.40035295,-0.8409493,0.9968296,-1.4695762e-16,-0.8,1.0,0.4024542272090912
1589,-0.011582366190850735,0,0.6982845067977905,inf,0.18305379,0.48047093,1.004073,0.0,0.0,1.0,0.514176607131958,1.4328715,-1.1120365,0.99878025,0.8,0.0,1.0,1.2795127630233765,-0.8831938,1.5585209,1.0011868,4.898587e-17,0.8,1.0,1.1642106771469116,-0.7729749,-0.12547913,0.99734575,-0.8,9.797174e-17,1.0,0.1283838450908661,-0.4029881,-0.8415658,0.99683154,-1.4695762e-16,-0.8,1.0,0.40513846278190613
1590,-0.011654967442154884,0,0.7032448053359985,inf,0.18433921,0.48414502,1.004072,0.0,0.0,1.0,0.518067479133606,1.435664,-1.1207558,0.9987866,0.8,0.0,1.0,1.28847336769104,-0.8891736,1.564398,1.0011871,4.898587e-17,0.8,1.0,1.1725764274597168,-0.7734551,-0.12649484,0.9973462,-0.8,9.797174e-17,1.0,0.129277303814888,-0.40562922,-0.84218556,0.9968336,-1.4695762e-16,-0.8,1.0,0.40782925486564636
1591,-0.011727358214557171,0,0.7082209587097168,inf,0.18562815,0.48783338,1.0040712,0.0,0.0,1.0,0.5219729542732239,1.4384476,-1.1295052,0.99879295,0.8,0.0,1.0,1.297458529472351,-0.8951687,1.5702977,1.0011873,4.898587e-17,0.8,1.0,1.1809686422348022,-0.77394044,-0.12751557,0.997347,-0.8,9.797174e-17,1.0,0.13017818331718445,-0.4082762,-0.8428086,0.99683553,-1.4695762e-16,-0.8,1.0,0.4105265438556671
1592,-0.011800915002822876,0,0.7132128477096558,inf,0.18692061,0.49153593,1.0040703,0.0,0.0,1.0,0.5258930325508118,1.4412217,-1.1382842,0.9987994,0.8,0.0,1.0,1.3064676523208618,-0.90117913,1.5762198,1.0011876,4.898587e-17,0.8,1.0,1.1893874406814575,-0.774431,-0.12854123,0.9973478,-0.8,9.797174e-17,1.0,0.13108645379543304,-0.41092905,-0.8434349,0.99683756,-1.4695762e-16,-0.8,1.0,0.413230299949646
1593,-0.011874256655573845,0,0.7182207107543945,inf,0.18821655,0.49525267,1.0040691,0.0,0.0,1.0,0.5298275947570801,1.4439863,-1.147093,0.9988058,0.8,0.0,1.0,1.3155007362365723,-0.90720475,1.5821643,1.0011877,4.898587e-17,0.8,1.0,1.1978325843811035,-0.7749267,-0.12957191,0.9973484,-0.8,9.797174e-17,1.0,0.13200220465660095,-0.41358772,-0.84406424,0.9968397,-1.4695762e-16,-0.8,1.0,0.41594040393829346
1594,-0.011947855353355408,0,0.723244309425354,inf,0.18951604,0.49898362,1.0040678,0.0,0.0,1.0,0.5337766408920288,1.4467413,-1.1559317,0.9988124,0.8,0.0,1.0,1.3245580196380615,-0.91324556,1.5881313,1.0011882,4.898587e-17,0.8,1.0,1.2063041925430298,-0.77542764,-0.13060756,0.997349,-0.8,9.797174e-17,1.0,0.13292540609836578,-0.4162522,-0.8446967,0.99684197,-1.4695762e-16,-0.8,1.0,0.41865697503089905
1595,-0.012021241709589958,0,0.7282835245132446,inf,0.19081903,0.5027288,1.0040668,0.0,0.0,1.0,0.5377403497695923,1.4494866,-1.1648,0.99881876,0.8,0.0,1.0,1.333639144897461,-0.91930145,1.5941206,1.0011885,4.898587e-17,0.8,1.0,1.2148021459579468,-0.77593374,-0.13164823,0.9973499,-0.8,9.797174e-17,1.0,0.1338561326265335,-0.41892242,-0.8453322,0.99684405,-1.4695762e-16,-0.8,1.0,0.42137983441352844
1596,-0.012095794081687927,0,0.733338475227356,inf,0.19212554,0.5064882,1.0040656,0.0,0.0,1.0,0.541718602180481,1.452222,-1.173698,0.99882525,0.8,0.0,1.0,1.3427441120147705,-0.9253725,1.6001323,1.0011889,4.898587e-17,0.8,1.0,1.223326325416565,-0.77644503,-0.13269387,0.99735075,-0.8,9.797174e-17,1.0,0.13479435443878174,-0.4215984,-0.8459707,0.9968463,-1.4695762e-16,-0.8,1.0,0.42410901188850403
1597,-0.012170125730335712,0,0.7384091019630432,inf,0.19343556,0.5102618,1.0040642,0.0,0.0,1.0,0.5457113981246948,1.4549472,-1.1826253,0.99883175,0.8,0.0,1.0,1.3518726825714111,-0.9314584,1.6061665,1.0011892,4.898587e-17,0.8,1.0,1.2318768501281738,-0.7769615,-0.13374455,0.9973516,-0.8,9.797174e-17,1.0,0.13574016094207764,-0.42428005,-0.8466121,0.9968487,-1.4695762e-16,-0.8,1.0,0.42684444785118103
1598,-0.012244711630046368,0,0.7434954047203064,inf,0.1947491,0.51404953,1.0040624,0.0,0.0,1.0,0.5497186779975891,1.4576622,-1.1915822,0.99883837,0.8,0.0,1.0,1.3610249757766724,-0.93755937,1.6122229,1.0011897,4.898587e-17,0.8,1.0,1.2404536008834839,-0.77748317,-0.13480021,0.99735224,-0.8,9.797174e-17,1.0,0.13669350743293762,-0.42696738,-0.8472563,0.9968512,-1.4695762e-16,-0.8,1.0,0.42958611249923706
1599,-0.01231954712420702,0,0.7485973238945007,inf,0.19606616,0.51785153,1.0040613,0.0,0.0,1.0,0.5537405610084534,1.460367,-1.2005686,0.9988448,0.8,0.0,1.0,1.3702009916305542,-0.9436752,1.6183019,1.0011902,4.898587e-17,0.8,1.0,1.2490565776824951,-0.77801,-0.13586092,0.99735326,-0.8,9.797174e-17,1.0,0.13765446841716766,-0.42966035,-0.8479033,0.99685353,-1.4695762e-16,-0.8,1.0,0.43233391642570496
1600,-0.012395085766911507,0,0.7537147998809814,inf,0.19738674,0.5216677,1.0040599,0.0,0.0,1.0,0.5577770471572876,1.4630612,-1.2095841,0.9988513,0.8,0.0,1.0,1.379400372505188,-0.9498059,1.6244031,1.0011908,4.898587e-17,0.8,1.0,1.257685661315918,-0.778542,-0.13692662,0.99735415,-0.8,9.797174e-17,1.0,0.13862302899360657,-0.43235895,-0.84855324,0.99685603,-1.4695762e-16,-0.8,1.0,0.43508800864219666
1601,-0.012471135705709457,0,0.7588478326797485,inf,0.19871083,0.5254981,1.0040581,0.0,0.0,1.0,0.5618280172348022,1.4657447,-1.2186289,0.99885786,0.8,0.0,1.0,1.3886229991912842,-0.95595133,1.6305268,1.0011913,4.898587e-17,0.8,1.0,1.2663408517837524,-0.77907914,-0.13799737,0.99735504,-0.8,9.797174e-17,1.0,0.1395992636680603,-0.43506315,-0.84920603,0.99685866,-1.4695762e-16,-0.8,1.0,0.43784818053245544
1602,-0.012546982616186142,0,0.7639964818954468,inf,0.20003842,0.5293428,1.0040562,0.0,0.0,1.0,0.5658935904502869,1.4684174,-1.2277031,0.9988645,0.8,0.0,1.0,1.3978691101074219,-0.96211153,1.6366727,1.0011919,4.898587e-17,0.8,1.0,1.275022029876709,-0.7796214,-0.13907312,0.9973558,-0.8,9.797174e-17,1.0,0.1405831128358841,-0.43777296,-0.8498616,0.9968614,-1.4695762e-16,-0.8,1.0,0.4406145513057709
1603,-0.012622618116438389,0,0.7691606879234314,inf,0.2013695,0.5332018,1.0040548,0.0,0.0,1.0,0.5699739456176758,1.4710793,-1.2368063,0.99887097,0.8,0.0,1.0,1.407138466835022,-0.9682864,1.6428411,1.0011925,4.898587e-17,0.8,1.0,1.2837294340133667,-0.7801689,-0.14015394,0.9973569,-0.8,9.797174e-17,1.0,0.1415746659040451,-0.4404883,-0.85052013,0.99686396,-1.4695762e-16,-0.8,1.0,0.44338706135749817
1604,-0.012699414975941181,0,0.7743403315544128,inf,0.20270409,0.5370752,1.0040531,0.0,0.0,1.0,0.5740689635276794,1.4737301,-1.2459384,0.9988775,0.8,0.0,1.0,1.4164307117462158,-0.9744759,1.6490319,1.0011932,4.898587e-17,0.8,1.0,1.292462706565857,-0.7807215,-0.14123979,0.9973579,-0.8,9.797174e-17,1.0,0.14257392287254333,-0.44320923,-0.85118157,0.99686664,-1.4695762e-16,-0.8,1.0,0.44616565108299255
1605,-0.012776268646121025,0,0.7795355916023254,inf,0.20404215,0.54096293,1.0040511,0.0,0.0,1.0,0.5781785845756531,1.4763695,-1.2550995,0.9988841,0.8,0.0,1.0,1.4257460832595825,-0.9806799,1.6552448,1.0011938,4.898587e-17,0.8,1.0,1.3012218475341797,-0.78127927,-0.1423307,0.99735886,-0.8,9.797174e-17,1.0,0.14358088374137878,-0.44593573,-0.85184604,0.9968695,-1.4695762e-16,-0.8,1.0,0.4489504396915436
1606,-0.012852797284722328,0,0.7847462296485901,inf,0.20538372,0.544865,1.004049,0.0,0.0,1.0,0.582302987575531,1.4789976,-1.2642897,0.99889064,0.8,0.0,1.0,1.4350844621658325,-0.9868985,1.6614802,1.0011946,4.898587e-17,0.8,1.0,1.310006856918335,-0.7818422,-0.14342664,0.99735963,-0.8,9.797174e-17,1.0,0.14459557831287384,-0.44866773,-0.85251343,0.99687237,-1.4695762e-16,-0.8,1.0,0.4517412483692169
1607,-0.012929658405482769,0,0.7899723649024963,inf,0.20672877,0.5487816,1.0040473,0.0,0.0,1.0,0.5864421725273132,1.4816142,-1.2735087,0.9988972,0.8,0.0,1.0,1.4444457292556763,-0.9931315,1.667738,1.0011955,4.898587e-17,0.8,1.0,1.3188179731369019,-0.7824102,-0.14452766,0.99736077,-0.8,9.797174e-17,1.0,0.1456180363893509,-0.45140526,-0.8531838,0.99687517,-1.4695762e-16,-0.8,1.0,0.4545381963253021
1608,-0.013007218018174171,0,0.7952139377593994,inf,0.20807733,0.5527125,1.0040454,0.0,0.0,1.0,0.5905960202217102,1.4842192,-1.2827563,0.9989037,0.8,0.0,1.0,1.4538297653198242,-0.9993789,1.674018,1.0011964,4.898587e-17,0.8,1.0,1.3276547193527222,-0.7829834,-0.14563373,0.9973618,-0.8,9.797174e-17,1.0,0.14664824306964874,-0.45414826,-0.85385716,0.996878,-1.4695762e-16,-0.8,1.0,0.45734119415283203
1609,-0.013085021637380123,0,0.8004710078239441,inf,0.20942932,0.5566578,1.0040431,0.0,0.0,1.0,0.5947645902633667,1.4868124,-1.2920327,0.99891025,0.8,0.0,1.0,1.4632364511489868,-1.0056406,1.6803204,1.0011972,4.898587e-17,0.8,1.0,1.336517333984375,-0.78356177,-0.14674489,0.9973628,-0.8,9.797174e-17,1.0,0.14768627285957336,-0.45689675,-0.85453343,0.99688107,-1.4695762e-16,-0.8,1.0,0.46015027165412903
1610,-0.013162615709006786,0,0.805743396282196,inf,0.21078484,0.56061757,1.0040407,0.0,0.0,1.0,0.5989479422569275,1.4893935,-1.3013378,0.99891686,0.8,0.0,1.0,1.4726659059524536,-1.0119168,1.686645,1.0011982,4.898587e-17,0.8,1.0,1.3454055786132812,-0.78414524,-0.14786111,0.9973636,-0.8,9.797174e-17,1.0,0.14873208105564117,-0.45965067,-0.8552126,0.99688417,-1.4695762e-16,-0.8,1.0,0.46296530961990356
1611,-0.013240463100373745,0,0.8110310435295105,inf,0.21214381,0.56459177,1.0040387,0.0,0.0,1.0,0.6031460165977478,1.4919627,-1.3106713,0.9989234,0.8,0.0,1.0,1.482117772102356,-1.018207,1.692992,1.0011992,4.898587e-17,0.8,1.0,1.3543195724487305,-0.7847339,-0.14898245,0.9973648,-0.8,9.797174e-17,1.0,0.14978574216365814,-0.46241,-0.85589474,0.99688715,-1.4695762e-16,-0.8,1.0,0.465786337852478
1612,-0.013319008983671665,0,0.8163341283798218,inf,0.21350628,0.56858045,1.0040367,0.0,0.0,1.0,0.607358992099762,1.4945196,-1.3200333,0.9989299,0.8,0.0,1.0,1.4915919303894043,-1.0245115,1.6993612,1.0012003,4.898587e-17,0.8,1.0,1.363259196281433,-0.7853277,-0.15010884,0.9973659,-0.8,9.797174e-17,1.0,0.15084721148014069,-0.46517473,-0.8565797,0.9968902,-1.4695762e-16,-0.8,1.0,0.4686133563518524
1613,-0.013399510644376278,0,0.8216524124145508,inf,0.21487221,0.5725835,1.004034,0.0,0.0,1.0,0.6115866303443909,1.497064,-1.3294237,0.9989365,0.8,0.0,1.0,1.5010885000228882,-1.03083,1.7057526,1.0012012,4.898587e-17,0.8,1.0,1.3722243309020996,-0.78592664,-0.15124038,0.99736696,-0.8,9.797174e-17,1.0,0.15191657841205597,-0.4679448,-0.85726756,0.9968934,-1.4695762e-16,-0.8,1.0,0.4714462459087372
1614,-0.01348605751991272,0,0.8269861340522766,inf,0.21624163,0.576601,1.0040314,0.0,0.0,1.0,0.6158290505409241,1.499596,-1.3388424,0.99894303,0.8,0.0,1.0,1.510607361793518,-1.0371627,1.7121664,1.0012023,4.898587e-17,0.8,1.0,1.381215214729309,-0.78653073,-0.152377,0.9973678,-0.8,9.797174e-17,1.0,0.15299378335475922,-0.47072026,-0.8579582,0.99689674,-1.4695762e-16,-0.8,1.0,0.4742850959300995
1615,-0.013578471727669239,0,0.8323351144790649,inf,0.21761452,0.5806331,1.0040293,0.0,0.0,1.0,0.6200863718986511,1.5021154,-1.3482894,0.9989496,0.8,0.0,1.0,1.520148515701294,-1.0435092,1.7186025,1.0012035,4.898587e-17,0.8,1.0,1.3902314901351929,-0.78714,-0.15351877,0.99736905,-0.8,9.797174e-17,1.0,0.1540789157152176,-0.473501,-0.85865164,0.99689984,-1.4695762e-16,-0.8,1.0,0.4771297574043274
1616,-0.013671623542904854,0,0.8376991152763367,inf,0.21899088,0.58467966,1.0040269,0.0,0.0,1.0,0.6243584752082825,1.504622,-1.3577645,0.998956,0.8,0.0,1.0,1.5297117233276367,-1.0498699,1.7250608,1.0012047,4.898587e-17,0.8,1.0,1.3992732763290405,-0.7877544,-0.15466565,0.9973701,-0.8,9.797174e-17,1.0,0.1551719456911087,-0.47628704,-0.85934794,0.9969031,-1.4695762e-16,-0.8,1.0,0.47998031973838806
1617,-0.013765095733106136,0,0.8430784344673157,inf,0.22037068,0.58874065,1.0040241,0.0,0.0,1.0,0.6286453604698181,1.5071156,-1.3672676,0.9989626,0.8,0.0,1.0,1.5392967462539673,-1.0562444,1.7315413,1.0012058,4.898587e-17,0.8,1.0,1.4083404541015625,-0.788374,-0.15581767,0.99737126,-0.8,9.797174e-17,1.0,0.15627290308475494,-0.47907835,-0.860047,0.9969065,-1.4695762e-16,-0.8,1.0,0.48283669352531433
1618,-0.013858403079211712,0,0.8484729528427124,inf,0.22175398,0.5928162,1.0040213,0.0,0.0,1.0,0.6329470872879028,1.5095961,-1.3767989,0.9989691,0.8,0.0,1.0,1.5489037036895752,-1.0626328,1.7380441,1.0012071,4.898587e-17,0.8,1.0,1.4174331426620483,-0.7889988,-0.15697482,0.99737215,-0.8,9.797174e-17,1.0,0.1573817878961563,-0.4818749,-0.86074877,0.99691,-1.4695762e-16,-0.8,1.0,0.4856988787651062
1619,-0.01395200565457344,0,0.8538826107978821,inf,0.22314073,0.59690624,1.0040189,0.0,0.0,1.0,0.6372637152671814,1.5120635,-1.3863579,0.9989756,0.8,0.0,1.0,1.558532476425171,-1.0690348,1.7445692,1.0012084,4.898587e-17,0.8,1.0,1.4265509843826294,-0.78962874,-0.15813717,0.9973734,-0.8,9.797174e-17,1.0,0.15849867463111877,-0.4846767,-0.8614533,0.9969133,-1.4695762e-16,-0.8,1.0,0.4885667860507965
1620,-0.014046348631381989,0,0.8593072891235352,inf,0.22453097,0.60101086,1.0040164,0.0,0.0,1.0,0.6415951251983643,1.5145175,-1.3959448,0.99898195,0.8,0.0,1.0,1.5681830644607544,-1.0754508,1.7511164,1.0012097,4.898587e-17,0.8,1.0,1.4356943368911743,-0.7902639,-0.15930466,0.9973745,-0.8,9.797174e-17,1.0,0.15962350368499756,-0.48748365,-0.8621605,0.99691665,-1.4695762e-16,-0.8,1.0,0.49144047498703003
1621,-0.014140978455543518,0,0.864747166633606,inf,0.22592463,0.60512996,1.0040133,0.0,0.0,1.0,0.6459413766860962,1.5169581,-1.4055595,0.99898845,0.8,0.0,1.0,1.5778553485870361,-1.0818802,1.7576858,1.0012109,4.898587e-17,0.8,1.0,1.444862723350525,-0.7909042,-0.16047737,0.9973756,-0.8,9.797174e-17,1.0,0.16075636446475983,-0.4902958,-0.8628704,0.9969202,-1.4695762e-16,-0.8,1.0,0.494319885969162
1622,-0.014235441572964191,0,0.8702020645141602,inf,0.22732176,0.60926366,1.0040102,0.0,0.0,1.0,0.6503025889396667,1.519385,-1.4152019,0.9989949,0.8,0.0,1.0,1.587549090385437,-1.0883235,1.7642775,1.0012124,4.898587e-17,0.8,1.0,1.4540565013885498,-0.7915498,-0.16165523,0.9973765,-0.8,9.797174e-17,1.0,0.1618971973657608,-0.4931131,-0.86358297,0.99692386,-1.4695762e-16,-0.8,1.0,0.4972049593925476
1623,-0.01433020830154419,0,0.8756720423698425,inf,0.22872235,0.6134119,1.0040077,0.0,0.0,1.0,0.6546786427497864,1.5217981,-1.4248719,0.9990013,0.8,0.0,1.0,1.5972644090652466,-1.0947802,1.7708913,1.0012138,4.898587e-17,0.8,1.0,1.46327543258667,-0.7922007,-0.16283835,0.9973778,-0.8,9.797174e-17,1.0,0.16304610669612885,-0.49593553,-0.8642982,0.9969273,-1.4695762e-16,-0.8,1.0,0.5000957250595093
1624,-0.014425714500248432,0,0.8811571002006531,inf,0.23012641,0.61757475,1.004005,0.0,0.0,1.0,0.6590696573257446,1.5241975,-1.4345694,0.99900764,0.8,0.0,1.0,1.6070009469985962,-1.1012504,1.7775273,1.0012152,4.898587e-17,0.8,1.0,1.4725193977355957,-0.79285675,-0.16402668,0.99737895,-0.8,9.797174e-17,1.0,0.16420306265354156,-0.49876305,-0.8650161,0.99693084,-1.4695762e-16,-0.8,1.0,0.5029921531677246
1625,-0.014521505683660507,0,0.8866570591926575,inf,0.23153389,0.6217521,1.0040016,0.0,0.0,1.0,0.6634753942489624,1.5265827,-1.4442942,0.999014,0.8,0.0,1.0,1.6167588233947754,-1.1077341,1.7841855,1.0012164,4.898587e-17,0.8,1.0,1.4817885160446167,-0.79351807,-0.16522025,0.9973801,-0.8,9.797174e-17,1.0,0.16536809504032135,-0.5015956,-0.8657366,0.99693453,-1.4695762e-16,-0.8,1.0,0.505894124507904
1626,-0.014617132022976875,0,0.8921718597412109,inf,0.23294485,0.6259441,1.0039984,0.0,0.0,1.0,0.6678961515426636,1.5289537,-1.4540465,0.9990204,0.8,0.0,1.0,1.6265379190444946,-1.1142312,1.7908659,1.001218,4.898587e-17,0.8,1.0,1.491082787513733,-0.7941847,-0.16641904,0.99738103,-0.8,9.797174e-17,1.0,0.1665412038564682,-0.5044333,-0.86645967,0.9969382,-1.4695762e-16,-0.8,1.0,0.5088016986846924
1627,-0.014713057316839695,0,0.8977018594741821,inf,0.23435923,0.6301507,1.0039957,0.0,0.0,1.0,0.6723318099975586,1.5313104,-1.4638261,0.9990267,0.8,0.0,1.0,1.6363381147384644,-1.1207416,1.7975684,1.0012194,4.898587e-17,0.8,1.0,1.5004019737243652,-0.7948566,-0.16762315,0.99738234,-0.8,9.797174e-17,1.0,0.16772247850894928,-0.50727594,-0.8671853,0.99694186,-1.4695762e-16,-0.8,1.0,0.5117148756980896
1628,-0.014809721149504185,0,0.9032467007637024,inf,0.23577708,0.6343719,1.0039927,0.0,0.0,1.0,0.6767824292182922,1.5336528,-1.4736327,0.99903303,0.8,0.0,1.0,1.6461594104766846,-1.1272653,1.8042932,1.001221,4.898587e-17,0.8,1.0,1.5097460746765137,-0.7955338,-0.1688325,0.9973835,-0.8,9.797174e-17,1.0,0.16891182959079742,-0.5101236,-0.8679135,0.9969455,-1.4695762e-16,-0.8,1.0,0.5146335363388062
1629,-0.014906573109328747,0,0.908806324005127,inf,0.23719834,0.6386076,1.0039892,0.0,0.0,1.0,0.681247889995575,1.5359806,-1.4834664,0.9990393,0.8,0.0,1.0,1.6560014486312866,-1.1338023,1.8110399,1.0012223,4.898587e-17,0.8,1.0,1.5191152095794678,-0.79621625,-0.17004715,0.99738467,-0.8,9.797174e-17,1.0,0.1701093465089798,-0.5129763,-0.86864424,0.9969493,-1.4695762e-16,-0.8,1.0,0.5175577402114868
1630,-0.015003255568444729,0,0.9143808484077454,inf,0.23862307,0.6428581,1.0039858,0.0,0.0,1.0,0.6857283711433411,1.5382936,-1.4933273,0.99904555,0.8,0.0,1.0,1.6658645868301392,-1.1403524,1.8178089,1.0012238,4.898587e-17,0.8,1.0,1.5285090208053589,-0.7969041,-0.17126708,0.9973856,-0.8,9.797174e-17,1.0,0.1713150143623352,-0.5158339,-0.86937743,0.99695325,-1.4695762e-16,-0.8,1.0,0.5204874277114868
1631,-0.015100241638720036,0,0.9199703335762024,inf,0.24005122,0.64712316,1.0039828,0.0,0.0,1.0,0.690223753452301,1.5405918,-1.503215,0.99905187,0.8,0.0,1.0,1.675748348236084,-1.1469156,1.8246,1.0012254,4.898587e-17,0.8,1.0,1.5379278659820557,-0.7975972,-0.17249237,0.9973869,-0.8,9.797174e-17,1.0,0.17252889275550842,-0.5186964,-0.87011313,0.996957,-1.4695762e-16,-0.8,1.0,0.5234224796295166
1632,-0.015197835862636566,0,0.9255743026733398,inf,0.24148282,0.6514029,1.0039797,0.0,0.0,1.0,0.6947340965270996,1.542875,-1.5131295,0.99905807,0.8,0.0,1.0,1.685652732849121,-1.1534916,1.8314131,1.0012269,4.898587e-17,0.8,1.0,1.5473710298538208,-0.7982957,-0.17372295,0.99738806,-0.8,9.797174e-17,1.0,0.17375095188617706,-0.5215639,-0.87085134,0.99696076,-1.4695762e-16,-0.8,1.0,0.5263630151748657
1633,-0.015295718796551228,0,0.9311932325363159,inf,0.24291784,0.6556973,1.0039762,0.0,0.0,1.0,0.6992595195770264,1.5451431,-1.5230707,0.99906427,0.8,0.0,1.0,1.695577621459961,-1.1600807,1.8382484,1.0012282,4.898587e-17,0.8,1.0,1.556839108467102,-0.79899955,-0.1749589,0.9973893,-0.8,9.797174e-17,1.0,0.1749812364578247,-0.52443624,-0.871592,0.9969647,-1.4695762e-16,-0.8,1.0,0.5293089747428894
1634,-0.015393436886370182,0,0.9368270039558411,inf,0.24435629,0.66000634,1.0039726,0.0,0.0,1.0,0.703799843788147,1.5473958,-1.5330386,0.99907047,0.8,0.0,1.0,1.7055230140686035,-1.1666824,1.8451058,1.0012299,4.898587e-17,0.8,1.0,1.5663317441940308,-0.7997087,-0.17620017,0.99739033,-0.8,9.797174e-17,1.0,0.17621973156929016,-0.5273134,-0.872335,0.9969687,-1.4695762e-16,-0.8,1.0,0.5322602391242981
1635,-0.015491444617509842,0,0.9424751996994019,inf,0.24579817,0.6643301,1.0039697,0.0,0.0,1.0,0.7083551287651062,1.5496333,-1.543033,0.99907666,0.8,0.0,1.0,1.7154887914657593,-1.1732968,1.8519852,1.0012314,4.898587e-17,0.8,1.0,1.575848937034607,-0.8004233,-0.17744686,0.9973917,-0.8,9.797174e-17,1.0,0.1774665266275406,-0.5301954,-0.8730805,0.9969725,-1.4695762e-16,-0.8,1.0,0.5352168679237366
1636,-0.015590191818773746,0,0.9481381177902222,inf,0.2472435,0.66866857,1.0039665,0.0,0.0,1.0,0.7129254937171936,1.551855,-1.5530536,0.99908286,0.8,0.0,1.0,1.72547447681427,-1.1799239,1.8588867,1.001233,4.898587e-17,0.8,1.0,1.5853904485702515,-0.8011433,-0.17869888,0.9973929,-0.8,9.797174e-17,1.0,0.1787215620279312,-0.53308225,-0.87382835,0.99697644,-1.4695762e-16,-0.8,1.0,0.5381788611412048
1637,-0.01568923518061638,0,0.9538156390190125,inf,0.24869221,0.6730216,1.0039626,0.0,0.0,1.0,0.7175107002258301,1.5540609,-1.5631005,0.99908906,0.8,0.0,1.0,1.7354801893234253,-1.1865635,1.8658103,1.0012343,4.898587e-17,0.8,1.0,1.5949562788009644,-0.8018686,-0.17995633,0.997394,-0.8,9.797174e-17,1.0,0.1799848973751068,-0.53597385,-0.8745786,0.9969805,-1.4695762e-16,-0.8,1.0,0.5411460399627686
1638,-0.015788113698363304,0,0.9595076441764832,inf,0.25014436,0.6773895,1.003959,0.0,0.0,1.0,0.7221111059188843,1.5562509,-1.5731734,0.99909514,0.8,0.0,1.0,1.745505928993225,-1.1932155,1.8727558,1.001236,4.898587e-17,0.8,1.0,1.6045465469360352,-0.8025994,-0.18121916,0.9973951,-0.8,9.797174e-17,1.0,0.1812565177679062,-0.5388703,-0.87533116,0.99698466,-1.4695762e-16,-0.8,1.0,0.5441185832023621
1639,-0.01588728092610836,0,0.9652142524719238,inf,0.25159994,0.68177205,1.0039558,0.0,0.0,1.0,0.7267264723777771,1.5584248,-1.5832723,0.9991013,0.8,0.0,1.0,1.7555512189865112,-1.1998799,1.8797234,1.0012375,4.898587e-17,0.8,1.0,1.6141610145568848,-0.8033356,-0.18248746,0.99739647,-0.8,9.797174e-17,1.0,0.1825365126132965,-0.54177135,-0.87608606,0.99698865,-1.4695762e-16,-0.8,1.0,0.5470962524414062
1640,-0.01598718762397766,0,0.9709353446960449,inf,0.25305894,0.6861694,1.0039524,0.0,0.0,1.0,0.7313568592071533,1.5605825,-1.593397,0.9991074,0.8,0.0,1.0,1.7656161785125732,-1.2065564,1.886713,1.0012391,4.898587e-17,0.8,1.0,1.6237995624542236,-0.8040772,-0.18376115,0.99739766,-0.8,9.797174e-17,1.0,0.1838247925043106,-0.5446772,-0.8768432,0.9969927,-1.4695762e-16,-0.8,1.0,0.5500792264938354
1641,-0.01608739048242569,0,0.9766707420349121,inf,0.2545213,0.6905813,1.0039485,0.0,0.0,1.0,0.7360022068023682,1.5627238,-1.6035475,0.99911356,0.8,0.0,1.0,1.775700569152832,-1.2132452,1.8937247,1.0012405,4.898587e-17,0.8,1.0,1.6334623098373413,-0.80482423,-0.18504031,0.9973988,-0.8,9.797174e-17,1.0,0.18512146174907684,-0.5475877,-0.87760276,0.99699694,-1.4695762e-16,-0.8,1.0,0.5530673265457153
1642,-0.016187429428100586,0,0.9824207425117493,inf,0.2559871,0.6950081,1.0039446,0.0,0.0,1.0,0.740662693977356,1.5648484,-1.6137235,0.9991196,0.8,0.0,1.0,1.7858043909072876,-1.219946,1.9007583,1.001242,4.898587e-17,0.8,1.0,1.6431490182876587,-0.80557674,-0.18632491,0.9973998,-0.8,9.797174e-17,1.0,0.18642647564411163,-0.5505029,-0.8783645,0.99700123,-1.4695762e-16,-0.8,1.0,0.5560606718063354
1643,-0.016287755221128464,0,0.9881848096847534,inf,0.25745633,0.69944966,1.0039413,0.0,0.0,1.0,0.7453382611274719,1.5669564,-1.6239251,0.99912566,0.8,0.0,1.0,1.7959274053573608,-1.2266588,1.9078138,1.0012436,4.898587e-17,0.8,1.0,1.6528595685958862,-0.80633473,-0.187615,0.9974012,-0.8,9.797174e-17,1.0,0.18773990869522095,-0.55342275,-0.8791285,0.9970054,-1.4695762e-16,-0.8,1.0,0.5590590834617615
1644,-0.016388820484280586,0,0.9939634203910828,inf,0.25892895,0.70390594,1.0039377,0.0,0.0,1.0,0.7500288486480713,1.5690475,-1.6341518,0.9991317,0.8,0.0,1.0,1.8060694932937622,-1.2333834,1.9148914,1.0012451,4.898587e-17,0.8,1.0,1.662593960762024,-0.8070982,-0.18891057,0.99740237,-0.8,9.797174e-17,1.0,0.1890617311000824,-0.5563472,-0.87989473,0.9970096,-1.4695762e-16,-0.8,1.0,0.5620625615119934
1645,-0.016490180045366287,0,0.9997560381889343,inf,0.26040494,0.70837694,1.0039337,0.0,0.0,1.0,0.754734456539154,1.5711216,-1.6444038,0.9991377,0.8,0.0,1.0,1.8162305355072021,-1.2401199,1.9219909,1.0012466,4.898587e-17,0.8,1.0,1.6723524332046509,-0.8078671,-0.19021167,0.9974035,-0.8,9.797174e-17,1.0,0.19039200246334076,-0.5592762,-0.8806632,0.997014,-1.4695762e-16,-0.8,1.0,0.5650711059570312
1646,-0.016591373831033707,0,1.0055630207061768,inf,0.26188436,0.7128628,1.0039296,0.0,0.0,1.0,0.7594552040100098,1.5731784,-1.6546808,0.99914366,0.8,0.0,1.0,1.826410174369812,-1.2468681,1.9291123,1.0012481,4.898587e-17,0.8,1.0,1.6821343898773193,-0.8086415,-0.19151825,0.99740446,-0.8,9.797174e-17,1.0,0.19173067808151245,-0.56220984,-0.88143384,0.99701846,-1.4695762e-16,-0.8,1.0,0.568084716796875
1647,-0.016692856326699257,0,1.01138436794281,inf,0.26336718,0.7173635,1.003926,0.0,0.0,1.0,0.7641911506652832,1.575218,-1.6649829,0.9991497,0.8,0.0,1.0,1.8366087675094604,-1.2536279,1.9362557,1.0012497,4.898587e-17,0.8,1.0,1.691940188407898,-0.8094215,-0.1928304,0.9974058,-0.8,9.797174e-17,1.0,0.19307784736156464,-0.565148,-0.8822067,0.9970228,-1.4695762e-16,-0.8,1.0,0.5711033940315247
1648,-0.016795074567198753,0,1.0172195434570312,inf,0.2648534,0.72187895,1.0039223,0.0,0.0,1.0,0.76894211769104,1.57724,-1.6753097,0.9991557,0.8,0.0,1.0,1.8468257188796997,-1.2603992,1.943421,1.0012511,4.898587e-17,0.8,1.0,1.701769471168518,-0.8102069,-0.19414805,0.99740696,-0.8,9.797174e-17,1.0,0.19443345069885254,-0.5680907,-0.8829816,0.9970272,-1.4695762e-16,-0.8,1.0,0.5741270184516907
1649,-0.016897374764084816,0,1.023068904876709,inf,0.26634297,0.72640914,1.0039182,0.0,0.0,1.0,0.7737080454826355,1.5792444,-1.6856611,0.99916166,0.8,0.0,1.0,1.8570610284805298,-1.267182,1.9506081,1.0012525,4.898587e-17,0.8,1.0,1.7116222381591797,-0.81099784,-0.19547129,0.99740803,-0.8,9.797174e-17,1.0,0.19579757750034332,-0.5710379,-0.88375866,0.99703175,-1.4695762e-16,-0.8,1.0,0.577155590057373
1650,-0.016999628394842148,0,1.0289324522018433,inf,0.26783586,0.7309542,1.003914,0.0,0.0,1.0,0.7784891724586487,1.581231,-1.696037,0.9991675,0.8,0.0,1.0,1.8673146963119507,-1.2739762,1.9578173,1.0012541,4.898587e-17,0.8,1.0,1.7214988470077515,-0.81179434,-0.19680005,0.997409,-0.8,9.797174e-17,1.0,0.1971701830625534,-0.5739895,-0.8845379,0.9970364,-1.4695762e-16,-0.8,1.0,0.5801891088485718
1651,-0.01710178516805172,0,1.0348098278045654,inf,0.26933217,0.7355141,1.0039103,0.0,0.0,1.0,0.7832854390144348,1.5831997,-1.7064375,0.9991735,0.8,0.0,1.0,1.8775866031646729,-1.2807815,1.9650482,1.0012555,4.898587e-17,0.8,1.0,1.731398344039917,-0.81259644,-0.19813435,0.99741024,-0.8,9.797174e-17,1.0,0.1985512375831604,-0.57694566,-0.8853192,0.997041,-1.4695762e-16,-0.8,1.0,0.5832276344299316
1652,-0.017204681411385536,0,1.040701150894165,inf,0.2708318,0.7400888,1.0039064,0.0,0.0,1.0,0.7880968451499939,1.5851504,-1.7168621,0.9991794,0.8,0.0,1.0,1.8878763914108276,-1.2875981,1.972301,1.001257,4.898587e-17,0.8,1.0,1.7413214445114136,-0.8134042,-0.19947404,0.9974113,-0.8,9.797174e-17,1.0,0.19994065165519714,-0.57990617,-0.8861025,0.9970456,-1.4695762e-16,-0.8,1.0,0.5862708687782288
1653,-0.017308326438069344,0,1.046606421470642,inf,0.2723348,0.7446784,1.003902,0.0,0.0,1.0,0.7929232716560364,1.5870827,-1.7273108,0.9991853,0.8,0.0,1.0,1.8981839418411255,-1.2944257,1.9795756,1.0012583,4.898587e-17,0.8,1.0,1.751267671585083,-0.8142175,-0.200819,0.99741226,-0.8,9.797174e-17,1.0,0.2013382911682129,-0.5828711,-0.8868879,0.9970504,-1.4695762e-16,-0.8,1.0,0.5893189907073975
1654,-0.01741136610507965,0,1.052525520324707,inf,0.27384117,0.7492828,1.0038977,0.0,0.0,1.0,0.7977649569511414,1.5889966,-1.7377836,0.9991911,0.8,0.0,1.0,1.908509373664856,-1.3012644,1.9868722,1.0012597,4.898587e-17,0.8,1.0,1.7612371444702148,-0.8150364,-0.20216931,0.9974132,-0.8,9.797174e-17,1.0,0.20274421572685242,-0.5858404,-0.88767534,0.99705523,-1.4695762e-16,-0.8,1.0,0.5923720002174377
1655,-0.017514681443572044,0,1.0584584474563599,inf,0.2753508,0.7539021,1.0038937,0.0,0.0,1.0,0.8026216626167297,1.5908921,-1.7482803,0.999197,0.8,0.0,1.0,1.91885244846344,-1.3081139,1.9941905,1.0012611,4.898587e-17,0.8,1.0,1.7712297439575195,-0.81586087,-0.20352493,0.9974144,-0.8,9.797174e-17,1.0,0.20415839552879333,-0.5888141,-0.88846475,0.99706,-1.4695762e-16,-0.8,1.0,0.5954297780990601
1656,-0.0176188126206398,0,1.064405083656311,inf,0.2768636,0.7585362,1.0038898,0.0,0.0,1.0,0.8074935078620911,1.5927688,-1.7588006,0.9992029,0.8,0.0,1.0,1.929213047027588,-1.3149744,2.0015306,1.0012625,4.898587e-17,0.8,1.0,1.781245470046997,-0.816691,-0.20488575,0.9974155,-0.8,9.797174e-17,1.0,0.2055807262659073,-0.5917921,-0.8892562,0.9970648,-1.4695762e-16,-0.8,1.0,0.598492443561554
1657,-0.01772410236299038,0,1.0703651905059814,inf,0.27837968,0.76318514,1.0038851,0.0,0.0,1.0,0.8123803734779358,1.5946268,-1.7693446,0.99920875,0.8,0.0,1.0,1.9395908117294312,-1.3218455,2.0088925,1.0012637,4.898587e-17,0.8,1.0,1.7912840843200684,-0.8175267,-0.20625167,0.9974164,-0.8,9.797174e-17,1.0,0.2070111334323883,-0.59477437,-0.8900496,0.99706984,-1.4695762e-16,-0.8,1.0,0.6015596985816956
1658,-0.017828768119215965,0,1.0763390064239502,inf,0.27989897,0.76784897,1.0038806,0.0,0.0,1.0,0.8172824382781982,1.5964656,-1.7799119,0.99921453,0.8,0.0,1.0,1.9499857425689697,-1.3287272,2.0162761,1.0012652,4.898587e-17,0.8,1.0,1.8013454675674438,-0.8183679,-0.2076227,0.9974173,-0.8,9.797174e-17,1.0,0.2084496021270752,-0.597761,-0.89084494,0.99707496,-1.4695762e-16,-0.8,1.0,0.6046317219734192
1659,-0.017933707684278488,0,1.0823264122009277,inf,0.2814214,0.77252775,1.0038766,0.0,0.0,1.0,0.8221995830535889,1.5982854,-1.7905027,0.9992204,0.8,0.0,1.0,1.9603979587554932,-1.3356196,2.0236816,1.0012665,4.898587e-17,0.8,1.0,1.8114298582077026,-0.81921476,-0.20899887,0.9974185,-0.8,9.797174e-17,1.0,0.20989616215229034,-0.6007518,-0.8916422,0.99707997,-1.4695762e-16,-0.8,1.0,0.6077084541320801
1660,-0.018039340153336525,0,1.0883272886276245,inf,0.28294688,0.7772213,1.0038724,0.0,0.0,1.0,0.8271317481994629,1.600086,-1.8011166,0.99922615,0.8,0.0,1.0,1.9708271026611328,-1.3425224,2.0311089,1.0012679,4.898587e-17,0.8,1.0,1.8215370178222656,-0.8200672,-0.21038005,0.99741954,-0.8,9.797174e-17,1.0,0.2113506942987442,-0.60374695,-0.8924414,0.997085,-1.4695762e-16,-0.8,1.0,0.6107898950576782
1661,-0.018145713955163956,0,1.094341516494751,inf,0.28447548,0.78192973,1.0038676,0.0,0.0,1.0,0.8320789337158203,1.6018671,-1.8117535,0.99923193,0.8,0.0,1.0,1.98127281665802,-1.3494356,2.0385578,1.001269,4.898587e-17,0.8,1.0,1.8316669464111328,-0.82092535,-0.21176612,0.99742043,-0.8,9.797174e-17,1.0,0.2128130942583084,-0.6067462,-0.89324254,0.9970902,-1.4695762e-16,-0.8,1.0,0.6138758659362793
1662,-0.018251916393637657,0,1.1003692150115967,inf,0.28600717,0.78665304,1.003863,0.0,0.0,1.0,0.8370411992073059,1.6036286,-1.8224133,0.99923766,0.8,0.0,1.0,1.9917353391647339,-1.356359,2.0460286,1.0012704,4.898587e-17,0.8,1.0,1.841819405555725,-0.82178897,-0.21315713,0.9974213,-0.8,9.797174e-17,1.0,0.21428339183330536,-0.60974973,-0.8940455,0.9970956,-1.4695762e-16,-0.8,1.0,0.6169665455818176
1663,-0.018357476219534874,0,1.106410264968872,inf,0.28754196,0.7913913,1.0038587,0.0,0.0,1.0,0.8420186638832092,1.6053705,-1.833096,0.99924344,0.8,0.0,1.0,2.0022144317626953,-1.3632927,2.053521,1.0012717,4.898587e-17,0.8,1.0,1.851994514465332,-0.8226582,-0.21455307,0.9974225,-0.8,9.797174e-17,1.0,0.21576157212257385,-0.6127573,-0.89485025,0.99710083,-1.4695762e-16,-0.8,1.0,0.6200616955757141
1664,-0.018463769927620888,0,1.112464427947998,inf,0.28907982,0.79614455,1.0038549,0.0,0.0,1.0,0.8470113277435303,1.6070927,-1.8438011,0.99924916,0.8,0.0,1.0,2.0127100944519043,-1.3702365,2.061035,1.0012732,4.898587e-17,0.8,1.0,1.862191915512085,-0.8235331,-0.21595383,0.99742365,-0.8,9.797174e-17,1.0,0.21724756062030792,-0.61576915,-0.8956569,0.99710596,-1.4695762e-16,-0.8,1.0,0.6231614947319031
1665,-0.01857016235589981,0,1.1185319423675537,inf,0.29062077,0.8009126,1.0038509,0.0,0.0,1.0,0.8520189523696899,1.608795,-1.8545285,0.99925506,0.8,0.0,1.0,2.023221731185913,-1.3771904,2.0685706,1.0012743,4.898587e-17,0.8,1.0,1.8724119663238525,-0.8244137,-0.21735938,0.997425,-0.8,9.797174e-17,1.0,0.218741312623024,-0.618785,-0.89646536,0.99711114,-1.4695762e-16,-0.8,1.0,0.6262657642364502
1666,-0.018677279353141785,0,1.1246123313903809,inf,0.29216474,0.80569565,1.0038469,0.0,0.0,1.0,0.8570417165756226,1.6104773,-1.8652776,0.99926084,0.8,0.0,1.0,2.0337488651275635,-1.3841541,2.076128,1.0012757,4.898587e-17,0.8,1.0,1.8826541900634766,-0.8253001,-0.21876961,0.99742633,-0.8,9.797174e-17,1.0,0.2202427238225937,-0.6218051,-0.8972757,0.99711645,-1.4695762e-16,-0.8,1.0,0.629374623298645
1667,-0.01878519542515278,0,1.1307059526443481,inf,0.2937118,0.8104935,1.0038425,0.0,0.0,1.0,0.8620795607566833,1.612139,-1.8760484,0.99926674,0.8,0.0,1.0,2.0442914962768555,-1.3911277,2.083707,1.0012769,4.898587e-17,0.8,1.0,1.8929189443588257,-0.8261924,-0.2201845,0.9974276,-0.8,9.797174e-17,1.0,0.22175182402133942,-0.6248292,-0.89808786,0.9971219,-1.4695762e-16,-0.8,1.0,0.632487952709198
1668,-0.018893472850322723,0,1.136812448501587,inf,0.2952619,0.8153063,1.0038373,0.0,0.0,1.0,0.8671324253082275,1.61378,-1.8868406,0.9992724,0.8,0.0,1.0,2.05484938621521,-1.3981111,2.0913079,1.0012779,4.898587e-17,0.8,1.0,1.9032058715820312,-0.82709044,-0.22160396,0.99742854,-0.8,9.797174e-17,1.0,0.22326849400997162,-0.6278573,-0.8989019,0.99712765,-1.4695762e-16,-0.8,1.0,0.6356057524681091
1669,-0.019002031534910202,0,1.1429316997528076,inf,0.296815,0.82013404,1.0038323,0.0,0.0,1.0,0.8722004890441895,1.6154001,-1.8976543,0.9992782,0.8,0.0,1.0,2.065422296524048,-1.4051042,2.0989301,1.0012791,4.898587e-17,0.8,1.0,1.9135147333145142,-0.8279945,-0.22302797,0.9974297,-0.8,9.797174e-17,1.0,0.2247927337884903,-0.63088953,-0.89971775,0.9971335,-1.4695762e-16,-0.8,1.0,0.6387280225753784
1670,-0.01911020278930664,0,1.1490638256072998,inf,0.29837117,0.8249767,1.0038272,0.0,0.0,1.0,0.8772836327552795,1.616999,-1.9084891,0.9992838,0.8,0.0,1.0,2.076010227203369,-1.4121068,2.106574,1.0012804,4.898587e-17,0.8,1.0,1.923845887184143,-0.82890457,-0.22445641,0.9974307,-0.8,9.797174e-17,1.0,0.22632445394992828,-0.6339258,-0.9005354,0.9971394,-1.4695762e-16,-0.8,1.0,0.6418547034263611
1671,-0.019218184053897858,0,1.155208706855774,inf,0.2999303,0.82983434,1.0038226,0.0,0.0,1.0,0.8823819160461426,1.6185769,-1.9193453,0.9992895,0.8,0.0,1.0,2.086613178253174,-1.419119,2.1142395,1.0012816,4.898587e-17,0.8,1.0,1.9341990947723389,-0.8298207,-0.22588928,0.9974321,-0.8,9.797174e-17,1.0,0.2278636246919632,-0.636966,-0.90135497,0.99714524,-1.4695762e-16,-0.8,1.0,0.6449857354164124
1672,-0.019326433539390564,0,1.16136634349823,inf,0.3014923,0.834707,1.0038183,0.0,0.0,1.0,0.8874953389167786,1.6201336,-1.930222,0.9992952,0.8,0.0,1.0,2.0972306728363037,-1.4261405,2.1219265,1.001283,4.898587e-17,0.8,1.0,1.9445741176605225,-0.8307429,-0.22732647,0.99743354,-0.8,9.797174e-17,1.0,0.22941018640995026,-0.64001024,-0.9021764,0.99715096,-1.4695762e-16,-0.8,1.0,0.6481212973594666
1673,-0.019434945657849312,0,1.1675366163253784,inf,0.30305713,0.83959454,1.003814,0.0,0.0,1.0,0.892623782157898,1.621669,-1.9411196,0.99930096,0.8,0.0,1.0,2.107862710952759,-1.4331715,2.129635,1.0012842,4.898587e-17,0.8,1.0,1.9549710750579834,-0.8316713,-0.22876796,0.99743515,-0.8,9.797174e-17,1.0,0.23096412420272827,-0.6430584,-0.9029996,0.9971566,-1.4695762e-16,-0.8,1.0,0.6512611508369446
1674,-0.019544178619980812,0,1.1737192869186401,inf,0.30462468,0.8444971,1.0038097,0.0,0.0,1.0,0.8977672457695007,1.6231828,-1.9520371,0.9993067,0.8,0.0,1.0,2.1185085773468018,-1.4402117,2.1373653,1.0012854,4.898587e-17,0.8,1.0,1.9653898477554321,-0.8326059,-0.23021366,0.9974368,-0.8,9.797174e-17,1.0,0.23252536356449127,-0.6461106,-0.9038246,0.99716246,-1.4695762e-16,-0.8,1.0,0.6544054746627808
1675,-0.01965438202023506,0,1.1799143552780151,inf,0.30619487,0.8494144,1.0038048,0.0,0.0,1.0,0.9029255509376526,1.6246747,-1.9629745,0.9993125,0.8,0.0,1.0,2.1291682720184326,-1.4472609,2.145117,1.0012865,4.898587e-17,0.8,1.0,1.975830316543579,-0.8335468,-0.23166351,0.9974383,-0.8,9.797174e-17,1.0,0.23409385979175568,-0.64916664,-0.9046515,0.9971685,-1.4695762e-16,-0.8,1.0,0.657554030418396
1676,-0.019765302538871765,0,1.186121940612793,inf,0.3077676,0.8543467,1.0037993,0.0,0.0,1.0,0.9080988764762878,1.6261445,-1.9739319,0.9993181,0.8,0.0,1.0,2.1398415565490723,-1.4543192,2.1528902,1.0012878,4.898587e-17,0.8,1.0,1.9862924814224243,-0.834494,-0.23311752,0.9974397,-0.8,9.797174e-17,1.0,0.23566962778568268,-0.6522266,-0.9054802,0.99717474,-1.4695762e-16,-0.8,1.0,0.6607069373130798
1677,-0.019876953214406967,0,1.1923418045043945,inf,0.3093428,0.85929394,1.0037938,0.0,0.0,1.0,0.9132871627807617,1.6275918,-1.9849089,0.9993238,0.8,0.0,1.0,2.1505284309387207,-1.4613867,2.1606848,1.001289,4.898587e-17,0.8,1.0,1.9967764616012573,-0.8354475,-0.23457573,0.9974411,-0.8,9.797174e-17,1.0,0.23725269734859467,-0.6552905,-0.9063108,0.9971811,-1.4695762e-16,-0.8,1.0,0.6638641357421875
1678,-0.019987046718597412,0,1.1985738277435303,inf,0.31092054,0.8642564,1.0037884,0.0,0.0,1.0,0.9184906482696533,1.6290168,-1.9959056,0.9993293,0.8,0.0,1.0,2.1612284183502197,-1.468463,2.168501,1.0012906,4.898587e-17,0.8,1.0,2.007281541824341,-0.8364074,-0.23603818,0.99744236,-0.8,9.797174e-17,1.0,0.23884317278862,-0.6583582,-0.9071432,0.99718755,-1.4695762e-16,-0.8,1.0,0.6670255661010742
1679,-0.02009740099310875,0,1.2048183679580688,inf,0.31250075,0.8692339,1.0037832,0.0,0.0,1.0,0.9237091541290283,1.630419,-2.0069218,0.99933505,0.8,0.0,1.0,2.1719417572021484,-1.475548,2.1763387,1.0012919,4.898587e-17,0.8,1.0,2.017808675765991,-0.837374,-0.23750481,0.99744415,-0.8,9.797174e-17,1.0,0.24044100940227509,-0.6614298,-0.9079774,0.997194,-1.4695762e-16,-0.8,1.0,0.6701913475990295
1680,-0.020208027213811874,0,1.2110750675201416,inf,0.31408334,0.8742265,1.0037786,0.0,0.0,1.0,0.9289427399635315,1.6317987,-2.0179572,0.99934065,0.8,0.0,1.0,2.1826682090759277,-1.4826418,2.1841977,1.0012934,4.898587e-17,0.8,1.0,2.0283570289611816,-0.8383471,-0.23897558,0.9974461,-0.8,9.797174e-17,1.0,0.24204617738723755,-0.66450524,-0.9088134,0.9972003,-1.4695762e-16,-0.8,1.0,0.6733612418174744
1681,-0.020319366827607155,0,1.2173439264297485,inf,0.31566826,0.87923425,1.0037737,0.0,0.0,1.0,0.9341914057731628,1.6331558,-2.0290112,0.99934644,0.8,0.0,1.0,2.1934072971343994,-1.4897442,2.192078,1.0012947,4.898587e-17,0.8,1.0,2.038926601409912,-0.83932674,-0.24045056,0.9974484,-0.8,9.797174e-17,1.0,0.24365872144699097,-0.6675844,-0.9096513,0.9972067,-1.4695762e-16,-0.8,1.0,0.676535427570343
1682,-0.0204305499792099,0,1.2236248254776,inf,0.31725538,0.884257,1.0037688,0.0,0.0,1.0,0.939454972743988,1.6344899,-2.040084,0.9993521,0.8,0.0,1.0,2.2041587829589844,-1.4968553,2.19998,1.0012962,4.898587e-17,0.8,1.0,2.0495173931121826,-0.8403132,-0.24192978,0.9974507,-0.8,9.797174e-17,1.0,0.2452787607908249,-0.67066747,-0.91049093,0.9972132,-1.4695762e-16,-0.8,1.0,0.6797138452529907
1683,-0.020542524755001068,0,1.2299176454544067,inf,0.31884468,0.8892948,1.0037634,0.0,0.0,1.0,0.9447335004806519,1.6358006,-2.0511749,0.9993579,0.8,0.0,1.0,2.2149224281311035,-1.5039747,2.2079034,1.0012975,4.898587e-17,0.8,1.0,2.0601296424865723,-0.8413064,-0.24341317,0.99745286,-0.8,9.797174e-17,1.0,0.24690620601177216,-0.6737542,-0.9113324,0.9972199,-1.4695762e-16,-0.8,1.0,0.6828963160514832
1684,-0.02065521664917469,0,1.2362221479415894,inf,0.32043606,0.8943476,1.0037576,0.0,0.0,1.0,0.9500268697738647,1.6370878,-2.0622838,0.9993635,0.8,0.0,1.0,2.2256977558135986,-1.5111026,2.215848,1.001299,4.898587e-17,0.8,1.0,2.070762872695923,-0.8423065,-0.24490067,0.9974547,-0.8,9.797174e-17,1.0,0.24854105710983276,-0.6768446,-0.91217583,0.9972268,-1.4695762e-16,-0.8,1.0,0.6860828995704651
1685,-0.0207681804895401,0,1.2425389289855957,inf,0.3220295,0.89941543,1.0037515,0.0,0.0,1.0,0.9553351402282715,1.6383513,-2.073411,0.99936914,0.8,0.0,1.0,2.236485242843628,-1.5182387,2.223814,1.0013008,4.898587e-17,0.8,1.0,2.0814170837402344,-0.8433134,-0.24639238,0.9974569,-0.8,9.797174e-17,1.0,0.2501833736896515,-0.67993855,-0.913021,0.99723387,-1.4695762e-16,-0.8,1.0,0.6892734169960022
1686,-0.020880838856101036,0,1.2488672733306885,inf,0.3236249,0.90449834,1.0037454,0.0,0.0,1.0,0.9606582522392273,1.639591,-2.0845559,0.9993747,0.8,0.0,1.0,2.247284412384033,-1.525383,2.2318015,1.0013027,4.898587e-17,0.8,1.0,2.092092514038086,-0.84432733,-0.24788831,0.9974589,-0.8,9.797174e-17,1.0,0.2518332302570343,-0.6830359,-0.9138681,0.99724096,-1.4695762e-16,-0.8,1.0,0.6924677491188049
1687,-0.020993303507566452,0,1.2552073001861572,inf,0.3252223,0.9095963,1.0037396,0.0,0.0,1.0,0.9659963846206665,1.6408067,-2.0957186,0.9993804,0.8,0.0,1.0,2.2580950260162354,-1.5325354,2.2398102,1.0013045,4.898587e-17,0.8,1.0,2.1027886867523193,-0.8453484,-0.24938844,0.9974615,-0.8,9.797174e-17,1.0,0.2534906566143036,-0.68613666,-0.9147171,0.99724823,-1.4695762e-16,-0.8,1.0,0.6956659555435181
1688,-0.021106017753481865,0,1.261559247970581,inf,0.32682163,0.91470945,1.0037342,0.0,0.0,1.0,0.9713494181632996,1.6419984,-2.106899,0.99938613,0.8,0.0,1.0,2.2689173221588135,-1.5396959,2.2478402,1.0013063,4.898587e-17,0.8,1.0,2.1135058403015137,-0.8463766,-0.2508927,0.9974644,-0.8,9.797174e-17,1.0,0.2551555633544922,-0.68924075,-0.91556793,0.9972554,-1.4695762e-16,-0.8,1.0,0.6988678574562073
1689,-0.021219201385974884,0,1.2679225206375122,inf,0.32842278,0.9198376,1.0037286,0.0,0.0,1.0,0.9767172932624817,1.6431661,-2.1180964,0.999392,0.8,0.0,1.0,2.279750347137451,-1.546864,2.2558916,1.0013082,4.898587e-17,0.8,1.0,2.1242434978485107,-0.8474119,-0.25240117,0.9974676,-0.8,9.797174e-17,1.0,0.25682806968688965,-0.69234824,-0.9164207,0.9972626,-1.4695762e-16,-0.8,1.0,0.7020736336708069
1690,-0.02133307419717312,0,1.2742974758148193,inf,0.33002573,0.9249808,1.003723,0.0,0.0,1.0,0.9821000099182129,1.6443095,-2.1293106,0.9993978,0.8,0.0,1.0,2.2905943393707275,-1.5540398,2.2639642,1.0013101,4.898587e-17,0.8,1.0,2.1350018978118896,-0.8484545,-0.25391388,0.99747086,-0.8,9.797174e-17,1.0,0.25850820541381836,-0.69545895,-0.9172753,0.99726987,-1.4695762e-16,-0.8,1.0,0.705282986164093
1691,-0.021447211503982544,0,1.2806837558746338,inf,0.33163047,0.93013895,1.003717,0.0,0.0,1.0,0.9874973893165588,1.6454283,-2.1405413,0.99940366,0.8,0.0,1.0,2.3014488220214844,-1.5612231,2.2720578,1.0013121,4.898587e-17,0.8,1.0,2.145780563354492,-0.8495044,-0.25543073,0.99747396,-0.8,9.797174e-17,1.0,0.26019594073295593,-0.6985728,-0.9181318,0.9972774,-1.4695762e-16,-0.8,1.0,0.7084959149360657
1692,-0.02156158909201622,0,1.287081241607666,inf,0.33323684,0.93531215,1.0037102,0.0,0.0,1.0,0.9929095506668091,1.6465222,-2.1517885,0.9994094,0.8,0.0,1.0,2.3123135566711426,-1.5684137,2.2801728,1.0013143,4.898587e-17,0.8,1.0,2.1565794944763184,-0.85056174,-0.25695175,0.997477,-0.8,9.797174e-17,1.0,0.26189130544662476,-0.7016897,-0.9189903,0.9972851,-1.4695762e-16,-0.8,1.0,0.7117123603820801
1693,-0.0216766856610775,0,1.2934900522232056,inf,0.33484492,0.9405004,1.0037034,0.0,0.0,1.0,0.9983364939689636,1.647591,-2.163052,0.9994151,0.8,0.0,1.0,2.323188543319702,-1.5756116,2.288309,1.0013167,4.898587e-17,0.8,1.0,2.1673989295959473,-0.85162646,-0.25847694,0.9974803,-0.8,9.797174e-17,1.0,0.2635943293571472,-0.70480955,-0.9198507,0.9972932,-1.4695762e-16,-0.8,1.0,0.7149321436882019
1694,-0.021791571751236916,0,1.2999101877212524,inf,0.3364546,0.9457037,1.0036964,0.0,0.0,1.0,1.003778338432312,1.6486347,-2.174332,0.99942076,0.8,0.0,1.0,2.334073781967163,-1.5828165,2.2964666,1.0013192,4.898587e-17,0.8,1.0,2.1782383918762207,-0.85269874,-0.2600064,0.9974835,-0.8,9.797174e-17,1.0,0.26530513167381287,-0.7079323,-0.92071307,0.99730116,-1.4695762e-16,-0.8,1.0,0.7181553244590759
1695,-0.021905789151787758,0,1.3063414096832275,inf,0.33806583,0.950922,1.0036898,0.0,0.0,1.0,1.0092347860336304,1.6496531,-2.1856277,0.9994266,0.8,0.0,1.0,2.3449690341949463,-1.5900284,2.304645,1.0013216,4.898587e-17,0.8,1.0,2.1890978813171387,-0.85377866,-0.26154006,0.9974872,-0.8,9.797174e-17,1.0,0.2670236825942993,-0.7110578,-0.9215774,0.9973093,-1.4695762e-16,-0.8,1.0,0.721381664276123
1696,-0.02202022820711136,0,1.3127835988998413,inf,0.33967856,0.9561554,1.0036834,0.0,0.0,1.0,1.014706015586853,1.6506463,-2.1969392,0.99943244,0.8,0.0,1.0,2.3558738231658936,-1.597247,2.3128448,1.001324,4.898587e-17,0.8,1.0,2.199977159500122,-0.8548662,-0.26307783,0.99749124,-0.8,9.797174e-17,1.0,0.2687499523162842,-0.7141859,-0.9224437,0.9973174,-1.4695762e-16,-0.8,1.0,0.7246110439300537
1697,-0.022135375067591667,0,1.3192367553710938,inf,0.3412928,0.9614039,1.0036769,0.0,0.0,1.0,1.02019202709198,1.6516142,-2.2082663,0.99943835,0.8,0.0,1.0,2.366788387298584,-1.6044722,2.3210654,1.0013267,4.898587e-17,0.8,1.0,2.210875988006592,-0.8559615,-0.26461983,0.9974954,-0.8,9.797174e-17,1.0,0.2704840302467346,-0.71731657,-0.923312,0.99732554,-1.4695762e-16,-0.8,1.0,0.7278434634208679
1698,-0.022251194342970848,0,1.3257007598876953,inf,0.34290838,0.9666674,1.0036703,0.0,0.0,1.0,1.0256927013397217,1.6525564,-2.2196083,0.99944425,0.8,0.0,1.0,2.3777120113372803,-1.6117039,2.3293073,1.0013293,4.898587e-17,0.8,1.0,2.221794843673706,-0.85706455,-0.26616612,0.99749976,-0.8,9.797174e-17,1.0,0.2722260355949402,-0.7204497,-0.92418236,0.99733377,-1.4695762e-16,-0.8,1.0,0.7310787439346313
1699,-0.022366808727383614,0,1.3321754932403564,inf,0.34452537,0.9719459,1.0036632,0.0,0.0,1.0,1.0312080383300781,1.6534728,-2.2309651,0.99945015,0.8,0.0,1.0,2.388644218444824,-1.6189418,2.3375702,1.001332,4.898587e-17,0.8,1.0,2.2327330112457275,-0.8581755,-0.26771656,0.997504,-0.8,9.797174e-17,1.0,0.2739758789539337,-0.7235852,-0.9250547,0.9973422,-1.4695762e-16,-0.8,1.0,0.7343169450759888
1700,-0.022482654079794884,0,1.3386611938476562,inf,0.34614363,0.9772394,1.0036559,0.0,0.0,1.0,1.0367379188537598,1.6543632,-2.2423368,0.999456,0.8,0.0,1.0,2.399585485458374,-1.626186,2.345854,1.0013349,4.898587e-17,0.8,1.0,2.2436907291412354,-0.8592944,-0.26927117,0.99750835,-0.8,9.797174e-17,1.0,0.2757335603237152,-0.72672296,-0.9259292,0.9973508,-1.4695762e-16,-0.8,1.0,0.7375577688217163
1701,-0.022598756477236748,0,1.3451571464538574,inf,0.34776318,0.98254794,1.0036486,0.0,0.0,1.0,1.0422825813293457,1.6552274,-2.2537227,0.9994619,0.8,0.0,1.0,2.4105353355407715,-1.6334363,2.3541589,1.001338,4.898587e-17,0.8,1.0,2.2546675205230713,-0.86042124,-0.27083,0.9975127,-0.8,9.797174e-17,1.0,0.2774991989135742,-0.72986287,-0.9268057,0.9973595,-1.4695762e-16,-0.8,1.0,0.740801215171814
1702,-0.022715400904417038,0,1.3516638278961182,inf,0.34938392,0.9878715,1.0036416,0.0,0.0,1.0,1.0478417873382568,1.6560656,-2.265123,0.9994678,0.8,0.0,1.0,2.4214932918548584,-1.6406924,2.362485,1.001341,4.898587e-17,0.8,1.0,2.2656638622283936,-0.8615561,-0.2723931,0.9975174,-0.8,9.797174e-17,1.0,0.27927282452583313,-0.73300487,-0.92768425,0.99736816,-1.4695762e-16,-0.8,1.0,0.744047224521637
1703,-0.02283136174082756,0,1.3581808805465698,inf,0.35100585,0.99321014,1.0036343,0.0,0.0,1.0,1.0534157752990723,1.6568776,-2.2765367,0.9994737,0.8,0.0,1.0,2.432459592819214,-1.6479542,2.3708317,1.001344,4.898587e-17,0.8,1.0,2.276679039001465,-0.8626992,-0.27396044,0.99752223,-0.8,9.797174e-17,1.0,0.2810545265674591,-0.73614883,-0.928565,0.9973769,-1.4695762e-16,-0.8,1.0,0.7472957372665405
1704,-0.02294844388961792,0,1.3647081851959229,inf,0.35262886,0.9985638,1.0036272,0.0,0.0,1.0,1.0590041875839233,1.6576632,-2.287964,0.9994796,0.8,0.0,1.0,2.4434332847595215,-1.6552217,2.3791993,1.0013471,4.898587e-17,0.8,1.0,2.287713050842285,-0.86385053,-0.27553192,0.99752724,-0.8,9.797174e-17,1.0,0.282844215631485,-0.7392947,-0.92944795,0.9973857,-1.4695762e-16,-0.8,1.0,0.7505466341972351
1705,-0.02306577004492283,0,1.3712459802627563,inf,0.35425296,1.0039325,1.0036194,0.0,0.0,1.0,1.0646072626113892,1.658422,-2.2994046,0.99948543,0.8,0.0,1.0,2.4544143676757812,-1.6624947,2.387588,1.0013503,4.898587e-17,0.8,1.0,2.2987663745880127,-0.86500996,-0.27710766,0.99753207,-0.8,9.797174e-17,1.0,0.28464195132255554,-0.7424424,-0.9303331,0.9973946,-1.4695762e-16,-0.8,1.0,0.7537999153137207
1706,-0.02318386547267437,0,1.377793788909912,inf,0.35587806,1.0093161,1.0036118,0.0,0.0,1.0,1.0702247619628906,1.659154,-2.3108582,0.9994913,0.8,0.0,1.0,2.4654030799865723,-1.6697729,2.3959975,1.0013536,4.898587e-17,0.8,1.0,2.309838056564331,-0.8661778,-0.27868766,0.997537,-0.8,9.797174e-17,1.0,0.2864478528499603,-0.7455919,-0.9312205,0.9974036,-1.4695762e-16,-0.8,1.0,0.7570553421974182
1707,-0.023300811648368835,0,1.3843518495559692,inf,0.35750413,1.0147148,1.0036039,0.0,0.0,1.0,1.0758570432662964,1.6598591,-2.3223245,0.99949706,0.8,0.0,1.0,2.476398468017578,-1.6770563,2.404428,1.001357,4.898587e-17,0.8,1.0,2.3209285736083984,-0.86735404,-0.28027192,0.9975419,-0.8,9.797174e-17,1.0,0.28826195001602173,-0.74874306,-0.9321102,0.99741274,-1.4695762e-16,-0.8,1.0,0.7603130340576172
1708,-0.02341843955218792,0,1.3909199237823486,inf,0.35913113,1.0201286,1.0035965,0.0,0.0,1.0,1.0815038681030273,1.6605372,-2.3338034,0.99950296,0.8,0.0,1.0,2.487401008605957,-1.6843448,2.412879,1.0013603,4.898587e-17,0.8,1.0,2.3320372104644775,-0.86853874,-0.28186035,0.9975471,-0.8,9.797174e-17,1.0,0.29008418321609497,-0.7518959,-0.9330021,0.99742174,-1.4695762e-16,-0.8,1.0,0.7635729908943176
1709,-0.023536846041679382,0,1.3974977731704712,inf,0.360759,1.0255573,1.003589,0.0,0.0,1.0,1.0871649980545044,1.6611885,-2.3452945,0.9995088,0.8,0.0,1.0,2.4984099864959717,-1.6916381,2.421351,1.0013635,4.898587e-17,0.8,1.0,2.3431646823883057,-0.86973196,-0.28345305,0.99755234,-0.8,9.797174e-17,1.0,0.2919146716594696,-0.7550503,-0.9338964,0.99743074,-1.4695762e-16,-0.8,1.0,0.7668349146842957
1710,-0.023655908182263374,0,1.4040858745574951,inf,0.3623877,1.0310011,1.0035813,0.0,0.0,1.0,1.0928407907485962,1.6618125,-2.3567975,0.9995145,0.8,0.0,1.0,2.509425163269043,-1.6989361,2.4298437,1.001367,4.898587e-17,0.8,1.0,2.3543100357055664,-0.8709337,-0.28505006,0.9975574,-0.8,9.797174e-17,1.0,0.2937534749507904,-0.75820625,-0.93479306,0.99743974,-1.4695762e-16,-0.8,1.0,0.7700989842414856
1711,-0.023773839697241783,0,1.410683512687683,inf,0.36401725,1.0364598,1.0035734,0.0,0.0,1.0,1.098530888557434,1.6624093,-2.3683124,0.9995203,0.8,0.0,1.0,2.520447015762329,-1.7062387,2.438357,1.0013704,4.898587e-17,0.8,1.0,2.365473985671997,-0.87214416,-0.2866513,0.9975624,-0.8,9.797174e-17,1.0,0.295600563287735,-0.7613637,-0.9356921,0.9974489,-1.4695762e-16,-0.8,1.0,0.7733650803565979
1712,-0.02389242686331272,0,1.4172910451889038,inf,0.3656476,1.0419337,1.0035659,0.0,0.0,1.0,1.1042357683181763,1.6629789,-2.3798387,0.9995261,0.8,0.0,1.0,2.5314748287200928,-1.7135458,2.4468913,1.0013738,4.898587e-17,0.8,1.0,2.3766558170318604,-0.8733634,-0.2882568,0.9975678,-0.8,9.797174e-17,1.0,0.2974559962749481,-0.7645226,-0.9365935,0.9974579,-1.4695762e-16,-0.8,1.0,0.7766331434249878
1713,-0.024011682718992233,0,1.4239082336425781,inf,0.3672788,1.0474226,1.0035583,0.0,0.0,1.0,1.1099551916122437,1.6635212,-2.391376,0.99953175,0.8,0.0,1.0,2.542508125305176,-1.7208573,2.455446,1.0013771,4.898587e-17,0.8,1.0,2.387855291366577,-0.8745913,-0.28986657,0.99757314,-0.8,9.797174e-17,1.0,0.299319863319397,-0.76768285,-0.9374973,0.9974669,-1.4695762e-16,-0.8,1.0,0.7799031138420105
1714,-0.02413160353899002,0,1.4305354356765747,inf,0.3689108,1.0529265,1.0035505,0.0,0.0,1.0,1.1156890392303467,1.6640359,-2.4029245,0.9995374,0.8,0.0,1.0,2.5535473823547363,-1.7281729,2.4640214,1.0013806,4.898587e-17,0.8,1.0,2.3990728855133057,-0.8758281,-0.29148063,0.9975783,-0.8,9.797174e-17,1.0,0.30119216442108154,-0.7708445,-0.93840355,0.9974759,-1.4695762e-16,-0.8,1.0,0.7831750512123108
1715,-0.024250632151961327,0,1.4371718168258667,inf,0.37054354,1.0584455,1.0035427,0.0,0.0,1.0,1.1214373111724854,1.6645232,-2.4144835,0.9995431,0.8,0.0,1.0,2.564591884613037,-1.7354925,2.4726176,1.0013841,4.898587e-17,0.8,1.0,2.410308361053467,-0.8770739,-0.29309902,0.99758345,-0.8,9.797174e-17,1.0,0.3030730187892914,-0.77400744,-0.93931234,0.997485,-1.4695762e-16,-0.8,1.0,0.7864488363265991
1716,-0.024369852617383003,0,1.4438178539276123,inf,0.37217706,1.0639795,1.0035352,0.0,0.0,1.0,1.1272003650665283,1.664983,-2.426053,0.99954873,0.8,0.0,1.0,2.575641632080078,-1.742816,2.4812343,1.0013875,4.898587e-17,0.8,1.0,2.4215612411499023,-0.8783286,-0.29472163,0.9975888,-0.8,9.797174e-17,1.0,0.3049623370170593,-0.7771716,-0.9402236,0.997494,-1.4695762e-16,-0.8,1.0,0.7897244095802307
1717,-0.02449018508195877,0,1.4504735469818115,inf,0.37381133,1.0695286,1.0035276,0.0,0.0,1.0,1.132977843284607,1.6654152,-2.4376328,0.99955434,0.8,0.0,1.0,2.586696147918701,-1.7501433,2.4898715,1.0013908,4.898587e-17,0.8,1.0,2.4328315258026123,-0.87959236,-0.29634857,0.99759424,-0.8,9.797174e-17,1.0,0.3068602383136749,-0.780337,-0.9411373,0.9975028,-1.4695762e-16,-0.8,1.0,0.7930017709732056
1718,-0.024610726162791252,0,1.4571385383605957,inf,0.37544635,1.0750927,1.0035198,0.0,0.0,1.0,1.1387697458267212,1.6658196,-2.4492223,0.9995598,0.8,0.0,1.0,2.5977554321289062,-1.7574743,2.4985292,1.0013943,4.898587e-17,0.8,1.0,2.444119453430176,-0.88086516,-0.29797986,0.9975995,-0.8,9.797174e-17,1.0,0.30876678228378296,-0.78350353,-0.9420536,0.99751174,-1.4695762e-16,-0.8,1.0,0.7962808609008789
1719,-0.02473057247698307,0,1.4638127088546753,inf,0.37708208,1.0806719,1.003512,0.0,0.0,1.0,1.1445763111114502,1.6661962,-2.4608216,0.99956536,0.8,0.0,1.0,2.6088194847106934,-1.7648088,2.5072076,1.0013976,4.898587e-17,0.8,1.0,2.4554245471954346,-0.88214725,-0.29961544,0.9976047,-0.8,9.797174e-17,1.0,0.3106820285320282,-0.7866711,-0.9429725,0.9975207,-1.4695762e-16,-0.8,1.0,0.7995615601539612
1720,-0.024850614368915558,0,1.4704965353012085,inf,0.3787185,1.0862662,1.0035045,0.0,0.0,1.0,1.1503974199295044,1.666545,-2.4724305,0.9995709,0.8,0.0,1.0,2.6198880672454834,-1.7721467,2.5159063,1.001401,4.898587e-17,0.8,1.0,2.4667468070983887,-0.8834386,-0.30125532,0.9976101,-0.8,9.797174e-17,1.0,0.31260594725608826,-0.78983974,-0.94389397,0.9975295,-1.4695762e-16,-0.8,1.0,0.8028439283370972
1721,-0.02497175894677639,0,1.477189302444458,inf,0.38035563,1.0918756,1.0034971,0.0,0.0,1.0,1.1562330722808838,1.6668661,-2.4840484,0.9995764,0.8,0.0,1.0,2.630960464477539,-1.7794878,2.5246255,1.0014042,4.898587e-17,0.8,1.0,2.478086471557617,-0.88473916,-0.30289954,0.9976155,-0.8,9.797174e-17,1.0,0.3145385980606079,-0.7930094,-0.9448181,0.9975382,-1.4695762e-16,-0.8,1.0,0.8061279654502869
1722,-0.02509356662631035,0,1.483891248703003,inf,0.3819934,1.0975,1.0034894,0.0,0.0,1.0,1.1620831489562988,1.667159,-2.495675,0.99958175,0.8,0.0,1.0,2.6420369148254395,-1.7868321,2.5333652,1.0014075,4.898587e-17,0.8,1.0,2.489443063735962,-0.88604915,-0.30454817,0.99762076,-0.8,9.797174e-17,1.0,0.31648018956184387,-0.79618,-0.9457448,0.997547,-1.4695762e-16,-0.8,1.0,0.809413492679596
1723,-0.025214221328496933,0,1.4906024932861328,inf,0.38363189,1.1031394,1.0034816,0.0,0.0,1.0,1.167947769165039,1.6674237,-2.5073104,0.9995871,0.8,0.0,1.0,2.6531169414520264,-1.7941796,2.5421252,1.001411,4.898587e-17,0.8,1.0,2.5008163452148438,-0.88736856,-0.30620113,0.9976259,-0.8,9.797174e-17,1.0,0.3184305727481842,-0.7993515,-0.9466742,0.99755585,-1.4695762e-16,-0.8,1.0,0.8127005696296692
1724,-0.025335058569908142,0,1.4973227977752686,inf,0.38527098,1.108794,1.0034742,0.0,0.0,1.0,1.173827052116394,1.6676606,-2.5189543,0.99959254,0.8,0.0,1.0,2.664200782775879,-1.8015299,2.5509057,1.0014142,4.898587e-17,0.8,1.0,2.512206792831421,-0.8886975,-0.3078584,0.99763125,-0.8,9.797174e-17,1.0,0.32038983702659607,-0.80252385,-0.9476063,0.9975645,-1.4695762e-16,-0.8,1.0,0.8159890174865723
1725,-0.025456994771957397,0,1.504051923751831,inf,0.3869107,1.1144637,1.003467,0.0,0.0,1.0,1.1797208786010742,1.6678692,-2.5306063,0.99959785,0.8,0.0,1.0,2.675287961959839,-1.8088832,2.5597067,1.0014173,4.898587e-17,0.8,1.0,2.5236141681671143,-0.890036,-0.30952007,0.9976367,-0.8,9.797174e-17,1.0,0.322358101606369,-0.80569696,-0.94854116,0.9975731,-1.4695762e-16,-0.8,1.0,0.81927889585495
1726,-0.025579586625099182,0,1.5107901096343994,inf,0.38855106,1.1201484,1.0034593,0.0,0.0,1.0,1.18562912940979,1.6680495,-2.5422661,0.9996031,0.8,0.0,1.0,2.686378002166748,-1.8162391,2.5685277,1.0014205,4.898587e-17,0.8,1.0,2.5350377559661865,-0.8913841,-0.31118616,0.99764186,-0.8,9.797174e-17,1.0,0.32433539628982544,-0.80887085,-0.94947875,0.99758166,-1.4695762e-16,-0.8,1.0,0.822570264339447
1727,-0.025701021775603294,0,1.517537236213684,inf,0.390192,1.1258483,1.0034517,0.0,0.0,1.0,1.191551923751831,1.6682014,-2.5539336,0.99960834,0.8,0.0,1.0,2.6974711418151855,-1.8235979,2.5773692,1.0014238,4.898587e-17,0.8,1.0,2.546478509902954,-0.892742,-0.31285664,0.997647,-0.8,9.797174e-17,1.0,0.3263217508792877,-0.8120454,-0.95041907,0.9975903,-1.4695762e-16,-0.8,1.0,0.8258628249168396
1728,-0.025822632014751434,0,1.5242931842803955,inf,0.39183354,1.1315633,1.0034444,0.0,0.0,1.0,1.1974893808364868,1.6683252,-2.5656085,0.9996136,0.8,0.0,1.0,2.7085671424865723,-1.8309592,2.586231,1.001427,4.898587e-17,0.8,1.0,2.5579357147216797,-0.89410955,-0.31453148,0.9976523,-0.8,9.797174e-17,1.0,0.32831716537475586,-0.8152206,-0.95136225,0.9975988,-1.4695762e-16,-0.8,1.0,0.829156756401062
1729,-0.025945328176021576,0,1.5310579538345337,inf,0.39347565,1.1372933,1.0034372,0.0,0.0,1.0,1.2034413814544678,1.6684204,-2.5772903,0.99961877,0.8,0.0,1.0,2.719665288925171,-1.8383231,2.595113,1.00143,4.898587e-17,0.8,1.0,2.5694093704223633,-0.89548695,-0.31621072,0.99765766,-0.8,9.797174e-17,1.0,0.3303217589855194,-0.8183964,-0.95230824,0.99760723,-1.4695762e-16,-0.8,1.0,0.8324518799781799
1730,-0.026068679988384247,0,1.537831425666809,inf,0.3951183,1.1430385,1.0034297,0.0,0.0,1.0,1.2094078063964844,1.6684872,-2.5889792,0.99962384,0.8,0.0,1.0,2.7307660579681396,-1.8456893,2.6040154,1.0014331,4.898587e-17,0.8,1.0,2.580899477005005,-0.89687425,-0.31789443,0.9976628,-0.8,9.797174e-17,1.0,0.33233559131622314,-0.8215728,-0.953257,0.99761564,-1.4695762e-16,-0.8,1.0,0.8357482552528381
1731,-0.026191318407654762,0,1.5446135997772217,inf,0.3967615,1.1487987,1.0034221,0.0,0.0,1.0,1.2153887748718262,1.6685253,-2.6006746,0.9996289,0.8,0.0,1.0,2.741868734359741,-1.8530579,2.6129377,1.0014364,4.898587e-17,0.8,1.0,2.5924060344696045,-0.8982715,-0.31958258,0.99766785,-0.8,9.797174e-17,1.0,0.33435872197151184,-0.82474965,-0.95420873,0.9976241,-1.4695762e-16,-0.8,1.0,0.8390458822250366
1732,-0.02631400339305401,0,1.5514044761657715,inf,0.39840522,1.1545742,1.0034148,0.0,0.0,1.0,1.2213844060897827,1.668535,-2.6123767,0.999634,0.8,0.0,1.0,2.752973794937134,-1.8604287,2.6218803,1.0014395,4.898587e-17,0.8,1.0,2.603928804397583,-0.8996788,-0.32127514,0.99767286,-0.8,9.797174e-17,1.0,0.3363911509513855,-0.82792693,-0.9551633,0.99763244,-1.4695762e-16,-0.8,1.0,0.8423444628715515
1733,-0.026436880230903625,0,1.5582040548324585,inf,0.40004948,1.1603646,1.0034076,0.0,0.0,1.0,1.227394461631775,1.6685163,-2.624085,0.9996391,0.8,0.0,1.0,2.764080762863159,-1.8678018,2.6308432,1.0014426,4.898587e-17,0.8,1.0,2.6154677867889404,-0.90109617,-0.32297215,0.99767804,-0.8,9.797174e-17,1.0,0.3384329080581665,-0.83110464,-0.95612085,0.99764067,-1.4695762e-16,-0.8,1.0,0.8456442356109619
1734,-0.026561543345451355,0,1.5650122165679932,inf,0.4016942,1.1661702,1.0034004,0.0,0.0,1.0,1.2334191799163818,1.6684692,-2.6357992,0.99964416,0.8,0.0,1.0,2.7751893997192383,-1.8751768,2.6398263,1.0014455,4.898587e-17,0.8,1.0,2.627023220062256,-0.90252364,-0.32467368,0.9976832,-0.8,9.797174e-17,1.0,0.3404841423034668,-0.8342827,-0.95708126,0.99764884,-1.4695762e-16,-0.8,1.0,0.8489450812339783
1735,-0.026685776188969612,0,1.571828842163086,inf,0.40333945,1.171991,1.0033933,0.0,0.0,1.0,1.239458441734314,1.6683936,-2.6475189,0.99964917,0.8,0.0,1.0,2.786299228668213,-1.8825539,2.6488292,1.0014485,4.898587e-17,0.8,1.0,2.638594388961792,-0.90396136,-0.32637972,0.99768835,-0.8,9.797174e-17,1.0,0.34254491329193115,-0.8374611,-0.9580447,0.99765706,-1.4695762e-16,-0.8,1.0,0.8522468209266663
1736,-0.026810627430677414,0,1.5786539316177368,inf,0.4049851,1.1778269,1.0033859,0.0,0.0,1.0,1.2455121278762817,1.6682895,-2.6592443,0.99965405,0.8,0.0,1.0,2.797410726547241,-1.8899329,2.6578524,1.0014514,4.898587e-17,0.8,1.0,2.650181770324707,-0.9054094,-0.32809016,0.9976934,-0.8,9.797174e-17,1.0,0.3446151614189148,-0.8406399,-0.9590111,0.9976652,-1.4695762e-16,-0.8,1.0,0.8555497527122498
1737,-0.026934288442134857,0,1.5854874849319458,inf,0.40663123,1.1836779,1.0033785,0.0,0.0,1.0,1.2515804767608643,1.6681567,-2.6709747,0.99965894,0.8,0.0,1.0,2.808523178100586,-1.8973135,2.6668956,1.0014544,4.898587e-17,0.8,1.0,2.661785125732422,-0.9068677,-0.32980514,0.9976984,-0.8,9.797174e-17,1.0,0.3466950058937073,-0.8438189,-0.9599805,0.99767345,-1.4695762e-16,-0.8,1.0,0.8588536381721497
1738,-0.02705901861190796,0,1.5923293828964233,inf,0.4082778,1.1895441,1.0033714,0.0,0.0,1.0,1.257663369178772,1.6679956,-2.6827104,0.9996639,0.8,0.0,1.0,2.819636821746826,-1.9046959,2.6759589,1.0014572,4.898587e-17,0.8,1.0,2.6734042167663574,-0.9083363,-0.33152455,0.9977034,-0.8,9.797174e-17,1.0,0.3487843871116638,-0.8469982,-0.96095294,0.9976815,-1.4695762e-16,-0.8,1.0,0.8621584177017212
1739,-0.02718348428606987,0,1.5991798639297485,inf,0.4099248,1.1954253,1.0033642,0.0,0.0,1.0,1.2637608051300049,1.6678059,-2.6944509,0.99966884,0.8,0.0,1.0,2.8307511806488037,-1.9120798,2.6850421,1.0014602,4.898587e-17,0.8,1.0,2.6850390434265137,-0.9098152,-0.33324856,0.99770844,-0.8,9.797174e-17,1.0,0.35088348388671875,-0.85017776,-0.96192837,0.9976895,-1.4695762e-16,-0.8,1.0,0.8654642701148987
1740,-0.02730903960764408,0,1.6060383319854736,inf,0.4115722,1.2013217,1.0033572,0.0,0.0,1.0,1.269872784614563,1.667588,-2.7061958,0.9996737,0.8,0.0,1.0,2.8418664932250977,-1.9194652,2.6941454,1.0014629,4.898587e-17,0.8,1.0,2.6966898441314697,-0.91130435,-0.33497706,0.9977135,-0.8,9.797174e-17,1.0,0.3529922366142273,-0.85335743,-0.96290696,0.9976974,-1.4695762e-16,-0.8,1.0,0.8687708973884583
1741,-0.027433406561613083,0,1.6129052639007568,inf,0.41322,1.2072333,1.0033498,0.0,0.0,1.0,1.2759993076324463,1.6673416,-2.7179453,0.99967855,0.8,0.0,1.0,2.85298228263855,-1.9268519,2.7032688,1.0014659,4.898587e-17,0.8,1.0,2.7083561420440674,-0.9128038,-0.33671018,0.9977184,-0.8,9.797174e-17,1.0,0.355110764503479,-0.85653734,-0.9638886,0.9977054,-1.4695762e-16,-0.8,1.0,0.872078537940979
1742,-0.027558831498026848,0,1.6197805404663086,inf,0.41486815,1.21316,1.0033426,0.0,0.0,1.0,1.2821403741836548,1.6670669,-2.729699,0.9996834,0.8,0.0,1.0,2.86409854888916,-1.9342399,2.7124119,1.0014687,4.898587e-17,0.8,1.0,2.7200379371643066,-0.9143137,-0.33844784,0.9977232,-0.8,9.797174e-17,1.0,0.3572390675544739,-0.85971737,-0.9648733,0.9977133,-1.4695762e-16,-0.8,1.0,0.8753870129585266
1743,-0.02768399380147457,0,1.6266639232635498,inf,0.4165167,1.2191018,1.0033355,0.0,0.0,1.0,1.288295865058899,1.666764,-2.7414565,0.99968827,0.8,0.0,1.0,2.875215530395508,-1.9416289,2.721575,1.0014715,4.898587e-17,0.8,1.0,2.7317349910736084,-0.91583383,-0.3401901,0.9977282,-0.8,9.797174e-17,1.0,0.3593771457672119,-0.86289746,-0.9658612,0.99772125,-1.4695762e-16,-0.8,1.0,0.8786962628364563
1744,-0.027810242027044296,0,1.6335554122924805,inf,0.41816553,1.2250588,1.0033284,0.0,0.0,1.0,1.2944661378860474,1.6664331,-2.753218,0.9996931,0.8,0.0,1.0,2.8863325119018555,-1.9490191,2.7307577,1.0014743,4.898587e-17,0.8,1.0,2.7434473037719727,-0.9173643,-0.341937,0.9977332,-0.8,9.797174e-17,1.0,0.36152514815330505,-0.8660776,-0.9668522,0.99772906,-1.4695762e-16,-0.8,1.0,0.8820064067840576
1745,-0.027935359627008438,0,1.6404550075531006,inf,0.41981477,1.231031,1.003321,0.0,0.0,1.0,1.3006508350372314,1.6660739,-2.7649827,0.9996978,0.8,0.0,1.0,2.897449493408203,-1.9564102,2.7399607,1.001477,4.898587e-17,0.8,1.0,2.7551751136779785,-0.91890514,-0.34368855,0.99773794,-0.8,9.797174e-17,1.0,0.3636830449104309,-0.8692578,-0.9678464,0.997737,-1.4695762e-16,-0.8,1.0,0.8853172659873962
1746,-0.028061533346772194,0,1.6473629474639893,inf,0.42146426,1.2370182,1.0033138,0.0,0.0,1.0,1.3068500757217407,1.6656866,-2.7767508,0.9997026,0.8,0.0,1.0,2.9085662364959717,-1.9638021,2.7491832,1.0014799,4.898587e-17,0.8,1.0,2.766918182373047,-0.9204563,-0.34544474,0.9977427,-0.8,9.797174e-17,1.0,0.36585089564323425,-0.872438,-0.9688438,0.9977448,-1.4695762e-16,-0.8,1.0,0.8886289596557617
1747,-0.028187667950987816,0,1.6542785167694092,inf,0.42311412,1.2430207,1.0033065,0.0,0.0,1.0,1.3130638599395752,1.6652714,-2.788522,0.99970734,0.8,0.0,1.0,2.9196832180023193,-1.9711949,2.7584255,1.0014826,4.898587e-17,0.8,1.0,2.7786762714385986,-0.9220179,-0.3472056,0.9977476,-0.8,9.797174e-17,1.0,0.36802875995635986,-0.8756182,-0.96984446,0.99775267,-1.4695762e-16,-0.8,1.0,0.8919414281845093
1748,-0.02831442281603813,0,1.6612024307250977,inf,0.42476422,1.2490383,1.0032994,0.0,0.0,1.0,1.3192923069000244,1.6648283,-2.800296,0.99971205,0.8,0.0,1.0,2.9307994842529297,-1.9785883,2.7676876,1.0014853,4.898587e-17,0.8,1.0,2.790449619293213,-0.9235898,-0.34897125,0.9977524,-0.8,9.797174e-17,1.0,0.3702167272567749,-0.8787983,-0.9708483,0.9977604,-1.4695762e-16,-0.8,1.0,0.8952544927597046
1749,-0.028439976274967194,0,1.668134331703186,inf,0.4264146,1.255071,1.003292,0.0,0.0,1.0,1.3255351781845093,1.6643573,-2.8120728,0.9997167,0.8,0.0,1.0,2.941915512084961,-1.9859824,2.7769694,1.0014881,4.898587e-17,0.8,1.0,2.8022377490997314,-0.9251722,-0.3507416,0.99775714,-0.8,9.797174e-17,1.0,0.37241479754447937,-0.88197833,-0.9718554,0.9977683,-1.4695762e-16,-0.8,1.0,0.898568332195282
1750,-0.028567064553499222,0,1.6750742197036743,inf,0.42806524,1.261119,1.0032845,0.0,0.0,1.0,1.3317927122116089,1.6638584,-2.823852,0.9997214,0.8,0.0,1.0,2.953031063079834,-1.993377,2.786271,1.0014908,4.898587e-17,0.8,1.0,2.8140411376953125,-0.92676485,-0.35251683,0.9977618,-0.8,9.797174e-17,1.0,0.37462306022644043,-0.8851582,-0.9728658,0.9977761,-1.4695762e-16,-0.8,1.0,0.9018827676773071
1751,-0.0286943968385458,0,1.6820217370986938,inf,0.42971614,1.2671821,1.0032772,0.0,0.0,1.0,1.3380646705627441,1.6633317,-2.8356335,0.9997261,0.8,0.0,1.0,2.9641456604003906,-2.000772,2.7955925,1.0014937,4.898587e-17,0.8,1.0,2.825859308242798,-0.928368,-0.35429707,0.99776655,-0.8,9.797174e-17,1.0,0.37684178352355957,-0.8883379,-0.9738796,0.9977839,-1.4695762e-16,-0.8,1.0,0.9051978588104248
1752,-0.028822341933846474,0,1.6889774799346924,inf,0.43136722,1.2732604,1.0032698,0.0,0.0,1.0,1.3443512916564941,1.6627775,-2.8474169,0.9997308,0.8,0.0,1.0,2.975259304046631,-2.0081675,2.8049333,1.0014963,4.898587e-17,0.8,1.0,2.8376922607421875,-0.9299815,-0.35608232,0.99777126,-0.8,9.797174e-17,1.0,0.3790709376335144,-0.8915174,-0.97489655,0.99779165,-1.4695762e-16,-0.8,1.0,0.908513605594635
1753,-0.028949078172445297,0,1.6959409713745117,inf,0.43301857,1.2793537,1.0032622,0.0,0.0,1.0,1.3506523370742798,1.6621956,-2.8592021,0.99973536,0.8,0.0,1.0,2.9863719940185547,-2.0155635,2.814294,1.001499,4.898587e-17,0.8,1.0,2.8495399951934814,-0.9316055,-0.3578726,0.99777585,-0.8,9.797174e-17,1.0,0.3813105821609497,-0.8946967,-0.975917,0.9977995,-1.4695762e-16,-0.8,1.0,0.911829948425293
1754,-0.02907731384038925,0,1.7029123306274414,inf,0.43467006,1.2854624,1.0032547,0.0,0.0,1.0,1.3569680452346802,1.6615859,-2.870989,0.99974,0.8,0.0,1.0,2.997483730316162,-2.0229595,2.8236742,1.0015018,4.898587e-17,0.8,1.0,2.8614025115966797,-0.9332399,-0.35966808,0.99778044,-0.8,9.797174e-17,1.0,0.38356083631515503,-0.8978758,-0.9769407,0.9978073,-1.4695762e-16,-0.8,1.0,0.9151468873023987
1755,-0.029205579310655594,0,1.7098915576934814,inf,0.43632177,1.2915862,1.003247,0.0,0.0,1.0,1.3632981777191162,1.6609489,-2.8827775,0.9997447,0.8,0.0,1.0,3.008594036102295,-2.0303557,2.833074,1.0015047,4.898587e-17,0.8,1.0,2.8732798099517822,-0.9348847,-0.36146885,0.99778503,-0.8,9.797174e-17,1.0,0.3858218789100647,-0.90105456,-0.97796786,0.99781513,-1.4695762e-16,-0.8,1.0,0.9184642434120178
1756,-0.029334263876080513,0,1.716878890991211,inf,0.43797365,1.2977251,1.0032395,0.0,0.0,1.0,1.369642972946167,1.6602844,-2.8945668,0.9997493,0.8,0.0,1.0,3.019702911376953,-2.037752,2.8424935,1.0015073,4.898587e-17,0.8,1.0,2.88517165184021,-0.93654007,-0.36327493,0.9977896,-0.8,9.797174e-17,1.0,0.3880937397480011,-0.904233,-0.9789985,0.99782294,-1.4695762e-16,-0.8,1.0,0.9217822551727295
1757,-0.029462650418281555,0,1.723873496055603,inf,0.43962568,1.3038791,1.0032316,0.0,0.0,1.0,1.3760021924972534,1.6595924,-2.906357,0.99975383,0.8,0.0,1.0,3.0308101177215576,-2.0451481,2.8519325,1.00151,4.898587e-17,0.8,1.0,2.897078037261963,-0.9382059,-0.36508638,0.9977941,-0.8,9.797174e-17,1.0,0.390376478433609,-0.9074111,-0.9800326,0.99783087,-1.4695762e-16,-0.8,1.0,0.9251007437705994
1758,-0.029591625556349754,0,1.7308759689331055,inf,0.4412778,1.3100485,1.0032235,0.0,0.0,1.0,1.382375955581665,1.6588731,-2.9181483,0.99975824,0.8,0.0,1.0,3.0419158935546875,-2.0525444,2.8613908,1.0015126,4.898587e-17,0.8,1.0,2.908998489379883,-0.9398821,-0.36690325,0.99779844,-0.8,9.797174e-17,1.0,0.3926701247692108,-0.91058886,-0.9810703,0.9978388,-1.4695762e-16,-0.8,1.0,0.9284197092056274
1759,-0.02972031757235527,0,1.7378864288330078,inf,0.4429301,1.3162329,1.0032153,0.0,0.0,1.0,1.3887643814086914,1.6581261,-2.9299405,0.9997627,0.8,0.0,1.0,3.0530200004577637,-2.0599406,2.8708687,1.0015155,4.898587e-17,0.8,1.0,2.920933961868286,-0.9415688,-0.36872575,0.9978027,-0.8,9.797174e-17,1.0,0.394974946975708,-0.91376626,-0.9821117,0.99784684,-1.4695762e-16,-0.8,1.0,0.931739330291748
1760,-0.029849138110876083,0,1.7449047565460205,inf,0.4445825,1.3224325,1.0032073,0.0,0.0,1.0,1.3951672315597534,1.657352,-2.9417334,0.9997673,0.8,0.0,1.0,3.0641226768493652,-2.0673363,2.880366,1.0015181,4.898587e-17,0.8,1.0,2.9328832626342773,-0.9432661,-0.37055385,0.9978071,-0.8,9.797174e-17,1.0,0.39729100465774536,-0.91694325,-0.98315674,0.9978548,-1.4695762e-16,-0.8,1.0,0.9350593090057373
1761,-0.029978584498167038,0,1.751930832862854,inf,0.44623497,1.3286474,1.0031993,0.0,0.0,1.0,1.4015847444534302,1.6565505,-2.9535265,0.9997719,0.8,0.0,1.0,3.075223207473755,-2.074732,2.889883,1.001521,4.898587e-17,0.8,1.0,2.944847345352173,-0.9449739,-0.37238756,0.9978115,-0.8,9.797174e-17,1.0,0.3996182084083557,-0.9201198,-0.9842056,0.9978627,-1.4695762e-16,-0.8,1.0,0.9383798837661743
1762,-0.030108172446489334,0,1.75896418094635,inf,0.44788754,1.3348775,1.0031914,0.0,0.0,1.0,1.4080168008804321,1.6557219,-2.9653199,0.9997764,0.8,0.0,1.0,3.0863218307495117,-2.082127,2.899419,1.0015235,4.898587e-17,0.8,1.0,2.9568252563476562,-0.94669217,-0.37422696,0.9978159,-0.8,9.797174e-17,1.0,0.4019566774368286,-0.923296,-0.9852583,0.9978706,-1.4695762e-16,-0.8,1.0,0.9417009353637695
1763,-0.030237898230552673,0,1.766005516052246,inf,0.44954017,1.3411226,1.003183,0.0,0.0,1.0,1.4144631624221802,1.6548662,-2.9771135,0.9997809,0.8,0.0,1.0,3.0974183082580566,-2.089522,2.908975,1.0015262,4.898587e-17,0.8,1.0,2.968817710876465,-0.94842106,-0.37607202,0.99782014,-0.8,9.797174e-17,1.0,0.40430647134780884,-0.92647165,-0.9863149,0.9978786,-1.4695762e-16,-0.8,1.0,0.945022463798523
1764,-0.030367299914360046,0,1.7730547189712524,inf,0.45119283,1.347383,1.0031745,0.0,0.0,1.0,1.4209243059158325,1.6539832,-2.9889069,0.99978524,0.8,0.0,1.0,3.1085126399993896,-2.096916,2.9185498,1.0015289,4.898587e-17,0.8,1.0,2.9808239936828613,-0.95016044,-0.37792274,0.9978243,-0.8,9.797174e-17,1.0,0.406667560338974,-0.92964685,-0.9873755,0.9978867,-1.4695762e-16,-0.8,1.0,0.9483445286750793
1765,-0.030497189611196518,0,1.780111312866211,inf,0.45284554,1.3536587,1.0031658,0.0,0.0,1.0,1.42739999294281,1.6530731,-3.0007,0.9997897,0.8,0.0,1.0,3.1196048259735107,-2.1043096,2.928144,1.0015317,4.898587e-17,0.8,1.0,2.992844581604004,-0.9519104,-0.37977916,0.99782836,-0.8,9.797174e-17,1.0,0.4090399444103241,-0.9328215,-0.9884401,0.9978948,-1.4695762e-16,-0.8,1.0,0.9516670107841492
1766,-0.030626745894551277,0,1.7871755361557007,inf,0.45449826,1.3599495,1.0031571,0.0,0.0,1.0,1.4338902235031128,1.6521358,-3.0124931,0.9997942,0.8,0.0,1.0,3.13069486618042,-2.1117024,2.9377577,1.0015343,4.898587e-17,0.8,1.0,3.0048789978027344,-0.95367086,-0.38164133,0.99783254,-0.8,9.797174e-17,1.0,0.41142377257347107,-0.9359957,-0.98950887,0.99790305,-1.4695762e-16,-0.8,1.0,0.954990029335022
1767,-0.0307573601603508,0,1.7942476272583008,inf,0.45615098,1.3662554,1.0031487,0.0,0.0,1.0,1.4403948783874512,1.6511718,-3.0242858,0.9997987,0.8,0.0,1.0,3.141782522201538,-2.1190946,2.9473908,1.0015371,4.898587e-17,0.8,1.0,3.016927480697632,-0.95544195,-0.38350922,0.9978367,-0.8,9.797174e-17,1.0,0.4138190448284149,-0.93916935,-0.99058175,0.9979111,-1.4695762e-16,-0.8,1.0,0.958313524723053
1768,-0.030887648463249207,0,1.8013269901275635,inf,0.4578037,1.3725767,1.0031401,0.0,0.0,1.0,1.4469143152236938,1.6501808,-3.0360777,0.9998032,0.8,0.0,1.0,3.1528677940368652,-2.1264858,2.9570432,1.0015397,4.898587e-17,0.8,1.0,3.0289900302886963,-0.9572236,-0.38538283,0.99784094,-0.8,9.797174e-17,1.0,0.41622573137283325,-0.94234234,-0.99165887,0.99791926,-1.4695762e-16,-0.8,1.0,0.9616374373435974
1769,-0.031018516048789024,0,1.808414101600647,inf,0.45945638,1.378913,1.0031313,0.0,0.0,1.0,1.4534480571746826,1.6491629,-3.0478685,0.99980754,0.8,0.0,1.0,3.163949966430664,-2.133876,2.966715,1.0015423,4.898587e-17,0.8,1.0,3.0410661697387695,-0.95901585,-0.3872622,0.99784493,-0.8,9.797174e-17,1.0,0.41864386200904846,-0.94551486,-0.9927403,0.9979274,-1.4695762e-16,-0.8,1.0,0.9649618864059448
1770,-0.031148584559559822,0,1.8155086040496826,inf,0.461109,1.3852646,1.0031221,0.0,0.0,1.0,1.4599963426589966,1.6481181,-3.0596585,0.99981195,0.8,0.0,1.0,3.175029754638672,-2.1412654,2.9764066,1.001545,4.898587e-17,0.8,1.0,3.053156614303589,-0.96081865,-0.3891473,0.9978489,-0.8,9.797174e-17,1.0,0.4210734963417053,-0.9486867,-0.9938261,0.9979357,-1.4695762e-16,-0.8,1.0,0.9682867527008057
1771,-0.031279247254133224,0,1.82261061668396,inf,0.46276164,1.3916314,1.0031128,0.0,0.0,1.0,1.4665591716766357,1.6470464,-3.0714476,0.9998163,0.8,0.0,1.0,3.1861071586608887,-2.1486537,2.9861174,1.0015477,4.898587e-17,0.8,1.0,3.065261125564575,-0.96263206,-0.39103824,0.99785274,-0.8,9.797174e-17,1.0,0.4235146939754486,-0.9518579,-0.9949163,0.99794406,-1.4695762e-16,-0.8,1.0,0.9716120958328247
1772,-0.03140980005264282,0,1.8297202587127686,inf,0.46441412,1.3980135,1.0031036,0.0,0.0,1.0,1.4731366634368896,1.6459479,-3.0832353,0.99982077,0.8,0.0,1.0,3.197181224822998,-2.1560407,2.9958477,1.0015503,4.898587e-17,0.8,1.0,3.077378988265991,-0.96445614,-0.39293492,0.99785674,-0.8,9.797174e-17,1.0,0.42596742510795593,-0.9550285,-0.996011,0.9979524,-1.4695762e-16,-0.8,1.0,0.974937915802002
1773,-0.03154095262289047,0,1.8368374109268188,inf,0.46606657,1.4044106,1.0030946,0.0,0.0,1.0,1.4797285795211792,1.644823,-3.0950217,0.9998253,0.8,0.0,1.0,3.2082526683807373,-2.1634264,3.0055974,1.001553,4.898587e-17,0.8,1.0,3.089510679244995,-0.96629083,-0.39483738,0.99786067,-0.8,9.797174e-17,1.0,0.42843174934387207,-0.9581984,-0.99711025,0.9979607,-1.4695762e-16,-0.8,1.0,0.9782642126083374
1774,-0.03167227655649185,0,1.84396231174469,inf,0.4677189,1.4108231,1.0030854,0.0,0.0,1.0,1.4863351583480835,1.6436713,-3.1068065,0.9998297,0.8,0.0,1.0,3.2193210124969482,-2.1708107,3.0153668,1.0015556,4.898587e-17,0.8,1.0,3.101656198501587,-0.96813625,-0.39674565,0.99786466,-0.8,9.797174e-17,1.0,0.4309077262878418,-0.9613676,-0.9982141,0.9979689,-1.4695762e-16,-0.8,1.0,0.9815908670425415
1775,-0.031803276389837265,0,1.8510942459106445,inf,0.46937114,1.4172508,1.003076,0.0,0.0,1.0,1.492956280708313,1.642493,-3.1185894,0.99983406,0.8,0.0,1.0,3.2303860187530518,-2.1781936,3.0251555,1.0015582,4.898587e-17,0.8,1.0,3.1138155460357666,-0.9699923,-0.3986597,0.9978684,-0.8,9.797174e-17,1.0,0.43339529633522034,-0.96453613,-0.9993227,0.99797726,-1.4695762e-16,-0.8,1.0,0.9849180579185486
1776,-0.03193392977118492,0,1.8582336902618408,inf,0.4710232,1.4236935,1.0030662,0.0,0.0,1.0,1.4995918273925781,1.6412882,-3.1303704,0.9998384,0.8,0.0,1.0,3.241447925567627,-2.185575,3.0349638,1.0015607,4.898587e-17,0.8,1.0,3.125988721847534,-0.9718589,-0.40057954,0.99787223,-0.8,9.797174e-17,1.0,0.4358944594860077,-0.96770394,-1.000436,0.9979858,-1.4695762e-16,-0.8,1.0,0.9882456660270691
1777,-0.032065171748399734,0,1.8653805255889893,inf,0.47267517,1.4301516,1.0030563,0.0,0.0,1.0,1.5062419176101685,1.6400567,-3.1421497,0.99984276,0.8,0.0,1.0,3.252506732940674,-2.192955,3.0447917,1.0015634,4.898587e-17,0.8,1.0,3.1381752490997314,-0.97373605,-0.40250522,0.9978758,-0.8,9.797174e-17,1.0,0.43840524554252625,-0.970871,-1.0015541,0.9979942,-1.4695762e-16,-0.8,1.0,0.9915737509727478
1778,-0.0321965217590332,0,1.872534990310669,inf,0.47432694,1.4366249,1.0030465,0.0,0.0,1.0,1.512906551361084,1.6387988,-3.1539266,0.9998472,0.8,0.0,1.0,3.263561964035034,-2.200333,3.0546393,1.0015662,4.898587e-17,0.8,1.0,3.1503758430480957,-0.9756237,-0.40443686,0.9978795,-0.8,9.797174e-17,1.0,0.4409278333187103,-0.9740372,-1.0026771,0.9980027,-1.4695762e-16,-0.8,1.0,0.9949021935462952
1779,-0.03232799842953682,0,1.8796964883804321,inf,0.47597855,1.4431134,1.0030369,0.0,0.0,1.0,1.5195859670639038,1.6375146,-3.1657014,0.99985164,0.8,0.0,1.0,3.274613857269287,-2.2077096,3.0645063,1.0015688,4.898587e-17,0.8,1.0,3.1625895500183105,-0.97752196,-0.40637442,0.99788314,-0.8,9.797174e-17,1.0,0.44346216320991516,-0.97720265,-1.003805,0.9980111,-1.4695762e-16,-0.8,1.0,0.9982311725616455
1780,-0.032459598034620285,0,1.8868656158447266,inf,0.47762996,1.4496171,1.0030271,0.0,0.0,1.0,1.5262795686721802,1.6362041,-3.1774735,0.99985605,0.8,0.0,1.0,3.2856621742248535,-2.215084,3.074393,1.0015712,4.898587e-17,0.8,1.0,3.1748170852661133,-0.9794307,-0.40831792,0.99788684,-0.8,9.797174e-17,1.0,0.44600826501846313,-0.98036724,-1.004938,0.9980196,-1.4695762e-16,-0.8,1.0,1.0015605688095093
1781,-0.032591771334409714,0,1.8940417766571045,inf,0.4792812,1.4561361,1.0030171,0.0,0.0,1.0,1.5329879522323608,1.6348674,-3.189243,0.9998604,0.8,0.0,1.0,3.2967066764831543,-2.2224567,3.084299,1.0015738,4.898587e-17,0.8,1.0,3.1870579719543457,-0.98134977,-0.41026738,0.99789035,-0.8,9.797174e-17,1.0,0.4485660493373871,-0.98353106,-1.006076,0.998028,-1.4695762e-16,-0.8,1.0,1.0048903226852417
1782,-0.03272329643368721,0,1.9012254476547241,inf,0.48093218,1.4626703,1.0030068,0.0,0.0,1.0,1.5397108793258667,1.6335044,-3.2010098,0.99986476,0.8,0.0,1.0,3.3077473640441895,-2.2298272,3.0942252,1.0015763,4.898587e-17,0.8,1.0,3.199312686920166,-0.9832793,-0.41222295,0.9978938,-0.8,9.797174e-17,1.0,0.4511357843875885,-0.98669404,-1.0072192,0.9980365,-1.4695762e-16,-0.8,1.0,1.0082205533981323
1783,-0.03285510092973709,0,1.9084161520004272,inf,0.48258296,1.4692197,1.0029964,0.0,0.0,1.0,1.5464481115341187,1.6321151,-3.2127736,0.99986917,0.8,0.0,1.0,3.318784475326538,-2.2371957,3.1041706,1.001579,4.898587e-17,0.8,1.0,3.211580514907837,-0.98521924,-0.41418454,0.9978971,-0.8,9.797174e-17,1.0,0.45371735095977783,-0.98985606,-1.0083674,0.9980451,-1.4695762e-16,-0.8,1.0,1.0115511417388916
1784,-0.03298702463507652,0,1.9156147241592407,inf,0.48423347,1.4757843,1.0029861,0.0,0.0,1.0,1.5532000064849854,1.6306996,-3.2245345,0.99987364,0.8,0.0,1.0,3.329817533493042,-2.2445621,3.1141357,1.0015815,4.898587e-17,0.8,1.0,3.2238621711730957,-0.9871696,-0.41615224,0.9979004,-0.8,9.797174e-17,1.0,0.45631080865859985,-0.9930172,-1.0095209,0.99805367,-1.4695762e-16,-0.8,1.0,1.014882206916809
1785,-0.033119987696409225,0,1.9228203296661377,inf,0.4858837,1.4823642,1.002976,0.0,0.0,1.0,1.5599664449691772,1.6292583,-3.2362921,0.99987805,0.8,0.0,1.0,3.340846538543701,-2.2519264,3.1241205,1.0015842,4.898587e-17,0.8,1.0,3.236156940460205,-0.98913044,-0.41812602,0.9979037,-0.8,9.797174e-17,1.0,0.45891621708869934,-0.99617743,-1.0106795,0.99806213,-1.4695762e-16,-0.8,1.0,1.0182137489318848
1786,-0.03325197100639343,0,1.93003249168396,inf,0.4875337,1.4889593,1.0029656,0.0,0.0,1.0,1.5667475461959839,1.6277908,-3.2480464,0.9998825,0.8,0.0,1.0,3.3518714904785156,-2.259288,3.134125,1.0015866,4.898587e-17,0.8,1.0,3.248465061187744,-0.9911018,-0.4201058,0.99790704,-0.8,9.797174e-17,1.0,0.46153345704078674,-0.9993366,-1.0118434,0.99807066,-1.4695762e-16,-0.8,1.0,1.0215452909469604
1787,-0.03338451683521271,0,1.937252402305603,inf,0.4891833,1.4955696,1.0029551,0.0,0.0,1.0,1.5735429525375366,1.6262976,-3.259797,0.99988693,0.8,0.0,1.0,3.3628923892974854,-2.2666476,3.144149,1.0015891,4.898587e-17,0.8,1.0,3.260786533355713,-0.9930836,-0.42209148,0.99791026,-0.8,9.797174e-17,1.0,0.46416252851486206,-1.0024949,-1.0130126,0.99807924,-1.4695762e-16,-0.8,1.0,1.024877667427063
1788,-0.033516690135002136,0,1.94447922706604,inf,0.49083248,1.5021951,1.0029441,0.0,0.0,1.0,1.5803529024124146,1.6247783,-3.271544,0.9998914,0.8,0.0,1.0,3.373908519744873,-2.2740045,3.154193,1.0015916,4.898587e-17,0.8,1.0,3.2731213569641113,-0.9950759,-0.42408308,0.99791336,-0.8,9.797174e-17,1.0,0.4668034017086029,-1.0056521,-1.0141872,0.9980879,-1.4695762e-16,-0.8,1.0,1.0282100439071655
1789,-0.03364944085478783,0,1.95171320438385,inf,0.49248117,1.5088359,1.0029333,0.0,0.0,1.0,1.5871773958206177,1.6232331,-3.2832873,0.99989593,0.8,0.0,1.0,3.384920835494995,-2.2813587,3.1642566,1.0015943,4.898587e-17,0.8,1.0,3.2854695320129395,-0.9970786,-0.42608064,0.9979163,-0.8,9.797174e-17,1.0,0.46945610642433167,-1.0088083,-1.0153672,0.99809647,-1.4695762e-16,-0.8,1.0,1.0315428972244263
1790,-0.03378137946128845,0,1.9589542150497437,inf,0.49412927,1.5154917,1.0029223,0.0,0.0,1.0,1.594016194343567,1.621662,-3.2950265,0.99990046,0.8,0.0,1.0,3.395928144454956,-2.2887104,3.17434,1.0015968,4.898587e-17,0.8,1.0,3.297830820083618,-0.9990919,-0.42808405,0.99791926,-0.8,9.797174e-17,1.0,0.47212061285972595,-1.0119634,-1.0165526,0.99810517,-1.4695762e-16,-0.8,1.0,1.0348761081695557
1791,-0.033914100378751755,0,1.966202735900879,inf,0.49577668,1.5221629,1.0029116,0.0,0.0,1.0,1.6008694171905518,1.6200653,-3.306762,0.999905,0.8,0.0,1.0,3.4069314002990723,-2.2960594,3.184443,1.0015993,4.898587e-17,0.8,1.0,3.3102054595947266,-1.0011158,-0.4300932,0.9979222,-0.8,9.797174e-17,1.0,0.4747968316078186,-1.0151174,-1.0177435,0.9981137,-1.4695762e-16,-0.8,1.0,1.0382095575332642
1792,-0.03404736891388893,0,1.9734575748443604,inf,0.49742338,1.5288491,1.0029008,0.0,0.0,1.0,1.6077369451522827,1.618443,-3.318493,0.9999095,0.8,0.0,1.0,3.4179298877716064,-2.3034053,3.1945658,1.0016017,4.898587e-17,0.8,1.0,3.3225929737091064,-1.0031501,-0.43210813,0.99792516,-0.8,9.797174e-17,1.0,0.477484792470932,-1.0182703,-1.0189399,0.9981222,-1.4695762e-16,-0.8,1.0,1.0415433645248413
1793,-0.03418075665831566,0,1.9807195663452148,inf,0.49906927,1.5355506,1.00289,0.0,0.0,1.0,1.6146188974380493,1.6167952,-3.3302195,0.99991405,0.8,0.0,1.0,3.4289233684539795,-2.3107486,3.204708,1.0016043,4.898587e-17,0.8,1.0,3.334993600845337,-1.0051949,-0.43412885,0.99792796,-0.8,9.797174e-17,1.0,0.4801844358444214,-1.021422,-1.0201417,0.9981307,-1.4695762e-16,-0.8,1.0,1.0448774099349976
1794,-0.03431331366300583,0,1.9879884719848633,inf,0.50071424,1.5422671,1.0028787,0.0,0.0,1.0,1.6215150356292725,1.6151216,-3.3419414,0.99991864,0.8,0.0,1.0,3.4399120807647705,-2.3180888,3.2148702,1.0016067,4.898587e-17,0.8,1.0,3.347407579421997,-1.0072503,-0.43615526,0.99793065,-0.8,9.797174e-17,1.0,0.4828958213329315,-1.0245726,-1.0213492,0.9981393,-1.4695762e-16,-0.8,1.0,1.0482118129730225
1795,-0.03444596752524376,0,1.9952640533447266,inf,0.50235826,1.5489987,1.0028675,0.0,0.0,1.0,1.6284252405166626,1.6134225,-3.3536587,0.9999232,0.8,0.0,1.0,3.4508960247039795,-2.325426,3.225052,1.0016094,4.898587e-17,0.8,1.0,3.3598344326019287,-1.0093163,-0.4381873,0.9979332,-0.8,9.797174e-17,1.0,0.4856188893318176,-1.027722,-1.0225624,0.99814796,-1.4695762e-16,-0.8,1.0,1.0515464544296265
1796,-0.03457918390631676,0,2.002546787261963,inf,0.5040012,1.5557456,1.0028563,0.0,0.0,1.0,1.635349988937378,1.6116979,-3.3653712,0.9999278,0.8,0.0,1.0,3.4618747234344482,-2.33276,3.2352536,1.001612,4.898587e-17,0.8,1.0,3.372274160385132,-1.0113928,-0.44022495,0.99793583,-0.8,9.797174e-17,1.0,0.48835355043411255,-1.0308702,-1.0237812,0.9981565,-1.4695762e-16,-0.8,1.0,1.0548814535140991
1797,-0.03471298888325691,0,2.009836196899414,inf,0.50564307,1.5625075,1.0028454,0.0,0.0,1.0,1.6422889232635498,1.609948,-3.377079,0.99993247,0.8,0.0,1.0,3.472848653793335,-2.340091,3.2454748,1.0016147,4.898587e-17,0.8,1.0,3.3847270011901855,-1.01348,-0.44226825,0.99793845,-0.8,9.797174e-17,1.0,0.49109992384910583,-1.0340171,-1.0250057,0.99816495,-1.4695762e-16,-0.8,1.0,1.0582165718078613
1798,-0.03484642878174782,0,2.01713228225708,inf,0.5072837,1.5692846,1.0028344,0.0,0.0,1.0,1.6492419242858887,1.6081729,-3.3887813,0.99993706,0.8,0.0,1.0,3.4838171005249023,-2.3474185,3.2557156,1.0016171,4.898587e-17,0.8,1.0,3.3971924781799316,-1.0155777,-0.4443171,0.9979411,-0.8,9.797174e-17,1.0,0.4938579201698303,-1.0371628,-1.026236,0.99817336,-1.4695762e-16,-0.8,1.0,1.0615520477294922
1799,-0.03497997671365738,0,2.02443528175354,inf,0.50892305,1.5760766,1.0028235,0.0,0.0,1.0,1.6562089920043945,1.6063725,-3.4004786,0.9999417,0.8,0.0,1.0,3.4947805404663086,-2.3547428,3.2659762,1.0016197,4.898587e-17,0.8,1.0,3.409670829772949,-1.017686,-0.44637144,0.9979435,-0.8,9.797174e-17,1.0,0.4966275095939636,-1.0403072,-1.0274721,0.9981818,-1.4695762e-16,-0.8,1.0,1.0648877620697021
1800,-0.03511359915137291,0,2.0317447185516357,inf,0.51056105,1.5828838,1.0028121,0.0,0.0,1.0,1.663190245628357,1.6045468,-3.4121702,0.99994636,0.8,0.0,1.0,3.5057382583618164,-2.3620636,3.2762566,1.0016222,4.898587e-17,0.8,1.0,3.4221622943878174,-1.0198048,-0.44843122,0.99794585,-0.8,9.797174e-17,1.0,0.4994086027145386,-1.0434501,-1.0287141,0.9981902,-1.4695762e-16,-0.8,1.0,1.068223476409912
1801,-0.035247065126895905,0,2.039060592651367,inf,0.5121977,1.589706,1.0028008,0.0,0.0,1.0,1.6701854467391968,1.602696,-3.4238565,0.99995106,0.8,0.0,1.0,3.516690731048584,-2.369381,3.2865565,1.0016251,4.898587e-17,0.8,1.0,3.434666156768799,-1.0219344,-0.4504965,0.997948,-0.8,9.797174e-17,1.0,0.5022013187408447,-1.0465919,-1.0299618,0.9981987,-1.4695762e-16,-0.8,1.0,1.0715596675872803
1802,-0.035380180925130844,0,2.0463833808898926,inf,0.5138328,1.5965433,1.0027895,0.0,0.0,1.0,1.6771948337554932,1.60082,-3.435537,0.99995583,0.8,0.0,1.0,3.5276377201080322,-2.3766947,3.2968762,1.0016279,4.898587e-17,0.8,1.0,3.447183132171631,-1.0240746,-0.4525672,0.9979501,-0.8,9.797174e-17,1.0,0.5050055980682373,-1.0497322,-1.0312155,0.9982071,-1.4695762e-16,-0.8,1.0,1.074895977973938
1803,-0.03551339730620384,0,2.053712844848633,inf,0.5154665,1.6033957,1.0027783,0.0,0.0,1.0,1.6842182874679565,1.5989192,-3.4472125,0.9999606,0.8,0.0,1.0,3.5385794639587402,-2.3840046,3.3072155,1.0016307,4.898587e-17,0.8,1.0,3.459712505340576,-1.0262253,-0.4546432,0.9979522,-0.8,9.797174e-17,1.0,0.5078213810920715,-1.0528711,-1.0324754,0.99821544,-1.4695762e-16,-0.8,1.0,1.0782326459884644
1804,-0.03564763441681862,0,2.061048984527588,inf,0.5170987,1.6102631,1.0027674,0.0,0.0,1.0,1.691255807876587,1.5969938,-3.458882,0.9999654,0.8,0.0,1.0,3.549516201019287,-2.391311,3.3175745,1.0016334,4.898587e-17,0.8,1.0,3.472254753112793,-1.0283868,-0.45672452,0.9979545,-0.8,9.797174e-17,1.0,0.5106486082077026,-1.0560087,-1.033741,0.99822366,-1.4695762e-16,-0.8,1.0,1.0815693140029907
1805,-0.03578244149684906,0,2.068391799926758,inf,0.5187295,1.6171457,1.0027566,0.0,0.0,1.0,1.6983073949813843,1.595044,-3.4705458,0.9999702,0.8,0.0,1.0,3.5604469776153564,-2.3986132,3.3279533,1.0016361,4.898587e-17,0.8,1.0,3.484809398651123,-1.030559,-0.45881122,0.99795663,-0.8,9.797174e-17,1.0,0.5134874582290649,-1.0591447,-1.0350127,0.99823177,-1.4695762e-16,-0.8,1.0,1.0849062204360962
1806,-0.03591686859726906,0,2.0757405757904053,inf,0.5203588,1.6240433,1.0027457,0.0,0.0,1.0,1.7053731679916382,1.5930699,-3.4822032,0.99997497,0.8,0.0,1.0,3.5713722705841064,-2.4059117,3.3383517,1.0016387,4.898587e-17,0.8,1.0,3.4973766803741455,-1.0327417,-0.46090317,0.9979588,-0.8,9.797174e-17,1.0,0.5163376331329346,-1.0622793,-1.0362906,0.9982399,-1.4695762e-16,-0.8,1.0,1.0882433652877808
1807,-0.03605140745639801,0,2.0830960273742676,inf,0.52198666,1.630956,1.0027348,0.0,0.0,1.0,1.712453007698059,1.5910714,-3.4938545,0.9999798,0.8,0.0,1.0,3.582291603088379,-2.4132063,3.3487697,1.0016413,4.898587e-17,0.8,1.0,3.5099565982818604,-1.0349352,-0.4630003,0.99796075,-0.8,9.797174e-17,1.0,0.5191993713378906,-1.0654125,-1.0375745,0.99824804,-1.4695762e-16,-0.8,1.0,1.0915807485580444
1808,-0.03618602082133293,0,2.090458393096924,inf,0.523613,1.6378838,1.0027237,0.0,0.0,1.0,1.7195467948913574,1.5890485,-3.5054994,0.9999846,0.8,0.0,1.0,3.593205213546753,-2.4204967,3.3592074,1.0016439,4.898587e-17,0.8,1.0,3.5225486755371094,-1.0371394,-0.46510258,0.9979626,-0.8,9.797174e-17,1.0,0.522072434425354,-1.0685441,-1.0388647,0.99825615,-1.4695762e-16,-0.8,1.0,1.0949182510375977
1809,-0.03632074221968651,0,2.0978267192840576,inf,0.52523786,1.6448267,1.0027127,0.0,0.0,1.0,1.7266547679901123,1.5870013,-3.5171378,0.99998945,0.8,0.0,1.0,3.6041128635406494,-2.427783,3.3696647,1.0016468,4.898587e-17,0.8,1.0,3.535153388977051,-1.0393542,-0.4672101,0.9979644,-0.8,9.797174e-17,1.0,0.524957001209259,-1.0716742,-1.0401611,0.99826425,-1.4695762e-16,-0.8,1.0,1.0982558727264404
1810,-0.03645554929971695,0,2.1052019596099854,inf,0.52686113,1.6517845,1.0027015,0.0,0.0,1.0,1.7337768077850342,1.5849301,-3.5287697,0.9999944,0.8,0.0,1.0,3.6150145530700684,-2.435065,3.3801417,1.0016497,4.898587e-17,0.8,1.0,3.5477705001831055,-1.04158,-0.46932283,0.9979661,-0.8,9.797174e-17,1.0,0.5278531312942505,-1.0748026,-1.0414637,0.9982723,-1.4695762e-16,-0.8,1.0,1.1015936136245728
1811,-0.036590009927749634,0,2.1125833988189697,inf,0.528483,1.6587576,1.0026907,0.0,0.0,1.0,1.7409130334854126,1.5828347,-3.5403953,0.9999993,0.8,0.0,1.0,3.625910758972168,-2.4423428,3.3906386,1.0016525,4.898587e-17,0.8,1.0,3.5604002475738525,-1.0438168,-0.47144073,0.9979679,-0.8,9.797174e-17,1.0,0.5307608842849731,-1.0779296,-1.0427727,0.99828035,-1.4695762e-16,-0.8,1.0,1.1049315929412842
1812,-0.03672455996274948,0,2.11997127532959,inf,0.5301032,1.6657457,1.00268,0.0,0.0,1.0,1.748063325881958,1.5807159,-3.552014,1.0000043,0.8,0.0,1.0,3.63680100440979,-2.4496162,3.401155,1.0016553,4.898587e-17,0.8,1.0,3.573042154312134,-1.0460647,-0.47356367,0.9979698,-0.8,9.797174e-17,1.0,0.5336801409721375,-1.0810549,-1.0440879,0.9982882,-1.4695762e-16,-0.8,1.0,1.1082696914672852
1813,-0.03685968369245529,0,2.1273655891418457,inf,0.53172195,1.672749,1.0026693,0.0,0.0,1.0,1.75522780418396,1.5785735,-3.5636263,1.0000093,0.8,0.0,1.0,3.6476852893829346,-2.456885,3.411691,1.0016581,4.898587e-17,0.8,1.0,3.585696220397949,-1.0483239,-0.4756916,0.9979716,-0.8,9.797174e-17,1.0,0.5366109609603882,-1.0841786,-1.0454096,0.998296,-1.4695762e-16,-0.8,1.0,1.1116077899932861
1814,-0.03699468821287155,0,2.1347665786743164,inf,0.53333914,1.6797674,1.0026587,0.0,0.0,1.0,1.762406349182129,1.5764076,-3.5752313,1.0000143,0.8,0.0,1.0,3.6585636138916016,-2.4641495,3.4222467,1.0016606,4.898587e-17,0.8,1.0,3.598362684249878,-1.050594,-0.47782448,0.9979734,-0.8,9.797174e-17,1.0,0.5395532250404358,-1.0873007,-1.0467376,0.9983038,-1.4695762e-16,-0.8,1.0,1.1149462461471558
1815,-0.037130244076251984,0,2.1421732902526855,inf,0.5349548,1.6868008,1.0026481,0.0,0.0,1.0,1.7695990800857544,1.5742182,-3.586829,1.0000192,0.8,0.0,1.0,3.6694352626800537,-2.4714093,3.4328218,1.0016633,4.898587e-17,0.8,1.0,3.6110410690307617,-1.052875,-0.47996247,0.997975,-0.8,9.797174e-17,1.0,0.542506992816925,-1.090421,-1.0480721,0.99831146,-1.4695762e-16,-0.8,1.0,1.1182845830917358
1816,-0.037265878170728683,0,2.1495866775512695,inf,0.5365689,1.6938493,1.0026374,0.0,0.0,1.0,1.7768057584762573,1.5720054,-3.5984194,1.0000242,0.8,0.0,1.0,3.6803009510040283,-2.4786646,3.4434166,1.001666,4.898587e-17,0.8,1.0,3.623731851577759,-1.0551672,-0.4821057,0.99797654,-0.8,9.797174e-17,1.0,0.5454725027084351,-1.0935396,-1.0494131,0.99831915,-1.4695762e-16,-0.8,1.0,1.121623158454895
1817,-0.037401147186756134,0,2.1570067405700684,inf,0.53818136,1.700913,1.0026268,0.0,0.0,1.0,1.7840266227722168,1.5697693,-3.6100025,1.0000292,0.8,0.0,1.0,3.691159963607788,-2.485915,3.4540308,1.0016688,4.898587e-17,0.8,1.0,3.636434555053711,-1.0574706,-0.48425433,0.9979781,-0.8,9.797174e-17,1.0,0.5484500527381897,-1.0966564,-1.0507606,0.99832684,-1.4695762e-16,-0.8,1.0,1.1249617338180542
1818,-0.037536490708589554,0,2.1644327640533447,inf,0.5397923,1.7079917,1.002616,0.0,0.0,1.0,1.7912616729736328,1.5675098,-3.6215782,1.0000342,0.8,0.0,1.0,3.7020130157470703,-2.4931605,3.4646645,1.0016717,4.898587e-17,0.8,1.0,3.649149179458618,-1.0597854,-0.48640835,0.9979797,-0.8,9.797174e-17,1.0,0.5514395833015442,-1.0997716,-1.0521148,0.9983345,-1.4695762e-16,-0.8,1.0,1.1283005475997925
1819,-0.03767148405313492,0,2.171865463256836,inf,0.5414016,1.7150856,1.0026056,0.0,0.0,1.0,1.7985107898712158,1.5652274,-3.6331465,1.0000393,0.8,0.0,1.0,3.712859630584717,-2.5004013,3.4753172,1.0016744,4.898587e-17,0.8,1.0,3.6618754863739014,-1.0621119,-0.4885677,0.99798137,-0.8,9.797174e-17,1.0,0.5544412732124329,-1.102885,-1.0534756,0.99834216,-1.4695762e-16,-0.8,1.0,1.1316394805908203
1820,-0.03780655190348625,0,2.179304361343384,inf,0.54300934,1.7221947,1.0025953,0.0,0.0,1.0,1.805774211883545,1.5629221,-3.6447074,1.0000445,0.8,0.0,1.0,3.7237000465393066,-2.507637,3.4859893,1.0016772,4.898587e-17,0.8,1.0,3.6746134757995605,-1.0644499,-0.4907323,0.9979832,-0.8,9.797174e-17,1.0,0.5574549436569214,-1.1059966,-1.0548431,0.9983496,-1.4695762e-16,-0.8,1.0,1.1349785327911377
1821,-0.03794214874505997,0,2.1867496967315674,inf,0.54461545,1.7293187,1.0025852,0.0,0.0,1.0,1.8130515813827515,1.5605943,-3.6562605,1.0000496,0.8,0.0,1.0,3.7345340251922607,-2.514868,3.4966805,1.0016797,4.898587e-17,0.8,1.0,3.687363624572754,-1.0667996,-0.49290207,0.9979849,-0.8,9.797174e-17,1.0,0.5604806542396545,-1.1091064,-1.0562172,0.998357,-1.4695762e-16,-0.8,1.0,1.1383177042007446
1822,-0.03807780519127846,0,2.1942009925842285,inf,0.54621994,1.736458,1.0025752,0.0,0.0,1.0,1.8203431367874146,1.558244,-3.6678057,1.0000547,0.8,0.0,1.0,3.745361566543579,-2.5220938,3.5073907,1.0016822,4.898587e-17,0.8,1.0,3.700124979019165,-1.0691609,-0.49507698,0.9979867,-0.8,9.797174e-17,1.0,0.5635182857513428,-1.1122143,-1.0575981,0.9983643,-1.4695762e-16,-0.8,1.0,1.141656756401062
1823,-0.03821401670575142,0,2.2016587257385254,inf,0.54782283,1.7436123,1.002565,0.0,0.0,1.0,1.8276488780975342,1.5558711,-3.6793425,1.0000598,0.8,0.0,1.0,3.7561817169189453,-2.5293143,3.5181203,1.0016848,4.898587e-17,0.8,1.0,3.712898015975952,-1.0715337,-0.49725717,0.9979882,-0.8,9.797174e-17,1.0,0.5665680170059204,-1.1153206,-1.0589857,0.9983716,-1.4695762e-16,-0.8,1.0,1.144996166229248
1824,-0.03834983706474304,0,2.2091224193573,inf,0.54942405,1.7507818,1.0025548,0.0,0.0,1.0,1.8349686861038208,1.5534759,-3.6908712,1.000065,0.8,0.0,1.0,3.766995668411255,-2.5365298,3.5288684,1.0016873,4.898587e-17,0.8,1.0,3.725682497024536,-1.073918,-0.49944282,0.9979897,-0.8,9.797174e-17,1.0,0.5696299076080322,-1.1184249,-1.0603802,0.9983789,-1.4695762e-16,-0.8,1.0,1.1483356952667236
1825,-0.0384848453104496,0,2.21659255027771,inf,0.55102366,1.7579663,1.0025446,0.0,0.0,1.0,1.842302680015564,1.5510579,-3.7023916,1.0000701,0.8,0.0,1.0,3.7778024673461914,-2.54374,3.5396357,1.0016899,4.898587e-17,0.8,1.0,3.738478422164917,-1.0763141,-0.5016339,0.9979913,-0.8,9.797174e-17,1.0,0.5727041363716125,-1.1215273,-1.0617815,0.9983862,-1.4695762e-16,-0.8,1.0,1.1516752243041992
1826,-0.03861992061138153,0,2.224069118499756,inf,0.5526216,1.765166,1.0025345,0.0,0.0,1.0,1.8496508598327637,1.5486178,-3.713904,1.0000753,0.8,0.0,1.0,3.788602828979492,-2.5509448,3.5504217,1.0016927,4.898587e-17,0.8,1.0,3.7512855529785156,-1.0787216,-0.50383043,0.997993,-0.8,9.797174e-17,1.0,0.5757906436920166,-1.1246281,-1.0631899,0.99839354,-1.4695762e-16,-0.8,1.0,1.1550151109695435
1827,-0.038755547255277634,0,2.2315516471862793,inf,0.5542179,1.7723808,1.0025247,0.0,0.0,1.0,1.8570131063461304,1.5461556,-3.7254078,1.0000803,0.8,0.0,1.0,3.799396276473999,-2.5581443,3.5612264,1.0016953,4.898587e-17,0.8,1.0,3.764103651046753,-1.0811408,-0.50603265,0.9979948,-0.8,9.797174e-17,1.0,0.5788896083831787,-1.1277268,-1.064605,0.9984007,-1.4695762e-16,-0.8,1.0,1.1583548784255981
1828,-0.03889170661568642,0,2.2390403747558594,inf,0.5558125,1.7796109,1.0025151,0.0,0.0,1.0,1.8643896579742432,1.5436715,-3.7369034,1.0000856,0.8,0.0,1.0,3.810183048248291,-2.5653384,3.5720499,1.0016979,4.898587e-17,0.8,1.0,3.776933193206787,-1.0835716,-0.5082405,0.9979967,-0.8,9.797174e-17,1.0,0.5820010900497437,-1.1308237,-1.066027,0.9984076,-1.4695762e-16,-0.8,1.0,1.1616950035095215
1829,-0.03902795538306236,0,2.246535539627075,inf,0.5574054,1.7868559,1.0025055,0.0,0.0,1.0,1.8717801570892334,1.5411657,-3.7483902,1.000091,0.8,0.0,1.0,3.82096266746521,-2.572527,3.582892,1.0017004,4.898587e-17,0.8,1.0,3.789773941040039,-1.086014,-0.5104542,0.9979985,-0.8,9.797174e-17,1.0,0.585125207901001,-1.1339189,-1.0674562,0.99841446,-1.4695762e-16,-0.8,1.0,1.165035367012024
1830,-0.03916427120566368,0,2.2540366649627686,inf,0.5589967,1.7941161,1.0024959,0.0,0.0,1.0,1.8791849613189697,1.5386384,-3.7598684,1.0000962,0.8,0.0,1.0,3.831735372543335,-2.57971,3.5937524,1.0017028,4.898587e-17,0.8,1.0,3.8026251792907715,-1.0884681,-0.5126736,0.99800026,-0.8,9.797174e-17,1.0,0.5882619023323059,-1.1370121,-1.0688924,0.99842125,-1.4695762e-16,-0.8,1.0,1.168375849723816
1831,-0.03930118680000305,0,2.2615442276000977,inf,0.5605862,1.8013915,1.0024863,0.0,0.0,1.0,1.8866039514541626,1.5360894,-3.7713373,1.0001016,0.8,0.0,1.0,3.842500925064087,-2.5868874,3.6046314,1.0017053,4.898587e-17,0.8,1.0,3.8154876232147217,-1.0909337,-0.51489896,0.998002,-0.8,9.797174e-17,1.0,0.591411292552948,-1.1401035,-1.0703356,0.9984281,-1.4695762e-16,-0.8,1.0,1.171716570854187
1832,-0.03943795710802078,0,2.2690577507019043,inf,0.562174,1.808682,1.0024766,0.0,0.0,1.0,1.8940370082855225,1.5335188,-3.782797,1.0001068,0.8,0.0,1.0,3.8532588481903076,-2.594059,3.6155288,1.0017077,4.898587e-17,0.8,1.0,3.8283610343933105,-1.0934108,-0.5171304,0.9980037,-0.8,9.797174e-17,1.0,0.5945735573768616,-1.143193,-1.0717859,0.998435,-1.4695762e-16,-0.8,1.0,1.1750575304031372
1833,-0.039573900401592255,0,2.2765774726867676,inf,0.56376016,1.8159876,1.002467,0.0,0.0,1.0,1.9014842510223389,1.5309267,-3.7942479,1.0001119,0.8,0.0,1.0,3.8640096187591553,-2.601225,3.6264446,1.0017103,4.898587e-17,0.8,1.0,3.84124493598938,-1.0958998,-0.5193678,0.99800557,-0.8,9.797174e-17,1.0,0.5977487564086914,-1.1462806,-1.0732434,0.99844193,-1.4695762e-16,-0.8,1.0,1.178398847579956
1834,-0.0397099032998085,0,2.2841029167175293,inf,0.5653446,1.8233083,1.0024574,0.0,0.0,1.0,1.9089456796646118,1.5283133,-3.8056896,1.0001173,0.8,0.0,1.0,3.87475323677063,-2.608385,3.6373785,1.0017128,4.898587e-17,0.8,1.0,3.854139566421509,-1.0984004,-0.52161133,0.99800754,-0.8,9.797174e-17,1.0,0.6009368896484375,-1.1493664,-1.0747081,0.9984488,-1.4695762e-16,-0.8,1.0,1.181740164756775
1835,-0.039846912026405334,0,2.291635513305664,inf,0.56692725,1.8306442,1.0024481,0.0,0.0,1.0,1.9164214134216309,1.5256786,-3.817122,1.0001225,0.8,0.0,1.0,3.8854897022247314,-2.6155393,3.6483307,1.0017153,4.898587e-17,0.8,1.0,3.8670449256896973,-1.1009125,-0.5238611,0.9980097,-0.8,9.797174e-17,1.0,0.6041380167007446,-1.1524502,-1.07618,0.9984555,-1.4695762e-16,-0.8,1.0,1.185081958770752
1836,-0.03998444974422455,0,2.299173355102539,inf,0.56850815,1.8379953,1.0024388,0.0,0.0,1.0,1.923911213874817,1.5230229,-3.8285453,1.0001279,0.8,0.0,1.0,3.896218776702881,-2.6226876,3.6593008,1.0017178,4.898587e-17,0.8,1.0,3.879960536956787,-1.1034362,-0.5261172,0.9980118,-0.8,9.797174e-17,1.0,0.6073523163795471,-1.1555321,-1.0776591,0.99846214,-1.4695762e-16,-0.8,1.0,1.1884238719940186
1837,-0.04012114554643631,0,2.30671763420105,inf,0.5700873,1.8453615,1.0024296,0.0,0.0,1.0,1.9314152002334595,1.5203462,-3.8399594,1.0001333,0.8,0.0,1.0,3.9069409370422363,-2.62983,3.6702893,1.0017201,4.898587e-17,0.8,1.0,3.8928868770599365,-1.1059717,-0.5283797,0.99801385,-0.8,9.797174e-17,1.0,0.610579788684845,-1.1586123,-1.0791456,0.99846864,-1.4695762e-16,-0.8,1.0,1.1917662620544434
1838,-0.040258366614580154,0,2.314268112182617,inf,0.57166475,1.8527428,1.0024203,0.0,0.0,1.0,1.938933253288269,1.5176485,-3.851364,1.0001385,0.8,0.0,1.0,3.9176552295684814,-2.636966,3.6812954,1.0017225,4.898587e-17,0.8,1.0,3.905823230743408,-1.1085187,-0.5306485,0.9980159,-0.8,9.797174e-17,1.0,0.613820493221283,-1.1616904,-1.0806392,0.9984752,-1.4695762e-16,-0.8,1.0,1.1951088905334473
1839,-0.040395207703113556,0,2.3218250274658203,inf,0.5732404,1.8601393,1.002411,0.0,0.0,1.0,1.9464656114578247,1.5149295,-3.8627589,1.0001439,0.8,0.0,1.0,3.9283623695373535,-2.6440961,3.6923196,1.0017247,4.898587e-17,0.8,1.0,3.9187703132629395,-1.1110774,-0.53292394,0.99801797,-0.8,9.797174e-17,1.0,0.6170745491981506,-1.1647664,-1.0821401,0.9984818,-1.4695762e-16,-0.8,1.0,1.1984516382217407
1840,-0.04053210839629173,0,2.329387903213501,inf,0.57481426,1.8675508,1.0024017,0.0,0.0,1.0,1.954012155532837,1.5121895,-3.8741448,1.000149,0.8,0.0,1.0,3.9390623569488525,-2.65122,3.7033617,1.0017271,4.898587e-17,0.8,1.0,3.931727409362793,-1.1136477,-0.53520596,0.9980202,-0.8,9.797174e-17,1.0,0.6203420162200928,-1.1678406,-1.0836481,0.99848837,-1.4695762e-16,-0.8,1.0,1.2017946243286133
1841,-0.04066820070147514,0,2.33695650100708,inf,0.5763864,1.8749775,1.0023925,0.0,0.0,1.0,1.9615727663040161,1.5094285,-3.8855214,1.0001543,0.8,0.0,1.0,3.9497551918029785,-2.6583376,3.7144215,1.0017295,4.898587e-17,0.8,1.0,3.9446945190429688,-1.1162297,-0.53749466,0.99802256,-0.8,9.797174e-17,1.0,0.6236229538917542,-1.1709127,-1.0851631,0.99849486,-1.4695762e-16,-0.8,1.0,1.2051377296447754
1842,-0.04080481827259064,0,2.344531774520874,inf,0.5779566,1.8824195,1.0023836,0.0,0.0,1.0,1.9691476821899414,1.5066466,-3.896889,1.0001595,0.8,0.0,1.0,3.9604411125183105,-2.665449,3.725499,1.0017319,4.898587e-17,0.8,1.0,3.957671642303467,-1.1188234,-0.5397901,0.99802506,-0.8,9.797174e-17,1.0,0.6269175410270691,-1.1739829,-1.0866852,0.9985013,-1.4695762e-16,-0.8,1.0,1.208480954170227
1843,-0.04094213992357254,0,2.3521132469177246,inf,0.5795251,1.8898765,1.002375,0.0,0.0,1.0,1.9767367839813232,1.5038441,-3.9082472,1.0001647,0.8,0.0,1.0,3.9711198806762695,-2.672554,3.7365942,1.001734,4.898587e-17,0.8,1.0,3.970659017562866,-1.1214286,-0.5420923,0.99802786,-0.8,9.797174e-17,1.0,0.6302255988121033,-1.1770508,-1.0882144,0.99850744,-1.4695762e-16,-0.8,1.0,1.2118244171142578
1844,-0.041087884455919266,0,2.3597006797790527,inf,0.5810918,1.8973488,1.0023663,0.0,0.0,1.0,1.9843400716781616,1.5010211,-3.9195964,1.0001701,0.8,0.0,1.0,3.9817919731140137,-2.6796525,3.747707,1.0017362,4.898587e-17,0.8,1.0,3.983656167984009,-1.1240456,-0.54440147,0.9980305,-0.8,9.797174e-17,1.0,0.6335474848747253,-1.1801168,-1.0897505,0.9985134,-1.4695762e-16,-0.8,1.0,1.2151679992675781
1845,-0.04123470559716225,0,2.3672943115234375,inf,0.5826567,1.904836,1.0023577,0.0,0.0,1.0,1.9919575452804565,1.4981776,-3.9309359,1.0001756,0.8,0.0,1.0,3.9924564361572266,-2.6867445,3.758837,1.0017383,4.898587e-17,0.8,1.0,3.9966630935668945,-1.1266742,-0.5467176,0.99803305,-0.8,9.797174e-17,1.0,0.636883020401001,-1.1831807,-1.0912938,0.9985194,-1.4695762e-16,-0.8,1.0,1.218511700630188
1846,-0.04138196259737015,0,2.3748939037323,inf,0.5842197,1.9123386,1.0023489,0.0,0.0,1.0,1.999589204788208,1.4953138,-3.9422662,1.000181,0.8,0.0,1.0,4.003114223480225,-2.6938298,3.7699845,1.0017403,4.898587e-17,0.8,1.0,4.009679317474365,-1.1293145,-0.5490407,0.99803567,-0.8,9.797174e-17,1.0,0.6402324438095093,-1.1862423,-1.092844,0.99852544,-1.4695762e-16,-0.8,1.0,1.2218554019927979
1847,-0.041534703224897385,0,2.382500171661377,inf,0.5857809,1.9198562,1.0023402,0.0,0.0,1.0,2.007235050201416,1.4924291,-3.9535868,1.0001862,0.8,0.0,1.0,4.01376485824585,-2.7009087,3.7811494,1.0017424,4.898587e-17,0.8,1.0,4.022706031799316,-1.1319664,-0.55137086,0.99803835,-0.8,9.797174e-17,1.0,0.6435956358909607,-1.189302,-1.0944014,0.9985315,-1.4695762e-16,-0.8,1.0,1.2251993417739868
1848,-0.04168790578842163,0,2.3901124000549316,inf,0.58734024,1.927389,1.0023316,0.0,0.0,1.0,2.014894962310791,1.4895241,-3.9648983,1.0001913,0.8,0.0,1.0,4.024408340454102,-2.7079809,3.7923315,1.0017445,4.898587e-17,0.8,1.0,4.035741806030273,-1.13463,-0.55370826,0.99804115,-0.8,9.797174e-17,1.0,0.6469728350639343,-1.1923594,-1.0959656,0.99853754,-1.4695762e-16,-0.8,1.0,1.2285434007644653
1849,-0.04184035584330559,0,2.397730588912964,inf,0.5888977,1.934937,1.0023232,0.0,0.0,1.0,2.022569417953491,1.4865985,-3.9762003,1.0001965,0.8,0.0,1.0,4.035045146942139,-2.7150464,3.803531,1.0017465,4.898587e-17,0.8,1.0,4.048787593841553,-1.1373054,-0.5560529,0.9980442,-0.8,9.797174e-17,1.0,0.6503641605377197,-1.1954147,-1.0975369,0.9985434,-1.4695762e-16,-0.8,1.0,1.2318873405456543
1850,-0.0419933944940567,0,2.4053549766540527,inf,0.5904533,1.9425001,1.0023148,0.0,0.0,1.0,2.0302579402923584,1.4836527,-3.9874935,1.0002017,0.8,0.0,1.0,4.045674800872803,-2.722105,3.8147473,1.0017484,4.898587e-17,0.8,1.0,4.06184196472168,-1.1399925,-0.5584048,0.99804735,-0.8,9.797174e-17,1.0,0.6537695527076721,-1.1984677,-1.099115,0.99854916,-1.4695762e-16,-0.8,1.0,1.2352315187454224
1851,-0.042146600782871246,0,2.4129860401153564,inf,0.5920071,1.9500785,1.0023068,0.0,0.0,1.0,2.0379605293273926,1.4806867,-3.9987774,1.000207,0.8,0.0,1.0,4.05629825592041,-2.7291567,3.825981,1.0017502,4.898587e-17,0.8,1.0,4.074906349182129,-1.1426911,-0.5607641,0.99805075,-0.8,9.797174e-17,1.0,0.6571889519691467,-1.2015185,-1.1007001,0.99855465,-1.4695762e-16,-0.8,1.0,1.2385755777359009
1852,-0.042301323264837265,0,2.4206225872039795,inf,0.59355897,1.9576718,1.0022988,0.0,0.0,1.0,2.045677423477173,1.4777008,-4.0100517,1.0002124,0.8,0.0,1.0,4.0669145584106445,-2.7362018,3.8372316,1.001752,4.898587e-17,0.8,1.0,4.087979793548584,-1.1454016,-0.56313086,0.998054,-0.8,9.797174e-17,1.0,0.6606227159500122,-1.2045671,-1.102292,0.99856,-1.4695762e-16,-0.8,1.0,1.2419196367263794
1853,-0.04245442524552345,0,2.4282660484313965,inf,0.59510905,1.9652802,1.0022908,0.0,0.0,1.0,2.05340838432312,1.474695,-4.021317,1.0002179,0.8,0.0,1.0,4.077524185180664,-2.7432396,3.848499,1.0017537,4.898587e-17,0.8,1.0,4.101062774658203,-1.1481237,-0.56550515,0.99805737,-0.8,9.797174e-17,1.0,0.6640707850456238,-1.2076133,-1.1038905,0.9985653,-1.4695762e-16,-0.8,1.0,1.2452635765075684
1854,-0.042609043419361115,0,2.4359147548675537,inf,0.5966572,1.9729033,1.0022827,0.0,0.0,1.0,2.0611531734466553,1.4716692,-4.0325723,1.0002233,0.8,0.0,1.0,4.0881266593933105,-2.7502704,3.8597834,1.0017554,4.898587e-17,0.8,1.0,4.11415433883667,-1.1508576,-0.567887,0.99806064,-0.8,9.797174e-17,1.0,0.6675330996513367,-1.2106575,-1.1054959,0.99857074,-1.4695762e-16,-0.8,1.0,1.2486077547073364
1855,-0.042762886732816696,0,2.443570375442505,inf,0.5982036,1.9805413,1.0022749,0.0,0.0,1.0,2.0689120292663574,1.4686234,-4.0438185,1.0002285,0.8,0.0,1.0,4.098722457885742,-2.7572942,3.8710845,1.0017569,4.898587e-17,0.8,1.0,4.127254962921143,-1.1536031,-0.57027644,0.9980641,-0.8,9.797174e-17,1.0,0.6710097193717957,-1.2136993,-1.1071081,0.99857605,-1.4695762e-16,-0.8,1.0,1.2519519329071045
1856,-0.04291732236742973,0,2.4512314796447754,inf,0.59974813,1.9881942,1.0022671,0.0,0.0,1.0,2.0766847133636475,1.4655575,-4.055055,1.0002337,0.8,0.0,1.0,4.109311103820801,-2.7643108,3.8824024,1.0017586,4.898587e-17,0.8,1.0,4.140365123748779,-1.1563604,-0.57267374,0.9980676,-0.8,9.797174e-17,1.0,0.6745010614395142,-1.216739,-1.1087267,0.99858123,-1.4695762e-16,-0.8,1.0,1.2552961111068726
1857,-0.04307052865624428,0,2.4588992595672607,inf,0.6012908,1.9958619,1.0022595,0.0,0.0,1.0,2.0844712257385254,1.4624717,-4.0662827,1.0002388,0.8,0.0,1.0,4.119893550872803,-2.7713203,3.8937368,1.0017601,4.898587e-17,0.8,1.0,4.153483867645264,-1.1591294,-0.5750788,0.9980712,-0.8,9.797174e-17,1.0,0.6780068278312683,-1.2197766,-1.1103522,0.99858624,-1.4695762e-16,-0.8,1.0,1.2586404085159302
1858,-0.043224796652793884,0,2.4665729999542236,inf,0.60283154,2.0035446,1.002252,0.0,0.0,1.0,2.0922720432281494,1.4593662,-4.077501,1.000244,0.8,0.0,1.0,4.13046932220459,-2.7783225,3.905088,1.0017616,4.898587e-17,0.8,1.0,4.166611671447754,-1.16191,-0.57749164,0.998075,-0.8,9.797174e-17,1.0,0.6815270781517029,-1.222812,-1.1119839,0.9985911,-1.4695762e-16,-0.8,1.0,1.2619845867156982
1859,-0.04337877407670021,0,2.4742531776428223,inf,0.6043705,2.0112422,1.0022447,0.0,0.0,1.0,2.1000866889953613,1.4562411,-4.08871,1.0002493,0.8,0.0,1.0,4.141038417816162,-2.7853174,3.9164555,1.0017629,4.898587e-17,0.8,1.0,4.179748058319092,-1.1647025,-0.5799125,0.998079,-0.8,9.797174e-17,1.0,0.6850621104240417,-1.2258455,-1.1136223,0.9985957,-1.4695762e-16,-0.8,1.0,1.2653292417526245
1860,-0.043534696102142334,0,2.4819390773773193,inf,0.60590756,2.0189543,1.0022376,0.0,0.0,1.0,2.107914924621582,1.4530966,-4.09991,1.0002548,0.8,0.0,1.0,4.151601791381836,-2.7923048,3.9278395,1.0017642,4.898587e-17,0.8,1.0,4.192893028259277,-1.1675066,-0.5823414,0.99808294,-0.8,9.797174e-17,1.0,0.6886118054389954,-1.2288768,-1.115267,0.99860024,-1.4695762e-16,-0.8,1.0,1.2686738967895508
1861,-0.04368894174695015,0,2.489631175994873,inf,0.60744274,2.0266812,1.0022303,0.0,0.0,1.0,2.1157569885253906,1.4499328,-4.1110997,1.0002601,0.8,0.0,1.0,4.16215705871582,-2.799285,3.9392397,1.0017655,4.898587e-17,0.8,1.0,4.2060465812683105,-1.1703224,-0.5847783,0.99808675,-0.8,9.797174e-17,1.0,0.6921762824058533,-1.231906,-1.1169181,0.9986047,-1.4695762e-16,-0.8,1.0,1.2720186710357666
1862,-0.04384422302246094,0,2.4973294734954834,inf,0.6089761,2.0344226,1.002223,0.0,0.0,1.0,2.123613119125366,1.4467494,-4.1222806,1.0002655,0.8,0.0,1.0,4.172706604003906,-2.8062575,3.9506564,1.0017666,4.898587e-17,0.8,1.0,4.219208717346191,-1.1731501,-0.58722335,0.9980907,-0.8,9.797174e-17,1.0,0.6957556009292603,-1.2349334,-1.1185756,0.9986093,-1.4695762e-16,-0.8,1.0,1.275363802909851
1863,-0.04399828612804413,0,2.5050339698791504,inf,0.6105076,2.0421786,1.0022157,0.0,0.0,1.0,2.1314826011657715,1.4435468,-4.133452,1.0002706,0.8,0.0,1.0,4.183249473571777,-2.8132224,3.9620893,1.0017679,4.898587e-17,0.8,1.0,4.232378959655762,-1.1759893,-0.58967644,0.99809456,-0.8,9.797174e-17,1.0,0.699349582195282,-1.2379588,-1.1202394,0.9986139,-1.4695762e-16,-0.8,1.0,1.2787091732025146
1864,-0.04415338858962059,0,2.512744426727295,inf,0.61203724,2.0499492,1.0022088,0.0,0.0,1.0,2.1393659114837646,1.4403244,-4.1446137,1.0002756,0.8,0.0,1.0,4.193785667419434,-2.8201797,3.9735384,1.001769,4.898587e-17,0.8,1.0,4.245558261871338,-1.1788398,-0.59213775,0.99809855,-0.8,9.797174e-17,1.0,0.7029582858085632,-1.2409822,-1.1219093,0.99861825,-1.4695762e-16,-0.8,1.0,1.2820546627044678
1865,-0.044308070093393326,0,2.520461082458496,inf,0.6135651,2.0577343,1.0022019,0.0,0.0,1.0,2.1472628116607666,1.4370828,-4.155766,1.0002806,0.8,0.0,1.0,4.204315185546875,-2.8271296,3.9850037,1.0017701,4.898587e-17,0.8,1.0,4.2587456703186035,-1.1817018,-0.5946074,0.99810266,-0.8,9.797174e-17,1.0,0.7065817713737488,-1.2440037,-1.1235855,0.99862236,-1.4695762e-16,-0.8,1.0,1.2854005098342896
1866,-0.044463783502578735,0,2.528183937072754,inf,0.61509097,2.0655339,1.0021952,0.0,0.0,1.0,2.1551733016967773,1.4338219,-4.166909,1.0002857,0.8,0.0,1.0,4.21483850479126,-2.8340714,3.9964848,1.0017712,4.898587e-17,0.8,1.0,4.2719407081604,-1.1845751,-0.5970854,0.99810684,-0.8,9.797174e-17,1.0,0.7102200388908386,-1.2470232,-1.1252677,0.99862635,-1.4695762e-16,-0.8,1.0,1.2887465953826904
1867,-0.04461919888854027,0,2.5359129905700684,inf,0.61661506,2.073348,1.0021887,0.0,0.0,1.0,2.163097620010376,1.4305421,-4.1780434,1.000291,0.8,0.0,1.0,4.225355625152588,-2.8410058,4.007982,1.0017722,4.898587e-17,0.8,1.0,4.285144805908203,-1.1874598,-0.59957194,0.99811125,-0.8,9.797174e-17,1.0,0.7138733863830566,-1.250041,-1.1269561,0.9986302,-1.4695762e-16,-0.8,1.0,1.2920931577682495
1868,-0.04477565735578537,0,2.5436477661132812,inf,0.61813724,2.0811765,1.002182,0.0,0.0,1.0,2.1710352897644043,1.4272434,-4.189168,1.0002962,0.8,0.0,1.0,4.235866069793701,-2.847932,4.019495,1.0017731,4.898587e-17,0.8,1.0,4.298356533050537,-1.1903561,-0.6020668,0.99811554,-0.8,9.797174e-17,1.0,0.7175415754318237,-1.253057,-1.1286504,0.99863404,-1.4695762e-16,-0.8,1.0,1.2954399585723877
1869,-0.04493087902665138,0,2.551389217376709,inf,0.6196576,2.0890195,1.0021755,0.0,0.0,1.0,2.1789867877960205,1.4239258,-4.2002835,1.0003016,0.8,0.0,1.0,4.246370792388916,-2.8548505,4.0310235,1.001774,4.898587e-17,0.8,1.0,4.311575889587402,-1.1932639,-0.60457,0.9981199,-0.8,9.797174e-17,1.0,0.7212245464324951,-1.2560711,-1.1303507,0.9986379,-1.4695762e-16,-0.8,1.0,1.2987871170043945
1870,-0.04508713632822037,0,2.559135913848877,inf,0.62117606,2.0968769,1.0021688,0.0,0.0,1.0,2.1869513988494873,1.4205893,-4.211389,1.0003067,0.8,0.0,1.0,4.256868362426758,-2.861761,4.042568,1.0017749,4.898587e-17,0.8,1.0,4.324803829193115,-1.196183,-0.60708123,0.9981241,-0.8,9.797174e-17,1.0,0.7249221205711365,-1.2590834,-1.132057,0.9986418,-1.4695762e-16,-0.8,1.0,1.30213463306427
1871,-0.04524217173457146,0,2.5668892860412598,inf,0.62269264,2.1047485,1.0021623,0.0,0.0,1.0,2.194929838180542,1.4172338,-4.222485,1.0003119,0.8,0.0,1.0,4.267359733581543,-2.8686638,4.0541286,1.0017757,4.898587e-17,0.8,1.0,4.338039875030518,-1.1991132,-0.60960066,0.9981285,-0.8,9.797174e-17,1.0,0.728634238243103,-1.262094,-1.1337692,0.99864566,-1.4695762e-16,-0.8,1.0,1.3054826259613037
1872,-0.045398224145174026,0,2.574648380279541,inf,0.6242074,2.1126344,1.002156,0.0,0.0,1.0,2.2029216289520264,1.4138595,-4.233572,1.0003167,0.8,0.0,1.0,4.2778449058532715,-2.8755581,4.0657043,1.0017767,4.898587e-17,0.8,1.0,4.351283073425293,-1.2020546,-0.6121283,0.9981329,-0.8,9.797174e-17,1.0,0.7323608994483948,-1.265103,-1.1354871,0.9986493,-1.4695762e-16,-0.8,1.0,1.3088310956954956
1873,-0.04555397108197212,0,2.5824131965637207,inf,0.62572026,2.1205347,1.0021498,0.0,0.0,1.0,2.2109270095825195,1.4104663,-4.2446494,1.0003215,0.8,0.0,1.0,4.288323402404785,-2.8824446,4.077296,1.0017776,4.898587e-17,0.8,1.0,4.3645339012146,-1.2050068,-0.6146643,0.99813724,-0.8,9.797174e-17,1.0,0.7361020445823669,-1.2681102,-1.1372107,0.99865276,-1.4695762e-16,-0.8,1.0,1.3121799230575562
1874,-0.04571074619889259,0,2.590184211730957,inf,0.62723124,2.1284492,1.0021437,0.0,0.0,1.0,2.2189457416534424,1.4070544,-4.2557173,1.0003265,0.8,0.0,1.0,4.298795700073242,-2.8893228,4.0889025,1.0017785,4.898587e-17,0.8,1.0,4.377792835235596,-1.2079701,-0.6172088,0.99814177,-0.8,9.797174e-17,1.0,0.7398579120635986,-1.2711157,-1.1389401,0.9986561,-1.4695762e-16,-0.8,1.0,1.315529227256775
1875,-0.045867353677749634,0,2.59796142578125,inf,0.6287404,2.1363778,1.0021378,0.0,0.0,1.0,2.226977586746216,1.403624,-4.2667766,1.0003315,0.8,0.0,1.0,4.309262752532959,-2.8961928,4.100525,1.0017792,4.898587e-17,0.8,1.0,4.391059398651123,-1.2109445,-0.61976177,0.99814636,-0.8,9.797174e-17,1.0,0.7436286211013794,-1.2741196,-1.1406752,0.99865943,-1.4695762e-16,-0.8,1.0,1.3188791275024414
1876,-0.04602498933672905,0,2.6057443618774414,inf,0.6302477,2.1443205,1.0021318,0.0,0.0,1.0,2.235023021697998,1.4001753,-4.277826,1.0003365,0.8,0.0,1.0,4.319722652435303,-2.9030545,4.1121626,1.00178,4.898587e-17,0.8,1.0,4.404333114624023,-1.21393,-0.62232316,0.99815094,-0.8,9.797174e-17,1.0,0.7474139332771301,-1.2771219,-1.1424159,0.9986627,-1.4695762e-16,-0.8,1.0,1.3222295045852661
1877,-0.046181391924619675,0,2.6135334968566895,inf,0.6317532,2.1522775,1.0021259,0.0,0.0,1.0,2.243081569671631,1.3967083,-4.288866,1.0003417,0.8,0.0,1.0,4.330176830291748,-2.9099078,4.123815,1.0017807,4.898587e-17,0.8,1.0,4.417613983154297,-1.2169266,-0.62489283,0.99815553,-0.8,9.797174e-17,1.0,0.751213788986206,-1.2801226,-1.1441622,0.998666,-1.4695762e-16,-0.8,1.0,1.325580358505249
1878,-0.04633883386850357,0,2.621328115463257,inf,0.633257,2.1602485,1.00212,0.0,0.0,1.0,2.2511534690856934,1.3932229,-4.2998967,1.0003467,0.8,0.0,1.0,4.340624809265137,-2.9167528,4.1354833,1.0017815,4.898587e-17,0.8,1.0,4.43090295791626,-1.2199341,-0.62747073,0.9981601,-0.8,9.797174e-17,1.0,0.7550281882286072,-1.2831218,-1.1459138,0.9986693,-1.4695762e-16,-0.8,1.0,1.3289318084716797
1879,-0.046495020389556885,0,2.629128932952881,inf,0.6347591,2.1682336,1.0021142,0.0,0.0,1.0,2.2592389583587646,1.3897191,-4.3109174,1.0003514,0.8,0.0,1.0,4.3510661125183105,-2.9235895,4.1471663,1.0017823,4.898587e-17,0.8,1.0,4.4441986083984375,-1.2229525,-0.6300568,0.99816465,-0.8,9.797174e-17,1.0,0.7588568925857544,-1.2861195,-1.1476711,0.99867266,-1.4695762e-16,-0.8,1.0,1.332283854484558
1880,-0.04665224626660347,0,2.6369357109069824,inf,0.63625956,2.1762328,1.0021085,0.0,0.0,1.0,2.2673375606536865,1.3861969,-4.321929,1.0003561,0.8,0.0,1.0,4.361501693725586,-2.9304175,4.1588645,1.0017831,4.898587e-17,0.8,1.0,4.4575018882751465,-1.2259815,-0.63265115,0.99816924,-0.8,9.797174e-17,1.0,0.7626997828483582,-1.2891155,-1.1494337,0.9986758,-1.4695762e-16,-0.8,1.0,1.3356363773345947
1881,-0.046809181571006775,0,2.644747734069824,inf,0.6377584,2.1842458,1.0021029,0.0,0.0,1.0,2.275449514389038,1.3826565,-4.332931,1.0003606,0.8,0.0,1.0,4.3719305992126465,-2.937237,4.1705775,1.001784,4.898587e-17,0.8,1.0,4.47081184387207,-1.2290211,-0.63525385,0.99817383,-0.8,9.797174e-17,1.0,0.7665570974349976,-1.2921102,-1.1512017,0.99867886,-1.4695762e-16,-0.8,1.0,1.3389896154403687
1882,-0.046967145055532455,0,2.6525659561157227,inf,0.63925564,2.1922731,1.0020974,0.0,0.0,1.0,2.2835748195648193,1.3790977,-4.343924,1.0003654,0.8,0.0,1.0,4.382354259490967,-2.944048,4.182306,1.0017848,4.898587e-17,0.8,1.0,4.484129428863525,-1.2320713,-0.6378651,0.99817854,-0.8,9.797174e-17,1.0,0.7704289555549622,-1.2951034,-1.152975,0.9986818,-1.4695762e-16,-0.8,1.0,1.3423434495925903
1883,-0.04712481051683426,0,2.6603903770446777,inf,0.64075136,2.200314,1.002092,0.0,0.0,1.0,2.291712999343872,1.3755211,-4.354908,1.0003701,0.8,0.0,1.0,4.392772197723389,-2.9508502,4.194049,1.0017855,4.898587e-17,0.8,1.0,4.497453689575195,-1.2351321,-0.64048487,0.9981833,-0.8,9.797174e-17,1.0,0.7743152379989624,-1.2980952,-1.1547536,0.99868476,-1.4695762e-16,-0.8,1.0,1.3456979990005493
1884,-0.047283485531806946,0,2.6682205200195312,inf,0.64224565,2.2083693,1.0020866,0.0,0.0,1.0,2.2998650074005127,1.3719267,-4.365882,1.0003752,0.8,0.0,1.0,4.403183460235596,-2.9576437,4.2058063,1.0017864,4.898587e-17,0.8,1.0,4.51078462600708,-1.2382038,-0.64311314,0.9981881,-0.8,9.797174e-17,1.0,0.7782161235809326,-1.3010856,-1.1565373,0.9986877,-1.4695762e-16,-0.8,1.0,1.349053144454956
1885,-0.04744093492627144,0,2.676056385040283,inf,0.64373845,2.216438,1.0020813,0.0,0.0,1.0,2.3080296516418457,1.3683145,-4.376847,1.0003799,0.8,0.0,1.0,4.413589000701904,-2.9644287,4.217579,1.0017871,4.898587e-17,0.8,1.0,4.524122714996338,-1.241286,-0.6457497,0.9981929,-0.8,9.797174e-17,1.0,0.7821312546730042,-1.3040745,-1.1583261,0.99869066,-1.4695762e-16,-0.8,1.0,1.3524088859558105
1886,-0.04759940132498741,0,2.6838979721069336,inf,0.6452299,2.224521,1.002076,0.0,0.0,1.0,2.3162078857421875,1.3646845,-4.387802,1.0003848,0.8,0.0,1.0,4.4239888191223145,-2.9712045,4.229366,1.0017878,4.898587e-17,0.8,1.0,4.5374674797058105,-1.244379,-0.64839447,0.9981977,-0.8,9.797174e-17,1.0,0.786060631275177,-1.307062,-1.1601202,0.9986937,-1.4695762e-16,-0.8,1.0,1.3557652235031128
1887,-0.04775707423686981,0,2.6917452812194824,inf,0.64672,2.2326176,1.0020707,0.0,0.0,1.0,2.324399471282959,1.3610365,-4.398748,1.0003893,0.8,0.0,1.0,4.434382438659668,-2.9779718,4.2411675,1.0017886,4.898587e-17,0.8,1.0,4.550818920135498,-1.2474824,-0.65104747,0.99820244,-0.8,9.797174e-17,1.0,0.7900041341781616,-1.3100482,-1.1619194,0.99869674,-1.4695762e-16,-0.8,1.0,1.359122395515442
1888,-0.04791489243507385,0,2.6995983123779297,inf,0.64820874,2.2407281,1.0020657,0.0,0.0,1.0,2.332603931427002,1.3573706,-4.4096837,1.000394,0.8,0.0,1.0,4.444768905639648,-2.98473,4.2529836,1.0017895,4.898587e-17,0.8,1.0,4.5641770362854,-1.250596,-0.6537088,0.9982073,-0.8,9.797174e-17,1.0,0.7939617037773132,-1.3130331,-1.1637233,0.99869967,-1.4695762e-16,-0.8,1.0,1.3624801635742188
1889,-0.04807282239198685,0,2.7074573040008545,inf,0.64969623,2.2488525,1.0020605,0.0,0.0,1.0,2.3408217430114746,1.353687,-4.420611,1.0003985,0.8,0.0,1.0,4.455151081085205,-2.9914796,4.264814,1.0017904,4.898587e-17,0.8,1.0,4.577541828155518,-1.2537198,-0.6563785,0.998212,-0.8,9.797174e-17,1.0,0.7979333400726318,-1.3160166,-1.1655325,0.9987024,-1.4695762e-16,-0.8,1.0,1.365838646888733
1890,-0.048231784254312515,0,2.7153220176696777,inf,0.65118253,2.2569904,1.0020555,0.0,0.0,1.0,2.349052667617798,1.3499858,-4.4315286,1.000403,0.8,0.0,1.0,4.465526580810547,-2.9982204,4.2766585,1.0017912,4.898587e-17,0.8,1.0,4.59091329574585,-1.2568538,-0.6590568,0.99821687,-0.8,9.797174e-17,1.0,0.8019192218780518,-1.3189988,-1.1673465,0.99870527,-1.4695762e-16,-0.8,1.0,1.369197964668274
1891,-0.04839044436812401,0,2.7231924533843994,inf,0.65266764,2.2651422,1.0020506,0.0,0.0,1.0,2.357296943664551,1.3462672,-4.4424367,1.0004077,0.8,0.0,1.0,4.475896835327148,-3.0049524,4.2885175,1.0017922,4.898587e-17,0.8,1.0,4.604290962219238,-1.2599981,-0.6617436,0.9982219,-0.8,9.797174e-17,1.0,0.805919349193573,-1.3219798,-1.1691654,0.9987081,-1.4695762e-16,-0.8,1.0,1.3725578784942627
1892,-0.048550140112638474,0,2.7310683727264404,inf,0.6541516,2.2733078,1.0020456,0.0,0.0,1.0,2.3655543327331543,1.3425312,-4.453336,1.0004125,0.8,0.0,1.0,4.486261367797852,-3.0116754,4.3003902,1.0017931,4.898587e-17,0.8,1.0,4.617675304412842,-1.2631528,-0.6644389,0.9982268,-0.8,9.797174e-17,1.0,0.8099337816238403,-1.3249593,-1.170989,0.99871093,-1.4695762e-16,-0.8,1.0,1.3759185075759888
1893,-0.04870887100696564,0,2.738950490951538,inf,0.65563446,2.281487,1.0020407,0.0,0.0,1.0,2.3738245964050293,1.338778,-4.4642253,1.0004172,0.8,0.0,1.0,4.496619701385498,-3.0183895,4.3122773,1.001794,4.898587e-17,0.8,1.0,4.631065845489502,-1.2663178,-0.6671426,0.9982319,-0.8,9.797174e-17,1.0,0.8139623403549194,-1.3279377,-1.1728175,0.9987139,-1.4695762e-16,-0.8,1.0,1.3792799711227417
1894,-0.04886866360902786,0,2.746837854385376,inf,0.6571163,2.2896798,1.0020359,0.0,0.0,1.0,2.382108211517334,1.3350075,-4.4751053,1.0004219,0.8,0.0,1.0,4.506972312927246,-3.0250943,4.324178,1.0017949,4.898587e-17,0.8,1.0,4.644462585449219,-1.2694931,-0.6698545,0.99823695,-0.8,9.797174e-17,1.0,0.818004846572876,-1.3309149,-1.1746508,0.9987169,-1.4695762e-16,-0.8,1.0,1.382642149925232
1895,-0.04902813211083412,0,2.7547314167022705,inf,0.6585971,2.2978861,1.002031,0.0,0.0,1.0,2.39040470123291,1.3312197,-4.4859757,1.0004263,0.8,0.0,1.0,4.517319202423096,-3.0317903,4.336093,1.0017958,4.898587e-17,0.8,1.0,4.657865524291992,-1.2726784,-0.6725747,0.99824196,-0.8,9.797174e-17,1.0,0.8220612406730652,-1.3338907,-1.1764888,0.9987199,-1.4695762e-16,-0.8,1.0,1.38600492477417
1896,-0.04918818548321724,0,2.762629985809326,inf,0.660077,2.3061063,1.0020262,0.0,0.0,1.0,2.398714780807495,1.3274143,-4.4968367,1.0004307,0.8,0.0,1.0,4.527660369873047,-3.038477,4.3480215,1.0017968,4.898587e-17,0.8,1.0,4.671274185180664,-1.2758735,-0.67530316,0.9982469,-0.8,9.797174e-17,1.0,0.8261314034461975,-1.3368653,-1.1783315,0.99872285,-1.4695762e-16,-0.8,1.0,1.3893686532974243
1897,-0.0493478961288929,0,2.770534038543701,inf,0.66155595,2.3143399,1.0020216,0.0,0.0,1.0,2.4070374965667725,1.3235914,-4.5076885,1.0004349,0.8,0.0,1.0,4.537995338439941,-3.0451548,4.359964,1.0017978,4.898587e-17,0.8,1.0,4.684689521789551,-1.2790786,-0.6780401,0.998252,-0.8,9.797174e-17,1.0,0.8302154541015625,-1.3398386,-1.180179,0.99872583,-1.4695762e-16,-0.8,1.0,1.3927329778671265
1898,-0.049508191645145416,0,2.778444290161133,inf,0.66303396,2.322587,1.0020168,0.0,0.0,1.0,2.4153733253479004,1.3197509,-4.5185313,1.0004392,0.8,0.0,1.0,4.548325538635254,-3.0518231,4.37192,1.0017989,4.898587e-17,0.8,1.0,4.698110580444336,-1.2822933,-0.68078554,0.99825686,-0.8,9.797174e-17,1.0,0.8343133926391602,-1.3428104,-1.1820314,0.99872863,-1.4695762e-16,-0.8,1.0,1.3960978984832764
1899,-0.049668148159980774,0,2.786360025405884,inf,0.6645112,2.3308477,1.0020123,0.0,0.0,1.0,2.423722267150879,1.315893,-4.529365,1.0004435,0.8,0.0,1.0,4.558650493621826,-3.0584824,4.3838897,1.0018,4.898587e-17,0.8,1.0,4.7115373611450195,-1.285518,-0.6835396,0.99826205,-0.8,9.797174e-17,1.0,0.8384254574775696,-1.3457808,-1.1838886,0.9987316,-1.4695762e-16,-0.8,1.0,1.3994635343551636
1900,-0.04982822388410568,0,2.794281244277954,inf,0.6659876,2.3391218,1.0020076,0.0,0.0,1.0,2.432084321975708,1.3120179,-4.54019,1.000448,0.8,0.0,1.0,4.568970203399658,-3.0651326,4.395873,1.0018011,4.898587e-17,0.8,1.0,4.72497034072876,-1.2887528,-0.6863022,0.99826723,-0.8,9.797174e-17,1.0,0.8425514101982117,-1.3487499,-1.1857505,0.9987345,-1.4695762e-16,-0.8,1.0,1.4028297662734985
1901,-0.049987517297267914,0,2.802208423614502,inf,0.66746324,2.3474095,1.0020031,0.0,0.0,1.0,2.4404594898223877,1.3081257,-4.551007,1.0004524,0.8,0.0,1.0,4.579285144805908,-3.0717733,4.40787,1.0018022,4.898587e-17,0.8,1.0,4.738409042358398,-1.2919974,-0.68907315,0.9982726,-0.8,9.797174e-17,1.0,0.8466913104057312,-1.3517174,-1.1876173,0.9987374,-1.4695762e-16,-0.8,1.0,1.4061964750289917
1902,-0.050148289650678635,0,2.810141086578369,inf,0.6689382,2.3557105,1.0019985,0.0,0.0,1.0,2.448847532272339,1.3042166,-4.5618143,1.0004569,0.8,0.0,1.0,4.589595317840576,-3.0784047,4.4198804,1.0018034,4.898587e-17,0.8,1.0,4.7518534660339355,-1.295252,-0.6918524,0.99827796,-0.8,9.797174e-17,1.0,0.8508449792861938,-1.3546834,-1.1894889,0.9987403,-1.4695762e-16,-0.8,1.0,1.4095638990402222
1903,-0.05030827596783638,0,2.8180792331695557,inf,0.67041254,2.364025,1.001994,0.0,0.0,1.0,2.4572486877441406,1.3002907,-4.572613,1.0004615,0.8,0.0,1.0,4.599899768829346,-3.0850267,4.431904,1.0018046,4.898587e-17,0.8,1.0,4.765303611755371,-1.2985162,-0.69463986,0.99828345,-0.8,9.797174e-17,1.0,0.8550121784210205,-1.3576479,-1.1913654,0.99874336,-1.4695762e-16,-0.8,1.0,1.4129317998886108
1904,-0.05046973377466202,0,2.8260226249694824,inf,0.67188615,2.3723528,1.0019896,0.0,0.0,1.0,2.465662717819214,1.2963477,-4.5834017,1.0004658,0.8,0.0,1.0,4.610198974609375,-3.0916395,4.4439406,1.0018058,4.898587e-17,0.8,1.0,4.778759479522705,-1.3017899,-0.6974356,0.9982888,-0.8,9.797174e-17,1.0,0.8591929078102112,-1.3606111,-1.1932465,0.9987463,-1.4695762e-16,-0.8,1.0,1.4163005352020264
1905,-0.05062754452228546,0,2.833970785140991,inf,0.6733593,2.3806942,1.0019852,0.0,0.0,1.0,2.4740898609161377,1.292388,-4.594182,1.00047,0.8,0.0,1.0,4.620492935180664,-3.0982428,4.455991,1.001807,4.898587e-17,0.8,1.0,4.792220592498779,-1.3050712,-0.7002253,0.9982942,-0.8,9.797174e-17,1.0,0.8633744120597839,-1.3635746,-1.1951469,0.9987494,-1.4695762e-16,-0.8,1.0,1.419675588607788
1906,-0.05078153684735298,0,2.8419229984283447,inf,0.6748318,2.3890486,1.0019815,0.0,0.0,1.0,2.482529878616333,1.288411,-4.6049533,1.0004735,0.8,0.0,1.0,4.630781650543213,-3.1048367,4.4680543,1.0018084,4.898587e-17,0.8,1.0,4.80568790435791,-1.3083605,-0.70301104,0.99830014,-0.8,9.797174e-17,1.0,0.867558479309082,-1.3665383,-1.197065,0.9987523,-1.4695762e-16,-0.8,1.0,1.4230562448501587
1907,-0.050969548523426056,0,2.849879741668701,inf,0.67630386,2.3974166,1.0019789,0.0,0.0,1.0,2.490983247756958,1.2844169,-4.615716,1.0004762,0.8,0.0,1.0,4.641066074371338,-3.111421,4.4801307,1.0018106,4.898587e-17,0.8,1.0,4.819160461425781,-1.3116577,-0.7057963,0.9983062,-0.8,9.797174e-17,1.0,0.871748149394989,-1.3695016,-1.1989973,0.9987546,-1.4695762e-16,-0.8,1.0,1.4264414310455322
1908,-0.051184650510549545,0,2.857842445373535,inf,0.67777544,2.4057982,1.0019773,0.0,0.0,1.0,2.4994494915008545,1.2804059,-4.62647,1.0004783,0.8,0.0,1.0,4.651345729827881,-3.1179962,4.4922204,1.0018137,4.898587e-17,0.8,1.0,4.832638740539551,-1.3149629,-0.7085863,0.9983116,-0.8,9.797174e-17,1.0,0.8759475350379944,-1.3724643,-1.2009393,0.9987557,-1.4695762e-16,-0.8,1.0,1.4298293590545654
1909,-0.05141337215900421,0,2.8658106327056885,inf,0.6792466,2.414193,1.0019768,0.0,0.0,1.0,2.5079288482666016,1.2763778,-4.637216,1.0004791,0.8,0.0,1.0,4.66162109375,-3.1245618,4.5043235,1.0018173,4.898587e-17,0.8,1.0,4.846122741699219,-1.3182757,-0.7113877,0.99831635,-0.8,9.797174e-17,1.0,0.8801618814468384,-1.3754253,-1.2028849,0.9987557,-1.4695762e-16,-0.8,1.0,1.4332176446914673
1910,-0.05165913328528404,0,2.8737852573394775,inf,0.68071735,2.4226015,1.0019772,0.0,0.0,1.0,2.5164215564727783,1.272333,-4.6479535,1.0004795,0.8,0.0,1.0,4.671891689300537,-3.1311183,4.5164394,1.0018222,4.898587e-17,0.8,1.0,4.859611988067627,-1.3215951,-0.7142089,0.99832,-0.8,9.797174e-17,1.0,0.8843972682952881,-1.3783832,-1.204827,0.9987545,-1.4695762e-16,-0.8,1.0,1.4366024732589722
1911,-0.051921993494033813,0,2.8817663192749023,inf,0.68218774,2.4310234,1.0019777,0.0,0.0,1.0,2.5249273777008057,1.2682714,-4.658683,1.0004798,0.8,0.0,1.0,4.68215799331665,-3.1376653,4.5285687,1.0018281,4.898587e-17,0.8,1.0,4.873106956481934,-1.3249191,-0.71706,0.99832124,-0.8,9.797174e-17,1.0,0.888660728931427,-1.3813353,-1.2067562,0.9987518,-1.4695762e-16,-0.8,1.0,1.4399789571762085
1912,-0.05220426246523857,0,2.8897547721862793,inf,0.6836577,2.4394586,1.0019785,0.0,0.0,1.0,2.5334463119506836,1.2641929,-4.6694036,1.0004798,0.8,0.0,1.0,4.69242000579834,-3.1442032,4.540711,1.0018338,4.898587e-17,0.8,1.0,4.886608123779297,-1.328244,-0.7199532,0.9983188,-0.8,9.797174e-17,1.0,0.892959713935852,-1.3842773,-1.2086626,0.99874604,-1.4695762e-16,-0.8,1.0,1.4433400630950928
1913,-0.05250772461295128,0,2.897749423980713,inf,0.6851274,2.4479074,1.001979,0.0,0.0,1.0,2.541978359222412,1.2600976,-4.680116,1.0004793,0.8,0.0,1.0,4.7026777267456055,-3.1507316,4.552866,1.0018399,4.898587e-17,0.8,1.0,4.900114059448242,-1.3315631,-0.72290224,0.9983098,-0.8,9.797174e-17,1.0,0.897301435470581,-1.3872027,-1.2105347,0.99873513,-1.4695762e-16,-0.8,1.0,1.4466761350631714
1914,-0.052834510803222656,0,2.905749797821045,inf,0.68659675,2.45637,1.00198,0.0,0.0,1.0,2.5505239963531494,1.2559854,-4.6908207,1.0004781,0.8,0.0,1.0,4.712931156158447,-3.157251,4.5650344,1.0018455,4.898587e-17,0.8,1.0,4.913626194000244,-1.3348663,-0.72592384,0.99829096,-0.8,9.797174e-17,1.0,0.9016929864883423,-1.3901013,-1.2123597,0.99871564,-1.4695762e-16,-0.8,1.0,1.449973702430725
1915,-0.05318738520145416,0,2.9137520790100098,inf,0.6880658,2.4648464,1.0019816,0.0,0.0,1.0,2.5590829849243164,1.251856,-4.701517,1.0004765,0.8,0.0,1.0,4.723180770874023,-3.1637611,4.5772157,1.0018512,4.898587e-17,0.8,1.0,4.9271440505981445,-1.3381366,-0.72903645,0.99825686,-0.8,9.797174e-17,1.0,0.9061391353607178,-1.3929577,-1.2141236,0.9986829,-1.4695762e-16,-0.8,1.0,1.4532140493392944
1916,-0.05356895923614502,0,2.9217519760131836,inf,0.6895346,2.4733362,1.001982,0.0,0.0,1.0,2.567655324935913,1.2477094,-4.712206,1.000475,0.8,0.0,1.0,4.733426570892334,-3.170262,4.58941,1.0018576,4.898587e-17,0.8,1.0,4.940667152404785,-1.3413476,-0.7322617,0.9982001,-0.8,9.797174e-17,1.0,0.9106413125991821,-1.3957474,-1.2158114,0.99863213,-1.4695762e-16,-0.8,1.0,1.456369400024414
1917,-0.053978171199560165,0,2.9297401905059814,inf,0.6910032,2.48184,1.0019816,0.0,0.0,1.0,2.5762412548065186,1.243546,-4.722887,1.0004736,0.8,0.0,1.0,4.743669033050537,-3.1767545,4.6016173,1.0018642,4.898587e-17,0.8,1.0,4.954196929931641,-1.3444561,-0.73562354,0.9981103,-0.8,9.797174e-17,1.0,0.9151929020881653,-1.3984342,-1.2174104,0.99855334,-1.4695762e-16,-0.8,1.0,1.4594011306762695
1918,-0.0543987862765789,0,2.937699794769287,inf,0.69247156,2.490357,1.0019798,0.0,0.0,1.0,2.5848400592803955,1.2393659,-4.733561,1.000472,0.8,0.0,1.0,4.753908157348633,-3.183238,4.6138372,1.0018696,4.898587e-17,0.8,1.0,4.9677324295043945,-1.3473941,-0.7391386,0.9979681,-0.8,9.797174e-17,1.0,0.9197664260864258,-1.40096,-1.2189132,0.9984334,-1.4695762e-16,-0.8,1.0,1.4622515439987183
1919,-0.13469472527503967,1,2.9456019401550293,inf,0.0,0.0,1.0,0.0,0.0,1.0,0.0,0.8,0.0,1.0,0.8,0.0,1.0,0.0,4.898587e-17,0.8,1.0,4.898587e-17,0.8,1.0,0.0,-0.8,9.797174e-17,1.0,-0.8,9.797174e-17,1.0,0.0,-1.4695762e-16,-0.8,1.0,-1.4695762e-16,-0.8,1.0,0.0
1920,-0.0023238614667207003,0,2.511739694455173e-05,inf,0.0,0.0,1.0000288,0.0,0.0,1.0,2.8848648071289062e-05,0.8,0.0,1.0000018,0.8,0.0,1.0,1.7881393432617188e-06,4.898587e-17,0.8,0.999974,4.898587e-17,0.8,1.0,2.5987625122070312e-05,-0.8,9.797174e-17,1.0000681,-0.8,9.797174e-17,1.0,6.80685043334961e-05,-1.4695762e-16,-0.8,0.9999991,-1.4695762e-16,-0.8,1.0,8.940696716308594e-07
1921,-0.0023262992035597563,0,3.42493258358445e-05,inf,-7.5363474e-08,-7.535432e-08,1.0000519,0.0,0.0,1.0,5.1856150093954057e-05,0.79999995,-8.065184e-08,1.0000092,0.8,0.0,1.0,9.179662811220624e-06,8.856685e-08,0.79999995,0.999971,4.898587e-17,0.8,1.0,2.9027658456470817e-05,-0.79999995,-5.1456276e-08,1.0000782,-0.8,9.797174e-17,1.0,7.820133032510057e-05,-7.750692e-08,-0.79999995,0.999997,-1.4695762e-16,-0.8,1.0,2.981835677928757e-06
1922,-0.0023299010936170816,0,5.2206993132131174e-05,inf,-2.2650764e-07,-3.7801266e-07,1.0000699,0.0,0.0,1.0,6.985803338466212e-05,0.79999965,-3.820321e-07,1.0000068,0.8,0.0,1.0,6.815050710429205e-06,2.4538323e-07,0.79999965,0.9999468,4.898587e-17,0.8,1.0,5.3228715842124075e-05,-0.79999965,-3.528587e-07,1.0000998,-0.8,9.797174e-17,1.0,9.977944137062877e-05,-2.2100328e-07,-0.7999998,0.99996865,-1.4695762e-16,-0.8,1.0,3.135372753604315e-05
1923,-0.002334313467144966,0,6.159387703519315e-05,inf,-3.7763695e-07,-1.14733e-06,1.0000874,0.0,0.0,1.0,8.738876204006374e-05,0.799999,-1.0137135e-06,1.0000143,0.8,0.0,1.0,1.4376740182342473e-05,4.018834e-07,0.7999988,0.9999386,4.898587e-17,0.8,1.0,6.140566983958706e-05,-0.79999894,-1.0823683e-06,1.0001066,-0.8,9.797174e-17,1.0,0.00010658400424290448,-5.402934e-07,-0.7999995,0.9999618,-1.4695762e-16,-0.8,1.0,3.821416248683818e-05
1924,-0.0023396164178848267,0,7.566834392491728e-05,inf,-3.7529486e-07,-2.5299312e-06,1.0001019,0.0,0.0,1.0,0.00010195602953899652,0.7999981,-2.0792713e-06,1.0000093,0.8,0.0,1.0,9.717005013953894e-06,4.180785e-07,0.7999973,0.9999125,4.898587e-17,0.8,1.0,8.75417172210291e-05,-0.7999974,-2.6164369e-06,1.0001187,-0.8,9.797174e-17,1.0,0.00011879023077199236,-1.0016992e-06,-0.799999,0.9999397,-1.4695762e-16,-0.8,1.0,6.033672616467811e-05
1925,-0.002344591310247779,0,8.622977475170046e-05,inf,-1.3864488e-07,-4.6145005e-06,1.0001166,0.0,0.0,1.0,0.00011667804938042536,0.7999969,-3.89255e-06,1.0000154,0.8,0.0,1.0,1.6162961401278153e-05,1.4128864e-08,0.7999946,0.9998988,4.898587e-17,0.8,1.0,0.00010135392949450761,-0.7999947,-5.134163e-06,1.0001254,-0.8,9.797174e-17,1.0,0.00012562527263071388,-1.7125144e-06,-0.7999983,0.9999287,-1.4695762e-16,-0.8,1.0,7.132867176551372e-05
1926,-0.002348823007196188,0,9.673428576206788e-05,inf,3.304315e-07,-7.5495664e-06,1.0001298,0.0,0.0,1.0,0.00013003866479266435,0.79999554,-6.5071727e-06,1.0000103,0.8,0.0,1.0,1.2939504813402891e-05,-1.0609198e-06,0.79999024,0.99987686,4.898587e-17,0.8,1.0,0.00012353512283880264,-0.79999065,-8.943018e-06,1.0001274,-0.8,9.797174e-17,1.0,0.00012809042527806014,-2.6482658e-06,-0.7999974,0.999911,-1.4695762e-16,-0.8,1.0,8.906774746719748e-05
1927,-0.0023534621577709913,0,0.00010717417899286374,inf,9.549981e-07,-1.1414308e-05,1.0001421,0.0,0.0,1.0,0.0001425583759555593,0.799994,-1.0243629e-05,1.0000099,0.8,0.0,1.0,1.5461944713024423e-05,-3.1152015e-06,0.7999838,0.9998618,4.898587e-17,0.8,1.0,0.00013920558558311313,-0.7999847,-1.43032385e-05,1.0001281,-0.8,9.797174e-17,1.0,0.0001298524293815717,-3.738565e-06,-0.79999614,0.99989134,-1.4695762e-16,-0.8,1.0,0.00010879257024498656
1928,-0.0023586309980601072,0,0.00011595252726692706,inf,1.7370241e-06,-1.6219383e-05,1.0001554,0.0,0.0,1.0,0.00015630242705810815,0.79999244,-1.5166348e-05,1.0000012,0.8,0.0,1.0,1.6992378732538782e-05,-6.416779e-06,0.7999751,0.99984574,4.898587e-17,0.8,1.0,0.000156387613969855,-0.7999765,-2.1435719e-05,1.0001192,-0.8,9.797174e-17,1.0,0.00012337687076069415,-4.987503e-06,-0.7999944,0.9998735,-1.4695762e-16,-0.8,1.0,0.00012670329306274652
1929,-0.002363300183787942,0,0.00012596992019098252,inf,2.5949234e-06,-2.1853946e-05,1.0001634,0.0,0.0,1.0,0.0001649109908612445,0.79999113,-2.1567072e-05,0.99999255,0.8,0.0,1.0,2.4485168978571892e-05,-1.14317345e-05,0.79996365,0.99983656,4.898587e-17,0.8,1.0,0.00016782119928393513,-0.7999656,-3.068943e-05,1.0001109,-0.8,9.797174e-17,1.0,0.00012006502947770059,-6.4610185e-06,-0.7999922,0.99984777,-1.4695762e-16,-0.8,1.0,0.00015256725600920618
1930,-0.002367950277402997,0,0.0001380410831188783,inf,3.5335652e-06,-2.821455e-05,1.0001779,0.0,0.0,1.0,0.00018011890642810613,0.79999024,-2.9524477e-05,0.99997586,0.8,0.0,1.0,3.936981374863535e-05,-1.8568027e-05,0.7999495,0.99982774,4.898587e-17,0.8,1.0,0.00018046092009171844,-0.7999517,-4.2150034e-05,1.0000976,-0.8,9.797174e-17,1.0,0.00011681355681503192,-8.178486e-06,-0.7999892,0.9998271,-1.4695762e-16,-0.8,1.0,0.00017344224033877254
1931,-0.0023725428618490696,0,0.0001515343610662967,inf,4.4708518e-06,-3.502156e-05,1.0001853,0.0,0.0,1.0,0.00018858557450585067,0.79998994,-3.939362e-05,0.99996346,0.8,0.0,1.0,5.466558286570944e-05,-2.8460136e-05,0.79993254,0.9998247,4.898587e-17,0.8,1.0,0.0001899780036183074,-0.7999339,-5.6003035e-05,1.000087,-0.8,9.797174e-17,1.0,0.00012279543443582952,-1.0198159e-05,-0.7999855,0.99979913,-1.4695762e-16,-0.8,1.0,0.00020164721354376525
1932,-0.0023776439484208822,0,0.00016905521624721587,inf,5.40446e-06,-4.1990388e-05,1.0002018,0.0,0.0,1.0,0.0002062140847556293,0.7999906,-5.1164792e-05,0.99994135,0.8,0.0,1.0,7.839937461540103e-05,-4.144919e-05,0.79991275,0.99981976,4.898587e-17,0.8,1.0,0.00020450088777579367,-0.79991215,-7.23257e-05,1.0000734,-0.8,9.797174e-17,1.0,0.00013543374370783567,-1.2717375e-05,-0.7999808,0.9997805,-1.4695762e-16,-0.8,1.0,0.0002207279612775892
1933,-0.0023849981371313334,0,0.00018783802806865424,inf,6.4061196e-06,-4.88822e-05,1.0002095,0.0,0.0,1.0,0.00021517461573239416,0.7999926,-6.531608e-05,0.99992913,0.8,0.0,1.0,9.666107507655397e-05,-5.8229547e-05,0.7998902,0.99982005,4.898587e-17,0.8,1.0,0.00021869070769753307,-0.7998858,-9.132715e-05,1.0000653,-0.8,9.797174e-17,1.0,0.00016015753499232233,-1.5761396e-05,-0.7999752,0.99975324,-1.4695762e-16,-0.8,1.0,0.00024850619956851006
1934,-0.0023915108758956194,0,0.00021169660612940788,inf,7.480764e-06,-5.5352175e-05,1.0002295,0.0,0.0,1.0,0.00023617774422746152,0.7999963,-8.167921e-05,0.9999036,0.8,0.0,1.0,0.0001263898448087275,-7.923679e-05,0.79986507,0.9998173,4.898587e-17,0.8,1.0,0.00024054852838162333,-0.7998548,-0.000112938294,1.000048,-0.8,9.797174e-17,1.0,0.00019011883705388755,-1.956431e-05,-0.7999683,0.9997374,-1.4695762e-16,-0.8,1.0,0.00026524803251959383
1935,-0.002398882294073701,0,0.0002369629219174385,inf,8.687664e-06,-6.123819e-05,1.0002375,0.0,0.0,1.0,0.0002453878114465624,0.8000026,-0.00010089537,0.9998926,0.8,0.0,1.0,0.00014738667232450098,-0.00010523875,0.79983723,0.9998197,4.898587e-17,0.8,1.0,0.0002647303626872599,-0.79981834,-0.00013752333,1.000039,-0.8,9.797174e-17,1.0,0.00023116661759559065,-2.4092542e-05,-0.7999603,0.9997075,-1.4695762e-16,-0.8,1.0,0.0002961432619486004
1936,-0.002404948929324746,0,0.00026792814605869353,inf,1.0210727e-05,-6.6109125e-05,1.0002588,0.0,0.0,1.0,0.0002673085546121001,0.8000114,-0.00012262544,0.9998652,0.8,0.0,1.0,0.00018260497017763555,-0.00013658838,0.799807,0.9998182,4.898587e-17,0.8,1.0,0.00029825232923030853,-0.7997767,-0.00016486486,1.0000161,-0.8,9.797174e-17,1.0,0.000278063933365047,-2.9648938e-05,-0.7999508,0.9996919,-1.4695762e-16,-0.8,1.0,0.00031341088470071554
1937,-0.002411437686532736,0,0.00030090639484114945,inf,1.2074465e-05,-6.9885726e-05,1.0002683,0.0,0.0,1.0,0.00027755400515161455,0.8000239,-0.00014764848,0.9998538,0.8,0.0,1.0,0.00020916206995025277,-0.00017418047,0.7997745,0.9998233,4.898587e-17,0.8,1.0,0.0003352830826770514,-0.79972863,-0.0001954668,1.0000031,-0.8,9.797174e-17,1.0,0.0003344606957398355,-3.6129422e-05,-0.79993993,0.99965906,-1.4695762e-16,-0.8,1.0,0.00034807214979082346
1938,-0.0024171913973987103,0,0.0003391200734768063,inf,1.4484902e-05,-7.208296e-05,1.000288,0.0,0.0,1.0,0.0002972462389152497,0.80003995,-0.00017567533,0.9998262,0.8,0.0,1.0,0.00025033089332282543,-0.00021823311,0.7997402,0.99982387,4.898587e-17,0.8,1.0,0.00038229930214583874,-0.79967487,-0.00022891049,0.99997675,-0.8,9.797174e-17,1.0,0.00039831968024373055,-4.3910797e-05,-0.7999273,0.99964255,-1.4695762e-16,-0.8,1.0,0.0003674041945487261
1939,-0.0024230252020061016,0,0.00038085837149992585,inf,1.7454262e-05,-7.248404e-05,1.0003,0.0,0.0,1.0,0.0003091738326475024,0.80006063,-0.00020769089,0.99981165,0.8,0.0,1.0,0.00028685538563877344,-0.0002696995,0.7997044,0.9998301,4.898587e-17,0.8,1.0,0.0004347380599938333,-0.7996143,-0.00026551707,0.9999591,-0.8,9.797174e-17,1.0,0.0004700393183156848,-5.28358e-05,-0.79991317,0.99960953,-1.4695762e-16,-0.8,1.0,0.00040348523180000484
1940,-0.002428027568385005,0,0.00042771283187903464,inf,2.1025096e-05,-7.060064e-05,1.0003192,0.0,0.0,1.0,0.0003276313073001802,0.800086,-0.00024342332,0.99978447,0.8,0.0,1.0,0.00033631219412200153,-0.00032864406,0.7996674,0.99983245,4.898587e-17,0.8,1.0,0.0004966871929354966,-0.7995475,-0.00030496955,0.99993217,-0.8,9.797174e-17,1.0,0.0005498912069015205,-6.329289e-05,-0.799897,0.9995894,-1.4695762e-16,-0.8,1.0,0.0004280422581359744
1941,-0.002433495596051216,0,0.0004788282385561615,inf,2.5072812e-05,-6.620194e-05,1.000334,0.0,0.0,1.0,0.00034144349046982825,0.80011725,-0.0002838136,0.99976724,0.8,0.0,1.0,0.00038531978498212993,-0.00039605176,0.79962975,0.99984,4.898587e-17,0.8,1.0,0.0005652837571687996,-0.79947394,-0.00034744476,0.99991035,-0.8,9.797174e-17,1.0,0.0006367922760546207,-7.514584e-05,-0.7998791,0.999557,-1.4695762e-16,-0.8,1.0,0.00046530168037861586
1942,-0.0024397429078817368,0,0.0005349955754354596,inf,2.9612342e-05,-5.8841113e-05,1.000353,0.0,0.0,1.0,0.00035907261190004647,0.8001543,-0.00032866315,0.9997409,0.8,0.0,1.0,0.0004460566851776093,-0.00047200735,0.7995918,0.9998448,4.898587e-17,0.8,1.0,0.000643066712655127,-0.79939383,-0.00039277767,0.999884,-0.8,9.797174e-17,1.0,0.0007315609254874289,-8.874944e-05,-0.799859,0.99953365,-1.4695762e-16,-0.8,1.0,0.0004952208255417645
1943,-0.0024480882566422224,0,0.0005960025009699166,inf,3.469199e-05,-4.8239737e-05,1.0003698,0.0,0.0,1.0,0.0003745306166820228,0.8001984,-0.0003788129,0.99972117,0.8,0.0,1.0,0.0005104841548018157,-0.00055742357,0.7995541,0.9998535,4.898587e-17,0.8,1.0,0.0007287075277417898,-0.79930687,-0.00044100994,0.99986005,-0.8,9.797174e-17,1.0,0.0008333802688866854,-0.00010402466,-0.79983675,0.9995035,-1.4695762e-16,-0.8,1.0,0.0005329098203219473
1944,-0.002456935588270426,0,0.000662552542053163,inf,4.031705e-05,-3.3987697e-05,1.0003892,0.0,0.0,1.0,0.00039277414907701313,0.80024964,-0.0004342097,0.9996962,0.8,0.0,1.0,0.0005857881624251604,-0.0006524582,0.7995172,0.99986035,4.898587e-17,0.8,1.0,0.0008235887507908046,-0.7992131,-0.0004920675,0.999834,-0.8,9.797174e-17,1.0,0.000942814105655998,-0.000121251534,-0.79981226,0.99947804,-1.4695762e-16,-0.8,1.0,0.000567797280382365
1945,-0.0024644446093589067,0,0.0007345714839175344,inf,4.6539273e-05,-1.5788639e-05,1.0004072,0.0,0.0,1.0,0.0004101736703887582,0.8003089,-0.00049554737,0.99967515,0.8,0.0,1.0,0.0006682014209218323,-0.00075791485,0.79948163,0.9998695,4.898587e-17,0.8,1.0,0.0009274578187614679,-0.7991125,-0.00054591766,0.9998085,-0.8,9.797174e-17,1.0,0.0010594251798465848,-0.00014057152,-0.7997853,0.99944925,-1.4695762e-16,-0.8,1.0,0.0006075992714613676
1946,-0.002473044442012906,0,0.0008129446650855243,inf,5.3361535e-05,6.7658893e-06,1.0004275,0.0,0.0,1.0,0.0004308552306611091,0.80037653,-0.00056291826,0.99965173,0.8,0.0,1.0,0.0007615367067046463,-0.0008740679,0.79944783,0.99987763,4.898587e-17,0.8,1.0,0.001041090115904808,-0.79900503,-0.0006025453,0.99978256,-0.8,9.797174e-17,1.0,0.0011833537137135863,-0.00016220497,-0.79975605,0.99942213,-1.4695762e-16,-0.8,1.0,0.0006478874129243195
1947,-0.0024812151677906513,0,0.000897597405128181,inf,6.0836534e-05,3.3977853e-05,1.0004468,0.0,0.0,1.0,0.0004521975351963192,0.80045336,-0.00063688477,0.99963033,0.8,0.0,1.0,0.0008647575159557164,-0.0010016202,0.79941636,0.99988693,4.898587e-17,0.8,1.0,0.0011647633509710431,-0.7988907,-0.0006618734,0.9997562,-0.8,9.797174e-17,1.0,0.0013145559933036566,-0.00018633968,-0.79972446,0.9993935,-1.4695762e-16,-0.8,1.0,0.0006917124846950173
1948,-0.0024889635387808084,0,0.0009893469978123903,inf,6.896368e-05,6.624297e-05,1.000468,0.0,0.0,1.0,0.00047768480726517737,0.8005398,-0.000717652,0.99960816,0.8,0.0,1.0,0.0009797579841688275,-0.001140953,0.79938793,0.9998959,4.898587e-17,0.8,1.0,0.0012989452807232738,-0.79876953,-0.0007237643,0.9997306,-0.8,9.797174e-17,1.0,0.0014527542516589165,-0.00021331945,-0.7996905,0.9993654,-1.4695762e-16,-0.8,1.0,0.0007375925779342651
1949,-0.0024967442732304335,0,0.0010883704526349902,inf,7.7802404e-05,0.00010373242,1.0004891,0.0,0.0,1.0,0.0005060116527602077,0.80063653,-0.0008056846,0.9995867,0.8,0.0,1.0,0.0011068417225033045,-0.0012925401,0.79936296,0.99990547,4.898587e-17,0.8,1.0,0.001444103429093957,-0.7986415,-0.0007881201,0.9997042,-0.8,9.797174e-17,1.0,0.0015981828328222036,-0.0002433566,-0.7996542,0.9993366,-1.4695762e-16,-0.8,1.0,0.0007867129752412438
1950,-0.0025041005574166775,0,0.0011952599743381143,inf,8.734626e-05,0.00014680329,1.0005116,0.0,0.0,1.0,0.0005394094041548669,0.8007439,-0.00090127345,0.99956536,0.8,0.0,1.0,0.0012468118220567703,-0.0014568508,0.79934216,0.9999155,4.898587e-17,0.8,1.0,0.0016007288359105587,-0.7985066,-0.0008548067,0.9996787,-0.8,9.797174e-17,1.0,0.0017504780553281307,-0.0002767748,-0.79961544,0.99930775,-1.4695762e-16,-0.8,1.0,0.0008388715796172619
1951,-0.002511476632207632,0,0.0013101756339892745,inf,9.765804e-05,0.00019565439,1.0005342,0.0,0.0,1.0,0.0005772024160251021,0.80086243,-0.0010048312,0.99954426,0.8,0.0,1.0,0.0014004105469211936,-0.0016342916,0.79932606,0.9999259,4.898587e-17,0.8,1.0,0.0017693518893793225,-0.79836506,-0.00092373294,0.99965286,-0.8,9.797174e-17,1.0,0.0019096769392490387,-0.00031380812,-0.79957443,0.99927884,-1.4695762e-16,-0.8,1.0,0.0008942361455410719
1952,-0.0025188797153532505,0,0.0014336915919557214,inf,0.00010872792,0.0002506212,1.0005578,0.0,0.0,1.0,0.0006210890132933855,0.80099267,-0.0011166716,0.9995232,0.8,0.0,1.0,0.0015683232340961695,-0.0018251865,0.7993153,0.99993664,4.898587e-17,0.8,1.0,0.0019504324300214648,-0.7982168,-0.0009947602,0.99962807,-0.8,9.797174e-17,1.0,0.002075489377602935,-0.00035476702,-0.799531,0.99924994,-1.4695762e-16,-0.8,1.0,0.0009531238465569913
1953,-0.0025262769777327776,0,0.0015660354401916265,inf,0.0001206194,0.0003119109,1.0005815,0.0,0.0,1.0,0.0006708077853545547,0.8011351,-0.0012372187,0.9995026,0.8,0.0,1.0,0.0017511694459244609,-0.0020299726,0.7993103,0.9999481,4.898587e-17,0.8,1.0,0.002144562778994441,-0.7980621,-0.0010677946,0.999603,-0.8,9.797174e-17,1.0,0.002247970551252365,-0.0003998875,-0.79948527,0.9992211,-1.4695762e-16,-0.8,1.0,0.0010156669886782765
1954,-0.0025337031111121178,0,0.0017078241799026728,inf,0.00013346653,0.00037987318,1.0006064,0.0,0.0,1.0,0.0007279143901541829,0.8012902,-0.0013667891,0.99948215,0.8,0.0,1.0,0.0019495891174301505,-0.0022489333,0.79931176,0.9999595,4.898587e-17,0.8,1.0,0.002352240262553096,-0.7979008,-0.0011428532,0.9995787,-0.8,9.797174e-17,1.0,0.0024269947316497564,-0.00044947132,-0.7994373,0.999192,-1.4695762e-16,-0.8,1.0,0.0010823822813108563
1955,-0.00254071201197803,0,0.0018591845873743296,inf,0.00014731594,0.00045470215,1.0006313,0.0,0.0,1.0,0.0007918564369902015,0.8014585,-0.0015058042,0.99946207,0.8,0.0,1.0,0.0021642413921654224,-0.002482511,0.79932004,0.9999714,4.898587e-17,0.8,1.0,0.0025741092395037413,-0.79773325,-0.0012198479,0.9995544,-0.8,9.797174e-17,1.0,0.00261243456043303,-0.0005037626,-0.7993871,0.999163,-1.4695762e-16,-0.8,1.0,0.001153280958533287
1956,-0.0025477830786257982,0,0.0020206805784255266,inf,0.00016230496,0.0005365872,1.0006572,0.0,0.0,1.0,0.000863818044308573,0.8016404,-0.0016545999,0.9994422,0.8,0.0,1.0,0.002395759802311659,-0.0027310164,0.79933566,0.9999834,4.898587e-17,0.8,1.0,0.0028107103426009417,-0.7975593,-0.0012987911,0.9995309,-0.8,9.797174e-17,1.0,0.0028042602352797985,-0.00056306174,-0.7993348,0.99913365,-1.4695762e-16,-0.8,1.0,0.001228853827342391
1957,-0.002555066952481866,0,0.0021924255415797234,inf,0.00017847963,0.0006257251,1.0006831,0.0,0.0,1.0,0.0009433824452571571,0.8018365,-0.0018135866,0.9994225,0.8,0.0,1.0,0.0026448566932231188,-0.0029947083,0.79935914,0.9999955,4.898587e-17,0.8,1.0,0.0030625169165432453,-0.79737926,-0.001379599,0.9995075,-0.8,9.797174e-17,1.0,0.003002370474860072,-0.000627614,-0.7992805,0.9991045,-1.4695762e-16,-0.8,1.0,0.0013090005377307534
1958,-0.0025619755033403635,0,0.002374937292188406,inf,0.00019597834,0.00072230987,1.0007099,0.0,0.0,1.0,0.0010315447580069304,0.80204713,-0.001983127,0.9994031,0.8,0.0,1.0,0.002912003779783845,-0.0032739453,0.7993909,1.0000081,4.898587e-17,0.8,1.0,0.003330133156850934,-0.79719305,-0.0014622764,0.9994845,-0.8,9.797174e-17,1.0,0.003206718945875764,-0.0006977164,-0.7992243,0.99907506,-1.4695762e-16,-0.8,1.0,0.0013942861696705222
1959,-0.002569417702034116,0,0.0025683282874524593,inf,0.00021484452,0.0008265288,1.0007365,0.0,0.0,1.0,0.0011276983423158526,0.8022729,-0.0021636384,0.9993839,0.8,0.0,1.0,0.00319796334952116,-0.0035689613,0.79943144,1.0000207,4.898587e-17,0.8,1.0,0.0036140261217951775,-0.7970008,-0.0015467451,0.9994615,-0.8,9.797174e-17,1.0,0.003417243482545018,-0.0007736149,-0.79916626,0.99904567,-1.4695762e-16,-0.8,1.0,0.0014847101410850883
1960,-0.00257555628195405,0,0.002773038577288389,inf,0.00023521658,0.0009385752,1.0007638,0.0,0.0,1.0,0.0012327209115028381,0.80251426,-0.0023554643,0.9993649,0.8,0.0,1.0,0.0035032795276492834,-0.003880064,0.79948115,1.0000334,4.898587e-17,0.8,1.0,0.003914744593203068,-0.79680264,-0.0016330127,0.999439,-0.8,9.797174e-17,1.0,0.0036338185891509056,-0.0008556191,-0.79910636,0.9990163,-1.4695762e-16,-0.8,1.0,0.0015806308947503567
1961,-0.0025831491220742464,0,0.0029892537277191877,inf,0.00025714462,0.0010584989,1.0007911,0.0,0.0,1.0,0.001346231554634869,0.80277157,-0.0025590456,0.99934614,0.8,0.0,1.0,0.003828547429293394,-0.004207538,0.7995404,1.000046,4.898587e-17,0.8,1.0,0.004232816398143768,-0.7965987,-0.0017209976,0.99941653,-0.8,9.797174e-17,1.0,0.0038563425187021494,-0.0009439575,-0.7990447,0.9989868,-1.4695762e-16,-0.8,1.0,0.0016823305049911141
1962,-0.002589442301541567,0,0.0032173071522265673,inf,0.00028076486,0.0011864798,1.0008188,0.0,0.0,1.0,0.001468698843382299,0.80304515,-0.0027747161,0.99932736,0.8,0.0,1.0,0.004174252040684223,-0.0045516994,0.7996096,1.0000587,4.898587e-17,0.8,1.0,0.004568788222968578,-0.7963889,-0.0018107074,0.9993944,-0.8,9.797174e-17,1.0,0.004084770102053881,-0.0010389431,-0.7989815,0.9989572,-1.4695762e-16,-0.8,1.0,0.0017900255043059587
1963,-0.0025967282708734274,0,0.0034574251621961594,inf,0.00030612678,0.0013225682,1.0008467,0.0,0.0,1.0,0.0015999609604477882,0.8033355,-0.0030029393,0.99930906,0.8,0.0,1.0,0.004540972877293825,-0.0049128286,0.79968923,1.0000713,4.898587e-17,0.8,1.0,0.0049231648445129395,-0.7961735,-0.0019020633,0.99937224,-0.8,9.797174e-17,1.0,0.004319029860198498,-0.0011408109,-0.79891664,0.9989276,-1.4695762e-16,-0.8,1.0,0.0019039971521124244
1964,-0.0026032922323793173,0,0.0037098689936101437,inf,0.00033336497,0.0014669363,1.0008749,0.0,0.0,1.0,0.001740242587402463,0.8036429,-0.0032440508,0.9992909,0.8,0.0,1.0,0.00492925476282835,-0.005291068,0.7997797,1.0000837,4.898587e-17,0.8,1.0,0.00529631320387125,-0.79595244,-0.0019950715,0.9993505,-0.8,9.797174e-17,1.0,0.004559059161692858,-0.0012498747,-0.7988503,0.99889797,-1.4695762e-16,-0.8,1.0,0.0020244752522557974
1965,-0.0026096231304109097,0,0.003974881488829851,inf,0.00036252858,0.0016196355,1.0009029,0.0,0.0,1.0,0.0018894069362431765,0.80396795,-0.003498518,0.9992732,0.8,0.0,1.0,0.00533970445394516,-0.0056867395,0.7998814,1.0000964,4.898587e-17,0.8,1.0,0.005688793957233429,-0.795726,-0.0020896876,0.99932814,-0.8,9.797174e-17,1.0,0.004804722964763641,-0.0013663677,-0.79878247,0.9988683,-1.4695762e-16,-0.8,1.0,0.0021517782006412745
1966,-0.0026165011804550886,0,0.004252729006111622,inf,0.00039375472,0.0017808492,1.0009313,0.0,0.0,1.0,0.00204785680398345,0.80431074,-0.003766694,0.99925596,0.8,0.0,1.0,0.005772690288722515,-0.0060999934,0.79999465,1.0001092,4.898587e-17,0.8,1.0,0.0061009731143713,-0.7954941,-0.00218596,0.999306,-0.8,9.797174e-17,1.0,0.005056031513959169,-0.0014904372,-0.79871327,0.9988385,-1.4695762e-16,-0.8,1.0,0.0022860958706587553
1967,-0.0026230057701468468,0,0.00454359408468008,inf,0.00042709048,0.0019506223,1.0009593,0.0,0.0,1.0,0.0022152981255203485,0.80467176,-0.0040490204,0.99923915,0.8,0.0,1.0,0.006228863261640072,-0.0065311273,0.8001198,1.0001223,4.898587e-17,0.8,1.0,0.006533370818942785,-0.7952569,-0.0022838458,0.99928343,-0.8,9.797174e-17,1.0,0.005312853492796421,-0.001622328,-0.7986428,0.9988087,-1.4695762e-16,-0.8,1.0,0.0024275858886539936
1968,-0.0026296002324670553,0,0.004847793374210596,inf,0.0004626734,0.0021291396,1.0009876,0.0,0.0,1.0,0.002392227528616786,0.8050514,-0.0043458594,0.9992227,0.8,0.0,1.0,0.006708731409162283,-0.006980273,0.80025715,1.0001352,4.898587e-17,0.8,1.0,0.0069863153621554375,-0.79501444,-0.002383393,0.99926114,-0.8,9.797174e-17,1.0,0.005575158633291721,-0.0017621892,-0.79857105,0.9987788,-1.4695762e-16,-0.8,1.0,0.002576533006504178
1969,-0.0026362857315689325,0,0.005165445618331432,inf,0.0005005503,0.0023164477,1.0010157,0.0,0.0,1.0,0.0025783816818147898,0.8054497,-0.004657655,0.99920666,0.8,0.0,1.0,0.0072126626037061214,-0.0074477335,0.8004071,1.0001485,4.898587e-17,0.8,1.0,0.007460330612957478,-0.7947669,-0.0024845595,0.99923843,-0.8,9.797174e-17,1.0,0.005842812359333038,-0.0019102651,-0.79849815,0.9987491,-1.4695762e-16,-0.8,1.0,0.0027330382727086544
1970,-0.0026430643629282713,0,0.005496825557202101,inf,0.0005408578,0.0025127267,1.0010438,0.0,0.0,1.0,0.002774136606603861,0.8058671,-0.0049847555,0.999191,0.8,0.0,1.0,0.007741106674075127,-0.007933636,0.80056995,1.0001615,4.898587e-17,0.8,1.0,0.007955721579492092,-0.7945143,-0.0025873913,0.9992158,-0.8,9.797174e-17,1.0,0.0061157699674367905,-0.002066699,-0.7984242,0.9987192,-1.4695762e-16,-0.8,1.0,0.0028973931912332773
1971,-0.002649940550327301,0,0.005842165555804968,inf,0.0005836432,0.0027180277,1.0010717,0.0,0.0,1.0,0.0029794019646942616,0.8063038,-0.005327624,0.9991757,0.8,0.0,1.0,0.008294620551168919,-0.008438293,0.800746,1.0001748,4.898587e-17,0.8,1.0,0.008473007939755917,-0.7942567,-0.0026918487,0.9991927,-0.8,9.797174e-17,1.0,0.006394024007022381,-0.0022317388,-0.79834914,0.9986895,-1.4695762e-16,-0.8,1.0,0.003069773782044649
1972,-0.0026555336080491543,0,0.0062016588635742664,inf,0.00062904175,0.002932526,1.0010996,0.0,0.0,1.0,0.0031944471411406994,0.80676013,-0.0056866067,0.99916077,0.8,0.0,1.0,0.008873614482581615,-0.00896183,0.8009357,1.0001876,4.898587e-17,0.8,1.0,0.009012497030198574,-0.79399425,-0.0027979775,0.99916977,-0.8,9.797174e-17,1.0,0.006677362602204084,-0.002405532,-0.7982732,0.9986597,-1.4695762e-16,-0.8,1.0,0.003250373527407646
1973,-0.0026626023463904858,0,0.006575469858944416,inf,0.0006771073,0.003156297,1.0011274,0.0,0.0,1.0,0.003419302636757493,0.80723625,-0.0060620024,0.99914616,0.8,0.0,1.0,0.009478402324020863,-0.0095043825,0.80113906,1.0002005,4.898587e-17,0.8,1.0,0.00957449246197939,-0.793727,-0.0029057413,0.99914676,-0.8,9.797174e-17,1.0,0.006965793203562498,-0.0025883277,-0.7981963,0.99863017,-1.4695762e-16,-0.8,1.0,0.003439360996708274
1974,-0.002668390516191721,0,0.006963829044252634,inf,0.00072796195,0.0033894705,1.0011548,0.0,0.0,1.0,0.0036540329456329346,0.8077325,-0.006454184,0.9991319,0.8,0.0,1.0,0.010109489783644676,-0.010066126,0.80135655,1.0002134,4.898587e-17,0.8,1.0,0.01015936117619276,-0.793455,-0.0030151797,0.9991234,-0.8,9.797174e-17,1.0,0.00725926086306572,-0.0027802675,-0.7981186,0.99860066,-1.4695762e-16,-0.8,1.0,0.003637001384049654
1975,-0.0026747395750135183,0,0.007366888225078583,inf,0.00078166684,0.0036321476,1.0011822,0.0,0.0,1.0,0.0038988578598946333,0.8082492,-0.0068634376,0.99911803,0.8,0.0,1.0,0.010767234489321709,-0.010647153,0.8015883,1.000226,4.898587e-17,0.8,1.0,0.010767338797450066,-0.79317844,-0.0031262627,0.99910027,-0.8,9.797174e-17,1.0,0.007557571865618229,-0.0029816062,-0.7980401,0.99857146,-1.4695762e-16,-0.8,1.0,0.0038434360176324844
1976,-0.002680947072803974,0,0.007784822024405003,inf,0.0008383473,0.003884471,1.0012094,0.0,0.0,1.0,0.004153858404606581,0.8087863,-0.0072901123,0.99910444,0.8,0.0,1.0,0.011451906524598598,-0.011247654,0.80183464,1.0002385,4.898587e-17,0.8,1.0,0.011398793198168278,-0.79289746,-0.0032390344,0.9990772,-0.8,9.797174e-17,1.0,0.007860604673624039,-0.0031924816,-0.7979609,0.99854225,-1.4695762e-16,-0.8,1.0,0.004058946389704943
1977,-0.002687939442694187,0,0.008217768743634224,inf,0.0008980603,0.004146527,1.0012363,0.0,0.0,1.0,0.0044191270135343075,0.8093441,-0.007734499,0.999091,0.8,0.0,1.0,0.0121639184653759,-0.011867717,0.80209583,1.0002508,4.898587e-17,0.8,1.0,0.012053964659571648,-0.7926122,-0.0033534626,0.9990543,-0.8,9.797174e-17,1.0,0.008168223313987255,-0.0034131494,-0.79788107,0.99851346,-1.4695762e-16,-0.8,1.0,0.004283610265702009
1978,-0.0026945960707962513,0,0.008665937930345535,inf,0.0009609323,0.0044184634,1.0012631,0.0,0.0,1.0,0.004694862756878138,0.80992275,-0.0081969565,0.9990778,0.8,0.0,1.0,0.012903541326522827,-0.012507573,0.8023721,1.0002632,4.898587e-17,0.8,1.0,0.01273324154317379,-0.7923229,-0.0034695899,0.9990314,-0.8,9.797174e-17,1.0,0.008480249904096127,-0.00364375,-0.79780054,0.9984848,-1.4695762e-16,-0.8,1.0,0.004517792258411646
1979,-0.0027018291875720024,0,0.009129460901021957,inf,0.0010270186,0.0047003627,1.0012897,0.0,0.0,1.0,0.004981121048331261,0.81052244,-0.008677772,0.9990648,0.8,0.0,1.0,0.013671129010617733,-0.013167286,0.8026636,1.0002754,4.898587e-17,0.8,1.0,0.0134368184953928,-0.79202956,-0.003587385,0.99900866,-0.8,9.797174e-17,1.0,0.008796601556241512,-0.003884531,-0.7977194,0.9984565,-1.4695762e-16,-0.8,1.0,0.004761632531881332
1980,-0.002708729589357972,0,0.009608554653823376,inf,0.0010964478,0.004992378,1.0013162,0.0,0.0,1.0,0.005278104916214943,0.81114334,-0.009177312,0.99905187,0.8,0.0,1.0,0.014467057771980762,-0.013847081,0.8029709,1.0002877,4.898587e-17,0.8,1.0,0.014165115542709827,-0.79173255,-0.0037068927,0.9989859,-0.8,9.797174e-17,1.0,0.00911703985184431,-0.0041356306,-0.7976376,0.9984283,-1.4695762e-16,-0.8,1.0,0.005015456583350897
1981,-0.0027162106707692146,0,0.010103333741426468,inf,0.0011692725,0.005294584,1.0013424,0.0,0.0,1.0,0.0055858660489320755,0.81178564,-0.009695873,0.9990392,0.8,0.0,1.0,0.015291635878384113,-0.014547021,0.8032939,1.0002998,4.898587e-17,0.8,1.0,0.01491828728467226,-0.7914319,-0.003828082,0.9989633,-0.8,9.797174e-17,1.0,0.009441474452614784,-0.004397301,-0.7975551,0.99840057,-1.4695762e-16,-0.8,1.0,0.005279401782900095
1982,-0.002722521312534809,0,0.01061400305479765,inf,0.0012456226,0.0056071416,1.0013685,0.0,0.0,1.0,0.005904613994061947,0.8124494,-0.010233815,0.9990266,0.8,0.0,1.0,0.016145143657922745,-0.01526733,0.8036331,1.000312,4.898587e-17,0.8,1.0,0.015696750953793526,-0.79112786,-0.0039509987,0.99894065,-0.8,9.797174e-17,1.0,0.009769733063876629,-0.0046696775,-0.79747194,0.9983729,-1.4695762e-16,-0.8,1.0,0.0055537777952849865
1983,-0.0027291502337902784,0,0.011140679940581322,inf,0.0013255493,0.0059301197,1.0013944,0.0,0.0,1.0,0.006234398577362299,0.81313497,-0.010791443,0.9990142,0.8,0.0,1.0,0.017028039321303368,-0.01600807,0.80398864,1.0003238,4.898587e-17,0.8,1.0,0.016500674188137054,-0.7908205,-0.0040756124,0.9989183,-0.8,9.797174e-17,1.0,0.010101708583533764,-0.0049528577,-0.7973882,0.99834573,-1.4695762e-16,-0.8,1.0,0.0058385771699249744
1984,-0.0027354462072253227,0,0.011683463118970394,inf,0.0014091834,0.0062636817,1.00142,0.0,0.0,1.0,0.006575406063348055,0.81384236,-0.01136896,0.9990019,0.8,0.0,1.0,0.017940456047654152,-0.016769348,0.8043606,1.0003356,4.898587e-17,0.8,1.0,0.01733027957379818,-0.79051006,-0.0042019715,0.9988961,-0.8,9.797174e-17,1.0,0.010437161661684513,-0.005247001,-0.79730386,0.998319,-1.4695762e-16,-0.8,1.0,0.006134015042334795
1985,-0.002742793643847108,0,0.012242523953318596,inf,0.001496577,0.0066079013,1.0014455,0.0,0.0,1.0,0.006927746348083019,0.8145717,-0.011966652,0.9989898,0.8,0.0,1.0,0.01888265646994114,-0.017551357,0.80474937,1.0003474,4.898587e-17,0.8,1.0,0.01818590611219406,-0.7901966,-0.0043300427,0.9988741,-0.8,9.797174e-17,1.0,0.010776074603199959,-0.005552164,-0.797219,0.9982924,-1.4695762e-16,-0.8,1.0,0.006440233904868364
1986,-0.002749878913164139,0,0.012817944400012493,inf,0.0015878599,0.006962768,1.0014707,0.0,0.0,1.0,0.00729138869792223,0.81532305,-0.012584864,0.9989778,0.8,0.0,1.0,0.019854959100484848,-0.018354148,0.8051549,1.0003588,4.898587e-17,0.8,1.0,0.019067684188485146,-0.7898803,-0.004459867,0.99885195,-0.8,9.797174e-17,1.0,0.01111834030598402,-0.005868505,-0.7971337,0.99826604,-1.4695762e-16,-0.8,1.0,0.006757351104170084
1987,-0.0027572261169552803,0,0.013409847393631935,inf,0.001683091,0.007328375,1.0014958,0.0,0.0,1.0,0.007666511926800013,0.8160966,-0.013223904,0.99896574,0.8,0.0,1.0,0.02085765078663826,-0.019177755,0.8055775,1.00037,4.898587e-17,0.8,1.0,0.019975779578089714,-0.78956115,-0.0045914184,0.9988302,-0.8,9.797174e-17,1.0,0.011463827453553677,-0.0061961175,-0.797048,0.99824005,-1.4695762e-16,-0.8,1.0,0.007085465360432863
1988,-0.002764251083135605,0,0.014018381014466286,inf,0.001782403,0.0077047194,1.0015208,0.0,0.0,1.0,0.008053096011281013,0.81689256,-0.013883979,0.99895376,0.8,0.0,1.0,0.021891044452786446,-0.020022294,0.80601734,1.000381,4.898587e-17,0.8,1.0,0.020910419523715973,-0.7892392,-0.0047247396,0.99880856,-0.8,9.797174e-17,1.0,0.011812585406005383,-0.0065351585,-0.7969618,0.99821454,-1.4695762e-16,-0.8,1.0,0.007424754556268454
1989,-0.002771619940176606,0,0.014643589965999126,inf,0.00188585,0.008091883,1.0015457,0.0,0.0,1.0,0.008451277390122414,0.8177109,-0.014565364,0.9989417,0.8,0.0,1.0,0.022955272346735,-0.020887798,0.8064745,1.0003917,4.898587e-17,0.8,1.0,0.02187173068523407,-0.78891474,-0.0048597986,0.99878716,-0.8,9.797174e-17,1.0,0.01216436829417944,-0.0068856864,-0.79687536,0.99818915,-1.4695762e-16,-0.8,1.0,0.007775301579385996
1990,-0.0027791273314505816,0,0.015285630710422993,inf,0.001993473,0.008489843,1.0015703,0.0,0.0,1.0,0.008861002512276173,0.8185518,-0.01526829,0.99892986,0.8,0.0,1.0,0.024050652980804443,-0.021774381,0.80694926,1.0004023,4.898587e-17,0.8,1.0,0.022859957069158554,-0.7885876,-0.004996639,0.9987658,-0.8,9.797174e-17,1.0,0.012519266456365585,-0.0072478787,-0.7967886,0.9981642,-1.4695762e-16,-0.8,1.0,0.008137280121445656
1991,-0.00278677511960268,0,0.01594456657767296,inf,0.0021054042,0.008898704,1.0015949,0.0,0.0,1.0,0.009282423183321953,0.8194152,-0.015993018,0.9989179,0.8,0.0,1.0,0.025177322328090668,-0.022682063,0.8074418,1.0004126,4.898587e-17,0.8,1.0,0.023875216022133827,-0.7882581,-0.0051352326,0.99874467,-0.8,9.797174e-17,1.0,0.012877093628048897,-0.007621794,-0.79670155,0.99813944,-1.4695762e-16,-0.8,1.0,0.008510774001479149
1992,-0.0027944378089159727,0,0.016620513051748276,inf,0.0022216816,0.009318437,1.0016192,0.0,0.0,1.0,0.009715504013001919,0.82030135,-0.016739782,0.998906,0.8,0.0,1.0,0.02633555792272091,-0.023610972,0.80795217,1.0004228,4.898587e-17,0.8,1.0,0.024917734786868095,-0.78792614,-0.005275622,0.9987237,-0.8,9.797174e-17,1.0,0.013237809762358665,-0.008007608,-0.7966142,0.9981151,-1.4695762e-16,-0.8,1.0,0.008895957842469215
1993,-0.0028022436890751123,0,0.01731356605887413,inf,0.0023423964,0.009749148,1.0016437,0.0,0.0,1.0,0.010160429403185844,0.8212102,-0.017508846,0.99889416,0.8,0.0,1.0,0.027525531128048897,-0.02456112,0.8084807,1.0004327,4.898587e-17,0.8,1.0,0.025987643748521805,-0.7875919,-0.0054177786,0.9987029,-0.8,9.797174e-17,1.0,0.013601348735392094,-0.008405381,-0.79652685,0.998091,-1.4695762e-16,-0.8,1.0,0.00929288100451231
1994,-0.002810194157063961,0,0.018023822456598282,inf,0.002467542,0.0101908045,1.0016677,0.0,0.0,1.0,0.0106170903891325,0.8221419,-0.018300442,0.9988824,0.8,0.0,1.0,0.02874748222529888,-0.025532642,0.80902743,1.0004426,4.898587e-17,0.8,1.0,0.027085164561867714,-0.7872554,-0.005561746,0.9986822,-0.8,9.797174e-17,1.0,0.013967626728117466,-0.008815289,-0.79643923,0.99806726,-1.4695762e-16,-0.8,1.0,0.009701750241219997
1995,-0.002817833563312888,0,0.018751392140984535,inf,0.002597211,0.010643516,1.0016919,0.0,0.0,1.0,0.011085692793130875,0.8230965,-0.019114831,0.9988706,0.8,0.0,1.0,0.030001677572727203,-0.026525544,0.80959266,1.0004522,4.898587e-17,0.8,1.0,0.02821042202413082,-0.7869168,-0.0057074963,0.99866176,-0.8,9.797174e-17,1.0,0.01433656271547079,-0.00923739,-0.7963516,0.9980438,-1.4695762e-16,-0.8,1.0,0.010122599080204964
1996,-0.002825720002874732,0,0.019496332854032516,inf,0.002731396,0.011107248,1.0017159,0.0,0.0,1.0,0.01156614813953638,0.82407415,-0.019952249,0.99885887,0.8,0.0,1.0,0.03128831461071968,-0.027539963,0.81017655,1.0004616,4.898587e-17,0.8,1.0,0.029363660141825676,-0.78657615,-0.005855073,0.99864143,-0.8,9.797174e-17,1.0,0.014708079397678375,-0.009671703,-0.7962639,0.99802077,-1.4695762e-16,-0.8,1.0,0.010555468499660492
1997,-0.0028337552212178707,0,0.02025872841477394,inf,0.002870186,0.011582102,1.00174,0.0,0.0,1.0,0.012058630585670471,0.82507473,-0.020812958,0.9988471,0.8,0.0,1.0,0.032607514411211014,-0.028575903,0.8107791,1.0004709,4.898587e-17,0.8,1.0,0.030544927343726158,-0.78623354,-0.006004448,0.9986212,-0.8,9.797174e-17,1.0,0.015082110650837421,-0.01011829,-0.79617614,0.99799794,-1.4695762e-16,-0.8,1.0,0.011000457219779491
1998,-0.0028419343288987875,0,0.021038666367530823,inf,0.0030135808,0.012068061,1.0017638,0.0,0.0,1.0,0.012563074938952923,0.82609856,-0.021697193,0.9988354,0.8,0.0,1.0,0.03395966440439224,-0.029633498,0.81140053,1.0004799,4.898587e-17,0.8,1.0,0.031754471361637115,-0.785889,-0.0061556674,0.9986014,-0.8,9.797174e-17,1.0,0.015458596870303154,-0.01057717,-0.79608846,0.99797565,-1.4695762e-16,-0.8,1.0,0.011457521468400955
1999,-0.0028498771134763956,0,0.021836217492818832,inf,0.0031616641,0.012565214,1.0017879,0.0,0.0,1.0,0.013079652562737465,0.8271455,-0.022605216,0.9988236,0.8,0.0,1.0,0.03534484654664993,-0.030712754,0.81204087,1.0004889,4.898587e-17,0.8,1.0,0.03299234062433243,-0.7855427,-0.006308701,0.9985816,-0.8,9.797174e-17,1.0,0.015837445855140686,-0.011048404,-0.79600084,0.99795353,-1.4695762e-16,-0.8,1.0,0.0119268037378788
2000,-0.002858430612832308,0,0.02265143021941185,inf,0.0033144413,0.013073558,1.001812,0.0,0.0,1.0,0.013608332723379135,0.8282156,-0.023537232,0.99881184,0.8,0.0,1.0,0.03676319494843483,-0.031813793,0.8127004,1.0004976,4.898587e-17,0.8,1.0,0.03425878658890724,-0.7851947,-0.006463598,0.9985623,-0.8,9.797174e-17,1.0,0.016218585893511772,-0.011532009,-0.79591334,0.99793196,-1.4695762e-16,-0.8,1.0,0.012408260256052017
2001,-0.002866686088964343,0,0.023484405130147934,inf,0.003471984,0.013593152,1.0018358,0.0,0.0,1.0,0.01414915919303894,0.8293089,-0.024493534,0.9988001,0.8,0.0,1.0,0.03821498900651932,-0.032936662,0.81337917,1.0005063,4.898587e-17,0.8,1.0,0.03555392846465111,-0.78484505,-0.006620325,0.9985429,-0.8,9.797174e-17,1.0,0.016601944342255592,-0.012028045,-0.795826,0.99791056,-1.4695762e-16,-0.8,1.0,0.012902009300887585
2002,-0.0028755534440279007,0,0.024335168302059174,inf,0.0036343057,0.0141240135,1.0018599,0.0,0.0,1.0,0.01470221672207117,0.8304254,-0.025474308,0.9987883,0.8,0.0,1.0,0.03970027342438698,-0.034081437,0.8140773,1.0005147,4.898587e-17,0.8,1.0,0.03687790408730507,-0.78449386,-0.0067789345,0.998524,-0.8,9.797174e-17,1.0,0.01698743924498558,-0.012536531,-0.79573894,0.9978897,-1.4695762e-16,-0.8,1.0,0.013408011756837368
2003,-0.002884125569835305,0,0.02520383521914482,inf,0.003801477,0.014666199,1.0018839,0.0,0.0,1.0,0.015267533250153065,0.8315651,-0.026479851,0.9987766,0.8,0.0,1.0,0.041219327598810196,-0.03524819,0.81479496,1.0005232,4.898587e-17,0.8,1.0,0.03823086619377136,-0.7841412,-0.006939392,0.9985051,-0.8,9.797174e-17,1.0,0.017375048249959946,-0.013057529,-0.7956521,0.997869,-1.4695762e-16,-0.8,1.0,0.013926398009061813
2004,-0.002893312368541956,0,0.026090413331985474,inf,0.0039735087,0.01521972,1.0019078,0.0,0.0,1.0,0.01584514044225216,0.83272797,-0.027510354,0.998765,0.8,0.0,1.0,0.04277223348617554,-0.03643699,0.8155322,1.0005313,4.898587e-17,0.8,1.0,0.03961294889450073,-0.7837872,-0.007101749,0.9984866,-0.8,9.797174e-17,1.0,0.01776459440588951,-0.013591052,-0.79556555,0.99784875,-1.4695762e-16,-0.8,1.0,0.014457146637141705
2005,-0.0029022085946053267,0,0.02699502930045128,inf,0.0041504726,0.015784636,1.0019317,0.0,0.0,1.0,0.01643509976565838,0.8339141,-0.028566118,0.9987534,0.8,0.0,1.0,0.0443592444062233,-0.037647918,0.8162893,1.0005397,4.898587e-17,0.8,1.0,0.04102436080574989,-0.7834319,-0.007265973,0.998468,-0.8,9.797174e-17,1.0,0.018156105652451515,-0.014137164,-0.79547936,0.9978288,-1.4695762e-16,-0.8,1.0,0.015000330284237862
2006,-0.0029117227531969547,0,0.027917707338929176,inf,0.0043323794,0.01636096,1.0019555,0.0,0.0,1.0,0.017037445679306984,0.8351234,-0.029647317,0.9987419,0.8,0.0,1.0,0.04598043113946915,-0.03888103,0.81706625,1.0005476,4.898587e-17,0.8,1.0,0.042465172708034515,-0.78307533,-0.0074321157,0.9984498,-0.8,9.797174e-17,1.0,0.01854950748383999,-0.01469588,-0.7953935,0.9978092,-1.4695762e-16,-0.8,1.0,0.0155559740960598
2007,-0.002920948900282383,0,0.02885853685438633,inf,0.004519301,0.016948752,1.0019792,0.0,0.0,1.0,0.01765224151313305,0.836356,-0.03075426,0.99873054,0.8,0.0,1.0,0.04763604700565338,-0.040136408,0.8178633,1.0005558,4.898587e-17,0.8,1.0,0.04393559694290161,-0.7827177,-0.007600146,0.99843156,-0.8,9.797174e-17,1.0,0.018944665789604187,-0.015267266,-0.7953082,0.9977898,-1.4695762e-16,-0.8,1.0,0.01612413488328457
2008,-0.0029307969380170107,0,0.029817555099725723,inf,0.0047112475,0.017548019,1.002003,0.0,0.0,1.0,0.018279513344168663,0.83761173,-0.03188712,0.9987192,0.8,0.0,1.0,0.04932616651058197,-0.04141412,0.8186804,1.0005635,4.898587e-17,0.8,1.0,0.04543571174144745,-0.782359,-0.007770115,0.9984136,-0.8,9.797174e-17,1.0,0.019341573119163513,-0.015851334,-0.7952233,0.99777085,-1.4695762e-16,-0.8,1.0,0.016704818233847618
2009,-0.002940354635939002,0,0.030794858932495117,inf,0.0049082916,0.018158827,1.0020264,0.0,0.0,1.0,0.01891932263970375,0.83889073,-0.033046205,0.998708,0.8,0.0,1.0,0.05105104297399521,-0.04271423,0.8195179,1.0005715,4.898587e-17,0.8,1.0,0.04696573689579964,-0.7819994,-0.007941992,0.99839574,-0.8,9.797174e-17,1.0,0.01974007673561573,-0.016448153,-0.7951389,0.99775213,-1.4695762e-16,-0.8,1.0,0.017298124730587006
2010,-0.002950545633211732,0,0.031790487468242645,inf,0.0051104417,0.018781181,1.0020499,0.0,0.0,1.0,0.019571702927350998,0.8401929,-0.034231685,0.9986968,0.8,0.0,1.0,0.052810754626989365,-0.044036817,0.82037574,1.0005791,4.898587e-17,0.8,1.0,0.04852573201060295,-0.78163886,-0.008115828,0.99837816,-0.8,9.797174e-17,1.0,0.020140230655670166,-0.017057728,-0.7950551,0.9977337,-1.4695762e-16,-0.8,1.0,0.01790403388440609
2011,-0.002960419515147805,0,0.032804541289806366,inf,0.0053177723,0.01941515,1.0020733,0.0,0.0,1.0,0.020236730575561523,0.84151834,-0.035443876,0.99868584,0.8,0.0,1.0,0.05460556223988533,-0.04538195,0.8212542,1.0005869,4.898587e-17,0.8,1.0,0.0501159243285656,-0.7812776,-0.008291595,0.99836063,-0.8,9.797174e-17,1.0,0.020541833713650703,-0.017680138,-0.7949718,0.9977156,-1.4695762e-16,-0.8,1.0,0.01852264814078808
2012,-0.002970930887386203,0,0.033837027847766876,inf,0.00553029,0.020060733,1.0020965,0.0,0.0,1.0,0.020914411172270775,0.84286696,-0.036682934,0.9986748,0.8,0.0,1.0,0.05643552914261818,-0.046749692,0.82215333,1.0005944,4.898587e-17,0.8,1.0,0.051736414432525635,-0.7809156,-0.008469342,0.9983434,-0.8,9.797174e-17,1.0,0.020944884046912193,-0.018315382,-0.7948893,0.99769783,-1.4695762e-16,-0.8,1.0,0.019153926521539688
2013,-0.002981156576424837,0,0.034888070076704025,inf,0.0057480703,0.020718,1.0021197,0.0,0.0,1.0,0.021604834124445915,0.84423876,-0.037949182,0.998664,0.8,0.0,1.0,0.05830087512731552,-0.048140123,0.8230732,1.000602,4.898587e-17,0.8,1.0,0.05338732525706291,-0.780553,-0.008649042,0.99832624,-0.8,9.797174e-17,1.0,0.021349340677261353,-0.01896354,-0.7948074,0.9976803,-1.4695762e-16,-0.8,1.0,0.01979798637330532
2014,-0.0029918754007667303,0,0.0359576940536499,inf,0.0059711197,0.021386959,1.0021427,0.0,0.0,1.0,0.02230800874531269,0.84563375,-0.039242785,0.99865323,0.8,0.0,1.0,0.060201723128557205,-0.049553305,0.824014,1.0006094,4.898587e-17,0.8,1.0,0.05506880581378937,-0.7801898,-0.008830745,0.9983094,-0.8,9.797174e-17,1.0,0.021755099296569824,-0.01962461,-0.7947262,0.997663,-1.4695762e-16,-0.8,1.0,0.020454825833439827
2015,-0.0030020379927009344,0,0.03704597055912018,inf,0.006199514,0.022067675,1.0021654,0.0,0.0,1.0,0.023024016991257668,0.8470519,-0.040564034,0.9986426,0.8,0.0,1.0,0.06213827431201935,-0.050989304,0.82497585,1.0006168,4.898587e-17,0.8,1.0,0.05678100138902664,-0.7798262,-0.009014424,0.99829257,-0.8,9.797174e-17,1.0,0.0221620611846447,-0.020298675,-0.79464585,0.99764603,-1.4695762e-16,-0.8,1.0,0.021124498918652534
2016,-0.003012839239090681,0,0.03815292567014694,inf,0.0064332574,0.022760147,1.0021882,0.0,0.0,1.0,0.023752881214022636,0.8484931,-0.0419131,0.998632,0.8,0.0,1.0,0.06411051750183105,-0.052448194,0.8259587,1.0006241,4.898587e-17,0.8,1.0,0.058523990213871,-0.7794623,-0.009200128,0.99827605,-0.8,9.797174e-17,1.0,0.022570176050066948,-0.02098573,-0.7945662,0.9976293,-1.4695762e-16,-0.8,1.0,0.021807046607136726
2017,-0.003023371798917651,0,0.03927861154079437,inf,0.006672431,0.023464456,1.0022109,0.0,0.0,1.0,0.02449469082057476,0.8499573,-0.04329027,0.99862164,0.8,0.0,1.0,0.06611865758895874,-0.053930037,0.8269629,1.0006313,4.898587e-17,0.8,1.0,0.06029796227812767,-0.77909803,-0.009387833,0.99825966,-0.8,9.797174e-17,1.0,0.02297940105199814,-0.021685703,-0.79448754,0.9976128,-1.4695762e-16,-0.8,1.0,0.02250235341489315
2018,-0.0030345413833856583,0,0.040423061698675156,inf,0.006917032,0.02418059,1.0022333,0.0,0.0,1.0,0.025249429047107697,0.8514444,-0.044695698,0.9986113,0.8,0.0,1.0,0.06816276162862778,-0.055434927,0.82798827,1.0006385,4.898587e-17,0.8,1.0,0.06210298836231232,-0.77873355,-0.009577587,0.99824345,-0.8,9.797174e-17,1.0,0.023389697074890137,-0.022398591,-0.79440975,0.99759656,-1.4695762e-16,-0.8,1.0,0.0232104379683733
2019,-0.003045551246032119,0,0.04158630594611168,inf,0.007167144,0.024908632,1.0022556,0.0,0.0,1.0,0.026017215102910995,0.85295445,-0.046129692,0.9986011,0.8,0.0,1.0,0.0702429935336113,-0.056962885,0.82903504,1.0006455,4.898587e-17,0.8,1.0,0.06393919140100479,-0.778369,-0.009769367,0.9982274,-0.8,9.797174e-17,1.0,0.02380090020596981,-0.02312432,-0.7943329,0.9975805,-1.4695762e-16,-0.8,1.0,0.0239312332123518
2020,-0.0030578342266380787,0,0.04276838153600693,inf,0.007422767,0.025648572,1.0022776,0.0,0.0,1.0,0.026798026636242867,0.8544872,-0.047592394,0.99859095,0.8,0.0,1.0,0.07235933095216751,-0.058514044,0.8301034,1.0006526,4.898587e-17,0.8,1.0,0.0658067837357521,-0.7780044,-0.00996322,0.99821156,-0.8,9.797174e-17,1.0,0.0242130309343338,-0.023862889,-0.7942571,0.9975648,-1.4695762e-16,-0.8,1.0,0.024664726108312607
2021,-0.0030693996232002974,0,0.04396933689713478,inf,0.007683982,0.026400493,1.0022997,0.0,0.0,1.0,0.027591992169618607,0.85604274,-0.049084105,0.998581,0.8,0.0,1.0,0.07451208680868149,-0.0600884,0.83119327,1.0006595,4.898587e-17,0.8,1.0,0.06770575791597366,-0.77763987,-0.010159124,0.99819595,-0.8,9.797174e-17,1.0,0.024625973775982857,-0.024614222,-0.7941823,0.99754924,-1.4695762e-16,-0.8,1.0,0.025410864502191544
2022,-0.0030819333624094725,0,0.04518919438123703,inf,0.007950788,0.027164383,1.0023215,0.0,0.0,1.0,0.028399083763360977,0.85762095,-0.050604977,0.9985711,0.8,0.0,1.0,0.07670123130083084,-0.061686095,0.8323049,1.0006664,4.898587e-17,0.8,1.0,0.06963636726140976,-0.77727544,-0.010357127,0.99818045,-0.8,9.797174e-17,1.0,0.025039706379175186,-0.025378319,-0.7941087,0.9975339,-1.4695762e-16,-0.8,1.0,0.026169605553150177
2023,-0.0030937527772039175,0,0.04642799124121666,inf,0.008223268,0.027940327,1.0023433,0.0,0.0,1.0,0.029219429939985275,0.8592217,-0.052155305,0.9985614,0.8,0.0,1.0,0.07892688363790512,-0.06330713,0.8334383,1.0006732,4.898587e-17,0.8,1.0,0.07159862667322159,-0.77691126,-0.010557207,0.9981652,-0.8,9.797174e-17,1.0,0.02545410767197609,-0.026155103,-0.79403615,0.9975188,-1.4695762e-16,-0.8,1.0,0.026940926909446716
2024,-0.0031062201596796513,0,0.04768577218055725,inf,0.008501421,0.028728312,1.0023648,0.0,0.0,1.0,0.030052989721298218,0.86084497,-0.05373524,0.9985517,0.8,0.0,1.0,0.08118917793035507,-0.06495163,0.8345935,1.00068,4.898587e-17,0.8,1.0,0.07359268516302109,-0.7765473,-0.010759413,0.99815005,-0.8,9.797174e-17,1.0,0.0258692167699337,-0.026944574,-0.79396486,0.9975039,-1.4695762e-16,-0.8,1.0,0.02772478573024273
2025,-0.003118431894108653,0,0.048962533473968506,inf,0.008785329,0.029528428,1.0023862,0.0,0.0,1.0,0.030899904668331146,0.8624908,-0.055344917,0.9985422,0.8,0.0,1.0,0.08348820358514786,-0.06661958,0.83577055,1.0006865,4.898587e-17,0.8,1.0,0.07561858743429184,-0.7761838,-0.010963724,0.99813527,-0.8,9.797174e-17,1.0,0.026284845545887947,-0.02774666,-0.7938948,0.9974892,-1.4695762e-16,-0.8,1.0,0.02852112427353859
2026,-0.0031317591201514006,0,0.05025831609964371,inf,0.009074991,0.030340659,1.0024076,0.0,0.0,1.0,0.03176015242934227,0.8641589,-0.0569845,0.9985328,0.8,0.0,1.0,0.08582396060228348,-0.068311155,0.83696955,1.0006932,4.898587e-17,0.8,1.0,0.07767651975154877,-0.77582073,-0.011170188,0.9981206,-0.8,9.797174e-17,1.0,0.02670098841190338,-0.028561363,-0.7938261,0.99747473,-1.4695762e-16,-0.8,1.0,0.029329944401979446
2027,-0.0031443799380213022,0,0.05157313868403435,inf,0.009370487,0.031165088,1.0024287,0.0,0.0,1.0,0.03263383358716965,0.8658494,-0.058654256,0.99852353,0.8,0.0,1.0,0.08819659799337387,-0.07002633,0.83819056,1.0006998,4.898587e-17,0.8,1.0,0.07976650446653366,-0.7754582,-0.011378782,0.9981061,-0.8,9.797174e-17,1.0,0.02711758017539978,-0.029388601,-0.7937587,0.99746037,-1.4695762e-16,-0.8,1.0,0.030151180922985077
2028,-0.0031576587352901697,0,0.05290704965591431,inf,0.0096718175,0.032001704,1.0024496,0.0,0.0,1.0,0.03352094814181328,0.86756206,-0.06035435,0.99851435,0.8,0.0,1.0,0.0906062051653862,-0.07176525,0.83943355,1.0007063,4.898587e-17,0.8,1.0,0.08188866823911667,-0.7750963,-0.011589557,0.99809176,-0.8,9.797174e-17,1.0,0.027534600347280502,-0.030228378,-0.7936927,0.99744624,-1.4695762e-16,-0.8,1.0,0.03098481334745884
2029,-0.0031702276319265366,0,0.05426003411412239,inf,0.0099790655,0.032850593,1.0024706,0.0,0.0,1.0,0.03442160785198212,0.86929697,-0.062084906,0.9985053,0.8,0.0,1.0,0.09305287897586823,-0.07352788,0.84069866,1.0007128,4.898587e-17,0.8,1.0,0.08404306322336197,-0.77473515,-0.011802493,0.9980777,-0.8,9.797174e-17,1.0,0.02795187383890152,-0.031080622,-0.7936282,0.99743235,-1.4695762e-16,-0.8,1.0,0.031830765306949615
2030,-0.0031835816334933043,0,0.055632151663303375,inf,0.010292232,0.03371175,1.0024915,0.0,0.0,1.0,0.03533581271767616,0.871054,-0.0638461,0.9984964,0.8,0.0,1.0,0.09553665667772293,-0.07531422,0.84198594,1.0007191,4.898587e-17,0.8,1.0,0.08622972667217255,-0.7743747,-0.012017638,0.9980638,-0.8,9.797174e-17,1.0,0.028369488194584846,-0.031945325,-0.79356515,0.9974185,-1.4695762e-16,-0.8,1.0,0.03268906846642494
2031,-0.003197155427187681,0,0.057023338973522186,inf,0.010611391,0.034585245,1.0025121,0.0,0.0,1.0,0.036263637244701385,0.872833,-0.065638,0.99848765,0.8,0.0,1.0,0.09805753827095032,-0.07712426,0.8432954,1.0007254,4.898587e-17,0.8,1.0,0.0884486734867096,-0.77401525,-0.012234974,0.9980501,-0.8,9.797174e-17,1.0,0.02878723107278347,-0.03282243,-0.7935037,0.997405,-1.4695762e-16,-0.8,1.0,0.03355962038040161
2032,-0.003210933180525899,0,0.058433663100004196,inf,0.010936545,0.03547107,1.0025325,0.0,0.0,1.0,0.037205085158348083,0.87463385,-0.06746079,0.998479,0.8,0.0,1.0,0.10061550885438919,-0.07895817,0.84462714,1.000732,4.898587e-17,0.8,1.0,0.09070010483264923,-0.77365667,-0.012454547,0.9980366,-0.8,9.797174e-17,1.0,0.02920517884194851,-0.033711925,-0.7934438,0.9973916,-1.4695762e-16,-0.8,1.0,0.034442439675331116
2033,-0.0032244687899947166,0,0.059863120317459106,inf,0.011267777,0.03636932,1.002553,0.0,0.0,1.0,0.0381602942943573,0.87645656,-0.06931455,0.9984705,0.8,0.0,1.0,0.1032107025384903,-0.08081588,0.8459812,1.000738,4.898587e-17,0.8,1.0,0.09298397600650787,-0.77329916,-0.0126763405,0.99802333,-0.8,9.797174e-17,1.0,0.02962317503988743,-0.03461374,-0.79338557,0.9973784,-1.4695762e-16,-0.8,1.0,0.03533743694424629
2034,-0.0032384602818638086,0,0.061311691999435425,inf,0.011605086,0.037279975,1.0025733,0.0,0.0,1.0,0.03912922367453575,0.8783009,-0.07119947,0.9984622,0.8,0.0,1.0,0.10584308952093124,-0.082697414,0.8473576,1.0007443,4.898587e-17,0.8,1.0,0.0953003391623497,-0.7729428,-0.012900405,0.99801034,-0.8,9.797174e-17,1.0,0.03004118613898754,-0.03552787,-0.793329,0.9973653,-1.4695762e-16,-0.8,1.0,0.03624463453888893
2035,-0.003253047587350011,0,0.06277940422296524,inf,0.011948476,0.038203113,1.0025934,0.0,0.0,1.0,0.0401119627058506,0.8801668,-0.0731156,0.99845403,0.8,0.0,1.0,0.10851266980171204,-0.08460275,0.84875643,1.0007504,4.898587e-17,0.8,1.0,0.09764926135540009,-0.7725876,-0.013126718,0.99799746,-0.8,9.797174e-17,1.0,0.030459174886345863,-0.036454257,-0.79327416,0.9973525,-1.4695762e-16,-0.8,1.0,0.03716395050287247
2036,-0.0032673117239028215,0,0.06426627933979034,inf,0.012298018,0.03913873,1.0026133,0.0,0.0,1.0,0.04110852628946304,0.8820542,-0.07506314,0.998446,0.8,0.0,1.0,0.11121951788663864,-0.086532034,0.85017776,1.0007567,4.898587e-17,0.8,1.0,0.10003086179494858,-0.77223366,-0.0133553315,0.9979848,-0.8,9.797174e-17,1.0,0.03087710775434971,-0.03739289,-0.7932212,0.99733984,-1.4695762e-16,-0.8,1.0,0.038095369935035706
2037,-0.003282264806330204,0,0.06577228009700775,inf,0.01265371,0.040086903,1.0026332,0.0,0.0,1.0,0.04211900010704994,0.883963,-0.077042155,0.9984381,0.8,0.0,1.0,0.11396365612745285,-0.08848518,0.8516216,1.0007628,4.898587e-17,0.8,1.0,0.10244511067867279,-0.77188116,-0.013586228,0.99797237,-0.8,9.797174e-17,1.0,0.03129483014345169,-0.038343694,-0.79317,0.9973274,-1.4695762e-16,-0.8,1.0,0.03903884068131447
2038,-0.003296976676210761,0,0.06729751080274582,inf,0.013015622,0.041047625,1.0026529,0.0,0.0,1.0,0.043143387883901596,0.88589305,-0.079052836,0.9984304,0.8,0.0,1.0,0.11674513667821884,-0.09046237,0.85308814,1.0007691,4.898587e-17,0.8,1.0,0.10489223897457123,-0.77153003,-0.013819456,0.99796015,-0.8,9.797174e-17,1.0,0.03171243146061897,-0.03930667,-0.7931206,0.99731505,-1.4695762e-16,-0.8,1.0,0.039994366466999054
2039,-0.003311916720122099,0,0.06884187459945679,inf,0.013383749,0.042020977,1.0026724,0.0,0.0,1.0,0.04418177157640457,0.8878442,-0.08109523,0.9984228,0.8,0.0,1.0,0.11956389993429184,-0.09246353,0.85457724,1.0007751,4.898587e-17,0.8,1.0,0.10737215727567673,-0.7711805,-0.014054999,0.9979481,-0.8,9.797174e-17,1.0,0.032129690051078796,-0.040281747,-0.7930731,0.99730295,-1.4695762e-16,-0.8,1.0,0.04096187278628349
2040,-0.0033270837739109993,0,0.07040543854236603,inf,0.013758161,0.04300695,1.0026917,0.0,0.0,1.0,0.04523416981101036,0.88981634,-0.0831695,0.9984154,0.8,0.0,1.0,0.12241997569799423,-0.0944888,0.856089,1.0007812,4.898587e-17,0.8,1.0,0.10988502204418182,-0.77083254,-0.014292906,0.9979363,-0.8,9.797174e-17,1.0,0.032546695321798325,-0.041268915,-0.7930275,0.997291,-1.4695762e-16,-0.8,1.0,0.04194135591387749
2041,-0.0033429511822760105,0,0.07198820263147354,inf,0.014138853,0.044005617,1.0027109,0.0,0.0,1.0,0.04630065709352493,0.89180917,-0.08527584,0.9984082,0.8,0.0,1.0,0.12531329691410065,-0.09653815,0.8576236,1.0007871,4.898587e-17,0.8,1.0,0.11243090778589249,-0.7704862,-0.014533145,0.9979247,-0.8,9.797174e-17,1.0,0.03296339884400368,-0.042268105,-0.79298383,0.9972793,-1.4695762e-16,-0.8,1.0,0.04293275624513626
2042,-0.003358582267537713,0,0.0735902339220047,inf,0.014525898,0.045016978,1.00273,0.0,0.0,1.0,0.04738124832510948,0.89382267,-0.08741443,0.9984011,0.8,0.0,1.0,0.12824402749538422,-0.09861172,0.8591809,1.0007933,4.898587e-17,0.8,1.0,0.11500991880893707,-0.77014136,-0.014775767,0.9979132,-0.8,9.797174e-17,1.0,0.03337989002466202,-0.043279313,-0.79294205,0.9972677,-1.4695762e-16,-0.8,1.0,0.04393608123064041
2043,-0.003374402178451419,0,0.07521147280931473,inf,0.014919289,0.046041112,1.002749,0.0,0.0,1.0,0.04847603291273117,0.8958566,-0.08958535,0.99839413,0.8,0.0,1.0,0.131212055683136,-0.10070943,0.86076117,1.0007992,4.898587e-17,0.8,1.0,0.11762204766273499,-0.7697983,-0.015020754,0.9979019,-0.8,9.797174e-17,1.0,0.033796001225709915,-0.044302467,-0.79290223,0.99725646,-1.4695762e-16,-0.8,1.0,0.044951241463422775
2044,-0.003390456782653928,0,0.07685196399688721,inf,0.015319096,0.047078006,1.0027677,0.0,0.0,1.0,0.04958501085639,0.8979109,-0.09178872,0.9983874,0.8,0.0,1.0,0.13421739637851715,-0.10283142,0.8623643,1.0008051,4.898587e-17,0.8,1.0,0.12026742845773697,-0.769457,-0.015268157,0.9978908,-0.8,9.797174e-17,1.0,0.03421172499656677,-0.04533756,-0.7928644,0.99724525,-1.4695762e-16,-0.8,1.0,0.04597825929522514
2045,-0.0034072163980454206,0,0.07851171493530273,inf,0.015725313,0.048127733,1.0027863,0.0,0.0,1.0,0.05070825666189194,0.89998525,-0.09402476,0.99838084,0.8,0.0,1.0,0.1372600793838501,-0.104977645,0.86399037,1.000811,4.898587e-17,0.8,1.0,0.12294603884220123,-0.7691174,-0.015517944,0.99787986,-0.8,9.797174e-17,1.0,0.03462710604071617,-0.046384525,-0.79282856,0.9972343,-1.4695762e-16,-0.8,1.0,0.04701705276966095
2046,-0.0034237054642289877,0,0.0801907628774643,inf,0.016138013,0.049190305,1.0028046,0.0,0.0,1.0,0.05184580758213997,0.90207964,-0.09629364,0.9983744,0.8,0.0,1.0,0.1403401643037796,-0.10714821,0.8656395,1.0008171,4.898587e-17,0.8,1.0,0.1256580650806427,-0.76877964,-0.015770163,0.99786913,-0.8,9.797174e-17,1.0,0.03504212573170662,-0.04744336,-0.79279476,0.99722356,-1.4695762e-16,-0.8,1.0,0.04806762561202049
2047,-0.0034403332974761724,0,0.0818890780210495,inf,0.016557192,0.05026579,1.0028229,0.0,0.0,1.0,0.05299772322177887,0.9041939,-0.09859543,0.9983682,0.8,0.0,1.0,0.14345760643482208,-0.10934302,0.86731166,1.0008228,4.898587e-17,0.8,1.0,0.12840339541435242,-0.7684437,-0.016024802,0.9978587,-0.8,9.797174e-17,1.0,0.035456735640764236,-0.048513986,-0.792763,0.99721307,-1.4695762e-16,-0.8,1.0,0.0491299107670784
2048,-0.0034576673060655594,0,0.08360669016838074,inf,0.016982878,0.05135417,1.0028409,0.0,0.0,1.0,0.05416400358080864,0.9063277,-0.10093026,0.9983622,0.8,0.0,1.0,0.14661234617233276,-0.11156222,0.869007,1.0008286,4.898587e-17,0.8,1.0,0.1311822384595871,-0.7681097,-0.016281907,0.9978483,-0.8,9.797174e-17,1.0,0.035870932042598724,-0.049596403,-0.7927333,0.99720275,-1.4695762e-16,-0.8,1.0,0.05020390823483467
2049,-0.0034752541687339544,0,0.08534359186887741,inf,0.01741503,0.052455522,1.0028585,0.0,0.0,1.0,0.055344704538583755,0.90848106,-0.103298336,0.9983564,0.8,0.0,1.0,0.14980448782444,-0.11380578,0.8707255,1.0008345,4.898587e-17,0.8,1.0,0.13399457931518555,-0.7677776,-0.016541459,0.9978381,-0.8,9.797174e-17,1.0,0.03628465533256531,-0.050690543,-0.7927058,0.99719274,-1.4695762e-16,-0.8,1.0,0.051289547234773636
2050,-0.0034926263615489006,0,0.08709981292486191,inf,0.017853688,0.053569853,1.0028762,0.0,0.0,1.0,0.056539859622716904,0.9106537,-0.105699815,0.99835074,0.8,0.0,1.0,0.1530340164899826,-0.11607377,0.8724672,1.0008404,4.898587e-17,0.8,1.0,0.13684050738811493,-0.76744765,-0.01680351,0.99782807,-0.8,9.797174e-17,1.0,0.036697838455438614,-0.051796395,-0.79268026,0.9971829,-1.4695762e-16,-0.8,1.0,0.05238684266805649
2051,-0.003510252572596073,0,0.08887531608343124,inf,0.01829881,0.05469723,1.0028936,0.0,0.0,1.0,0.057749513536691666,0.91284555,-0.10813477,0.9983453,0.8,0.0,1.0,0.15630093216896057,-0.11836613,0.87423223,1.0008461,4.898587e-17,0.8,1.0,0.13971999287605286,-0.7671198,-0.017068045,0.9978183,-0.8,9.797174e-17,1.0,0.03711044043302536,-0.052913893,-0.79265696,0.9971733,-1.4695762e-16,-0.8,1.0,0.05349570885300636
2052,-0.003528593573719263,0,0.0906701534986496,inf,0.018750422,0.055837635,1.0029107,0.0,0.0,1.0,0.058973658829927444,0.9150564,-0.110603325,0.99834013,0.8,0.0,1.0,0.1596052199602127,-0.12068299,0.8760206,1.000852,4.898587e-17,0.8,1.0,0.14263324439525604,-0.76679415,-0.017335111,0.9978086,-0.8,9.797174e-17,1.0,0.03752250224351883,-0.054043032,-0.7926358,0.9971639,-1.4695762e-16,-0.8,1.0,0.054616156965494156
2053,-0.0035471979063004255,0,0.09248428046703339,inf,0.019208482,0.05699114,1.0029275,0.0,0.0,1.0,0.06021234393119812,0.91728604,-0.11310569,0.9983352,0.8,0.0,1.0,0.16294686496257782,-0.123024315,0.87783235,1.0008577,4.898587e-17,0.8,1.0,0.14558018743991852,-0.76647073,-0.017604694,0.9977991,-0.8,9.797174e-17,1.0,0.037933915853500366,-0.055183742,-0.79261684,0.99715483,-1.4695762e-16,-0.8,1.0,0.0557481087744236
2054,-0.0035655975807458162,0,0.09431775659322739,inf,0.019673035,0.05815776,1.0029442,0.0,0.0,1.0,0.06146561726927757,0.9195343,-0.11564201,0.99833035,0.8,0.0,1.0,0.16632592678070068,-0.12539019,0.8796676,1.0008637,4.898587e-17,0.8,1.0,0.14856098592281342,-0.76614964,-0.017876841,0.9977897,-0.8,9.797174e-17,1.0,0.03834468126296997,-0.05633602,-0.7926001,0.997146,-1.4695762e-16,-0.8,1.0,0.05689157545566559
2055,-0.0035842598881572485,0,0.09617053717374802,inf,0.020144032,0.059337556,1.0029607,0.0,0.0,1.0,0.06273350864648819,0.92180115,-0.11821235,0.99832577,0.8,0.0,1.0,0.1697423905134201,-0.12778053,0.8815263,1.0008693,4.898587e-17,0.8,1.0,0.15157556533813477,-0.76583093,-0.01815154,0.99778056,-0.8,9.797174e-17,1.0,0.038754742592573166,-0.057499792,-0.7925856,0.9971374,-1.4695762e-16,-0.8,1.0,0.058046478778123856
2056,-0.003603508695960045,0,0.09804265201091766,inf,0.020621506,0.060530514,1.0029769,0.0,0.0,1.0,0.06401602923870087,0.9240863,-0.12081684,0.9983215,0.8,0.0,1.0,0.1731962114572525,-0.13019547,0.88340855,1.0008751,4.898587e-17,0.8,1.0,0.1546240895986557,-0.7655147,-0.01842884,0.9977715,-0.8,9.797174e-17,1.0,0.03916410356760025,-0.05867505,-0.79257333,0.9971291,-1.4695762e-16,-0.8,1.0,0.059212829917669296
2057,-0.0036225675139576197,0,0.09993407875299454,inf,0.021105412,0.06173671,1.0029927,0.0,0.0,1.0,0.06531322002410889,0.9263895,-0.1234556,0.9983174,0.8,0.0,1.0,0.1766873598098755,-0.13263498,0.8853144,1.000881,4.898587e-17,0.8,1.0,0.15770655870437622,-0.765201,-0.018708756,0.9977626,-0.8,9.797174e-17,1.0,0.03957267478108406,-0.05986173,-0.7925634,0.997121,-1.4695762e-16,-0.8,1.0,0.06039055436849594
2058,-0.0036423541605472565,0,0.10184482485055923,inf,0.021595797,0.06295615,1.0030085,0.0,0.0,1.0,0.06662511825561523,0.92871064,-0.12612864,0.9983135,0.8,0.0,1.0,0.1802157163619995,-0.13509913,0.8872439,1.0008867,4.898587e-17,0.8,1.0,0.16082307696342468,-0.7648898,-0.018991368,0.9977538,-0.8,9.797174e-17,1.0,0.03998057171702385,-0.06105983,-0.79255575,0.9971131,-1.4695762e-16,-0.8,1.0,0.06157965585589409
2059,-0.003661954076960683,0,0.10377489030361176,inf,0.022092603,0.06418889,1.003024,0.0,0.0,1.0,0.0679517611861229,0.9310495,-0.12883613,0.99830985,0.8,0.0,1.0,0.18378134071826935,-0.13758789,0.8891972,1.0008924,4.898587e-17,0.8,1.0,0.1639736443758011,-0.76458126,-0.019276697,0.9977454,-0.8,9.797174e-17,1.0,0.04038764908909798,-0.062269267,-0.79255044,0.9971055,-1.4695762e-16,-0.8,1.0,0.06278005987405777
2060,-0.0036822876427322626,0,0.10572425276041031,inf,0.022595879,0.06543493,1.0030392,0.0,0.0,1.0,0.06929315626621246,0.9334059,-0.13157803,0.99830633,0.8,0.0,1.0,0.18738402426242828,-0.14010134,0.89117414,1.0008982,4.898587e-17,0.8,1.0,0.1671583503484726,-0.76427543,-0.019564817,0.9977369,-0.8,9.797174e-17,1.0,0.04079398885369301,-0.06349004,-0.79254746,0.9970981,-1.4695762e-16,-0.8,1.0,0.06399177014827728
2061,-0.0037023129407316446,0,0.10769293457269669,inf,0.023105567,0.06669435,1.0030543,0.0,0.0,1.0,0.07064936310052872,0.9357796,-0.1343545,0.99830306,0.8,0.0,1.0,0.1910238265991211,-0.14263944,0.89317495,1.0009038,4.898587e-17,0.8,1.0,0.1703772246837616,-0.7639724,-0.019855749,0.9977287,-0.8,9.797174e-17,1.0,0.041199494153261185,-0.06472208,-0.7925469,0.9970908,-1.4695762e-16,-0.8,1.0,0.06521472334861755
2062,-0.003723075846210122,0,0.1096809059381485,inf,0.023621717,0.06796714,1.003069,0.0,0.0,1.0,0.07202038913965225,0.9381704,-0.13716556,0.9982999,0.8,0.0,1.0,0.19470061361789703,-0.14520225,0.89519954,1.0009094,4.898587e-17,0.8,1.0,0.1736302673816681,-0.7636721,-0.020149572,0.99772054,-0.8,9.797174e-17,1.0,0.04160429537296295,-0.06596539,-0.7925487,0.9970838,-1.4695762e-16,-0.8,1.0,0.06644891947507858
2063,-0.003743661567568779,0,0.11168815940618515,inf,0.024144275,0.06925337,1.0030836,0.0,0.0,1.0,0.07340628653764725,0.9405781,-0.14001136,0.9982969,0.8,0.0,1.0,0.1984144151210785,-0.14778967,0.89724815,1.0009149,4.898587e-17,0.8,1.0,0.17691756784915924,-0.76337475,-0.020446308,0.99771273,-0.8,9.797174e-17,1.0,0.04200825095176697,-0.06721988,-0.792553,0.99707687,-1.4695762e-16,-0.8,1.0,0.0676942765712738
2064,-0.0037645320408046246,0,0.11371469497680664,inf,0.024673283,0.070553035,1.003098,0.0,0.0,1.0,0.0748070776462555,0.9430025,-0.14289185,0.99829406,0.8,0.0,1.0,0.20216505229473114,-0.15040176,0.89932066,1.0009205,4.898587e-17,0.8,1.0,0.18023908138275146,-0.7630803,-0.020746028,0.99770486,-0.8,9.797174e-17,1.0,0.0424114428460598,-0.068485565,-0.79255974,0.9970702,-1.4695762e-16,-0.8,1.0,0.06895080953836441
2065,-0.0037856895942240953,0,0.11576048284769058,inf,0.025208691,0.07186621,1.0031121,0.0,0.0,1.0,0.07622279971837997,0.9454435,-0.14580724,0.99829143,0.8,0.0,1.0,0.20595262944698334,-0.15303843,0.901417,1.0009259,4.898587e-17,0.8,1.0,0.1835947334766388,-0.7627889,-0.02104876,0.9976973,-0.8,9.797174e-17,1.0,0.04281378537416458,-0.06976236,-0.7925689,0.99706364,-1.4695762e-16,-0.8,1.0,0.07021844387054443
2066,-0.003807483008131385,0,0.11782549321651459,inf,0.025750544,0.07319289,1.003126,0.0,0.0,1.0,0.07765346765518188,0.9479008,-0.14875747,0.99828887,0.8,0.0,1.0,0.2097768932580948,-0.15569972,0.90353733,1.0009314,4.898587e-17,0.8,1.0,0.1869846135377884,-0.7625005,-0.02135458,0.9976897,-0.8,9.797174e-17,1.0,0.04321535676717758,-0.071050264,-0.7925806,0.9970572,-1.4695762e-16,-0.8,1.0,0.07149718701839447
2067,-0.0038291090168058872,0,0.11990976333618164,inf,0.026298787,0.07453314,1.0031399,0.0,0.0,1.0,0.079099141061306,0.9503741,-0.1517427,0.9982865,0.8,0.0,1.0,0.21363790333271027,-0.15838553,0.9056816,1.0009366,4.898587e-17,0.8,1.0,0.1904086470603943,-0.76221526,-0.021663504,0.9976825,-0.8,9.797174e-17,1.0,0.043616119772195816,-0.07234921,-0.79259485,0.99705094,-1.4695762e-16,-0.8,1.0,0.07278696447610855
2068,-0.0038510302547365427,0,0.12201324850320816,inf,0.026853465,0.075886965,1.0031534,0.0,0.0,1.0,0.08055981993675232,0.9528634,-0.15476292,0.9982842,0.8,0.0,1.0,0.21753555536270142,-0.16109595,0.90784985,1.000942,4.898587e-17,0.8,1.0,0.19386690855026245,-0.7619331,-0.021975603,0.99767524,-0.8,9.797174e-17,1.0,0.04401616007089615,-0.0736592,-0.7926116,0.9970449,-1.4695762e-16,-0.8,1.0,0.07408777624368668
2069,-0.003873248351737857,0,0.12413594871759415,inf,0.027414527,0.07725443,1.0031668,0.0,0.0,1.0,0.08203554898500443,0.9553684,-0.15781827,0.9982821,0.8,0.0,1.0,0.22146984934806824,-0.16383085,0.91004205,1.0009471,4.898587e-17,0.8,1.0,0.19735929369926453,-0.7616541,-0.022290895,0.9976683,-0.8,9.797174e-17,1.0,0.044415440410375595,-0.07498015,-0.792631,0.9970389,-1.4695762e-16,-0.8,1.0,0.07539955526590347
2070,-0.003896021982654929,0,0.1262778639793396,inf,0.027982013,0.07863554,1.0031801,0.0,0.0,1.0,0.0835263729095459,0.9578889,-0.16090876,0.99828005,0.8,0.0,1.0,0.22544065117835999,-0.16659029,0.9122582,1.0009524,4.898587e-17,0.8,1.0,0.2008858621120453,-0.76137817,-0.022609452,0.9976614,-0.8,9.797174e-17,1.0,0.0448140949010849,-0.07631206,-0.7926529,0.9970331,-1.4695762e-16,-0.8,1.0,0.07672230899333954
2071,-0.00391863938421011,0,0.12843894958496094,inf,0.028555876,0.08003035,1.0031931,0.0,0.0,1.0,0.08503229916095734,0.9604247,-0.1640345,0.99827814,0.8,0.0,1.0,0.22944797575473785,-0.16937417,0.91449827,1.0009574,4.898587e-17,0.8,1.0,0.20444650948047638,-0.7611055,-0.02293129,0.9976548,-0.8,9.797174e-17,1.0,0.0452120415866375,-0.07765486,-0.7926775,0.99702734,-1.4695762e-16,-0.8,1.0,0.0780559629201889
2072,-0.003942021168768406,0,0.13061925768852234,inf,0.029136155,0.08143887,1.0032061,0.0,0.0,1.0,0.08655335754156113,0.9629756,-0.16719548,0.9982763,0.8,0.0,1.0,0.2334916591644287,-0.17218256,0.9167623,1.0009625,4.898587e-17,0.8,1.0,0.20804132521152496,-0.76083595,-0.023256484,0.9976481,-0.8,9.797174e-17,1.0,0.045609425753355026,-0.07900855,-0.79270476,0.9970218,-1.4695762e-16,-0.8,1.0,0.07940050959587097
2073,-0.003965250216424465,0,0.13281869888305664,inf,0.0297228,0.08286116,1.0032189,0.0,0.0,1.0,0.08808960765600204,0.9655414,-0.17039184,0.9982746,0.8,0.0,1.0,0.23757170140743256,-0.17501535,0.91905016,1.0009674,4.898587e-17,0.8,1.0,0.2116701304912567,-0.7605697,-0.02358505,0.9976418,-0.8,9.797174e-17,1.0,0.04600615054368973,-0.080373056,-0.7927346,0.9970163,-1.4695762e-16,-0.8,1.0,0.08075590431690216
2074,-0.0039892494678497314,0,0.1350373476743698,inf,0.030315854,0.08429723,1.0032316,0.0,0.0,1.0,0.08964104950428009,0.96812195,-0.17362359,0.998273,0.8,0.0,1.0,0.241688072681427,-0.1778726,0.921362,1.0009723,4.898587e-17,0.8,1.0,0.21533307433128357,-0.7603066,-0.023917057,0.9976354,-0.8,9.797174e-17,1.0,0.04640241339802742,-0.081748374,-0.7927672,0.997011,-1.4695762e-16,-0.8,1.0,0.08212212473154068
2075,-0.004013096448034048,0,0.1372751146554947,inf,0.030915262,0.08574713,1.003244,0.0,0.0,1.0,0.09120772033929825,0.97071695,-0.1768908,0.99827147,0.8,0.0,1.0,0.2458406388759613,-0.1807542,0.92369765,1.000977,4.898587e-17,0.8,1.0,0.2190299928188324,-0.76004684,-0.024252528,0.9976294,-0.8,9.797174e-17,1.0,0.046798087656497955,-0.083134435,-0.7928026,0.9970057,-1.4695762e-16,-0.8,1.0,0.08349911868572235
2076,-0.0040377238765358925,0,0.13953202962875366,inf,0.03152107,0.08721087,1.0032564,0.0,0.0,1.0,0.09278964251279831,0.9733262,-0.18019353,0.9982701,0.8,0.0,1.0,0.2500293254852295,-0.18366021,0.9260571,1.0009818,4.898587e-17,0.8,1.0,0.22276091575622559,-0.7597903,-0.02459153,0.9976233,-0.8,9.797174e-17,1.0,0.04719335213303566,-0.08453124,-0.7928406,0.9970006,-1.4695762e-16,-0.8,1.0,0.08488689363002777
2077,-0.004062205087393522,0,0.14180807769298553,inf,0.03213322,0.088688515,1.0032687,0.0,0.0,1.0,0.09438686817884445,0.9759496,-0.18353185,0.9982687,0.8,0.0,1.0,0.25425416231155396,-0.18659054,0.92844045,1.0009865,4.898587e-17,0.8,1.0,0.22652582824230194,-0.7595371,-0.024934083,0.99761754,-0.8,9.797174e-17,1.0,0.04758814722299576,-0.08593871,-0.7928815,0.99699545,-1.4695762e-16,-0.8,1.0,0.08628535270690918
2078,-0.0040874723345041275,0,0.1441032439470291,inf,0.032751765,0.09018006,1.0032808,0.0,0.0,1.0,0.09599939733743668,0.97858685,-0.18690579,0.99826753,0.8,0.0,1.0,0.25851505994796753,-0.18954523,0.9308476,1.0009911,4.898587e-17,0.8,1.0,0.23032468557357788,-0.75928724,-0.025280258,0.9976117,-0.8,9.797174e-17,1.0,0.04798255115747452,-0.08735685,-0.79292506,0.99699056,-1.4695762e-16,-0.8,1.0,0.08769453316926956
2079,-0.0041126674041152,0,0.1464175134897232,inf,0.033376645,0.09168558,1.0032927,0.0,0.0,1.0,0.09762728959321976,0.98123777,-0.19031541,0.99826634,0.8,0.0,1.0,0.2628118693828583,-0.19252418,0.9332785,1.0009955,4.898587e-17,0.8,1.0,0.23415744304656982,-0.7590407,-0.025630075,0.9976062,-0.8,9.797174e-17,1.0,0.048376597464084625,-0.08878558,-0.79297155,0.9969857,-1.4695762e-16,-0.8,1.0,0.08911433070898056
2080,-0.004138654563575983,0,0.14875087141990662,inf,0.034007903,0.093205065,1.0033046,0.0,0.0,1.0,0.0992705449461937,0.98390216,-0.19376077,0.9982653,0.8,0.0,1.0,0.2671446204185486,-0.19552745,0.9357332,1.001,4.898587e-17,0.8,1.0,0.23802411556243896,-0.7587976,-0.025983604,0.9976007,-0.8,9.797174e-17,1.0,0.048770323395729065,-0.09022491,-0.79302084,0.99698097,-1.4695762e-16,-0.8,1.0,0.09054478257894516
2081,-0.004164168145507574,0,0.15110334753990173,inf,0.034645487,0.09473859,1.0033163,0.0,0.0,1.0,0.10092922300100327,0.9865799,-0.19724195,0.9982643,0.8,0.0,1.0,0.2715132534503937,-0.19855495,0.9382117,1.0010043,4.898587e-17,0.8,1.0,0.24192467331886292,-0.7585578,-0.026340863,0.9975954,-0.8,9.797174e-17,1.0,0.049163807183504105,-0.09167475,-0.793073,0.9969762,-1.4695762e-16,-0.8,1.0,0.0919857993721962
2082,-0.004190938081592321,0,0.15347488224506378,inf,0.03528944,0.09628614,1.0033278,0.0,0.0,1.0,0.10260330885648727,0.98927075,-0.20075898,0.9982634,0.8,0.0,1.0,0.27591773867607117,-0.2016067,0.9407138,1.0010087,4.898587e-17,0.8,1.0,0.24585901200771332,-0.75832146,-0.026701808,0.9975901,-0.8,9.797174e-17,1.0,0.04955698922276497,-0.093135126,-0.7931281,0.9969717,-1.4695762e-16,-0.8,1.0,0.09343738853931427
2083,-0.004217120818793774,0,0.15586550533771515,inf,0.035939712,0.09784779,1.0033393,0.0,0.0,1.0,0.10429287701845169,0.99197453,-0.20431197,0.9982625,0.8,0.0,1.0,0.2803580164909363,-0.20468265,0.94323975,1.0010129,4.898587e-17,0.8,1.0,0.24982720613479614,-0.7580886,-0.027066503,0.9975851,-0.8,9.797174e-17,1.0,0.049949921667575836,-0.094605945,-0.79318607,0.99696714,-1.4695762e-16,-0.8,1.0,0.0948994904756546
2084,-0.004244565032422543,0,0.15827517211437225,inf,0.03659634,0.09942354,1.0033506,0.0,0.0,1.0,0.10599792003631592,0.9946911,-0.20790091,0.9982618,0.8,0.0,1.0,0.28483402729034424,-0.20778282,0.94578934,1.0010171,4.898587e-17,0.8,1.0,0.2538291811943054,-0.7578592,-0.0274349,0.99758,-0.8,9.797174e-17,1.0,0.050342634320259094,-0.09608722,-0.7932469,0.99696285,-1.4695762e-16,-0.8,1.0,0.0963720977306366
2085,-0.004271429032087326,0,0.1607038825750351,inf,0.037259273,0.10101345,1.0033618,0.0,0.0,1.0,0.10771849006414413,0.9974202,-0.21152592,0.9982611,0.8,0.0,1.0,0.28934577107429504,-0.21090712,0.9483626,1.0010211,4.898587e-17,0.8,1.0,0.25786489248275757,-0.75763327,-0.027807062,0.9975752,-0.8,9.797174e-17,1.0,0.05073512718081474,-0.09757885,-0.7933109,0.9969584,-1.4695762e-16,-0.8,1.0,0.09785514324903488
2086,-0.0042995610274374485,0,0.16315163671970367,inf,0.037928555,0.10261753,1.0033729,0.0,0.0,1.0,0.10945460200309753,1.0001616,-0.215187,0.9982605,0.8,0.0,1.0,0.29389309883117676,-0.2140556,0.9509595,1.0010252,4.898587e-17,0.8,1.0,0.261934369802475,-0.7574109,-0.028182944,0.99757034,-0.8,9.797174e-17,1.0,0.051127444952726364,-0.09908088,-0.79337776,0.99695426,-1.4695762e-16,-0.8,1.0,0.09934864193201065
2087,-0.004327118396759033,0,0.1656184047460556,inf,0.038604133,0.10423583,1.0033839,0.0,0.0,1.0,0.1112062856554985,1.0029154,-0.21888426,0.99825996,0.8,0.0,1.0,0.29847612977027893,-0.21722817,0.9535801,1.0010291,4.898587e-17,0.8,1.0,0.26603755354881287,-0.7571921,-0.02856261,0.99756575,-0.8,9.797174e-17,1.0,0.05151958391070366,-0.100593194,-0.7934476,0.99695,-1.4695762e-16,-0.8,1.0,0.10085250437259674
2088,-0.004355685785412788,0,0.16810420155525208,inf,0.039286047,0.10586836,1.0033948,0.0,0.0,1.0,0.11297357827425003,1.0056812,-0.2226177,0.9982595,0.8,0.0,1.0,0.3030947148799896,-0.22042486,0.9562242,1.0010331,4.898587e-17,0.8,1.0,0.2701743543148041,-0.75697684,-0.02894601,0.9975611,-0.8,9.797174e-17,1.0,0.05191158503293991,-0.10211583,-0.79352057,0.996946,-1.4695762e-16,-0.8,1.0,0.10236676037311554
2089,-0.0043841456063091755,0,0.17060895264148712,inf,0.03997425,0.10751509,1.0034055,0.0,0.0,1.0,0.11475639790296555,1.0084586,-0.22638743,0.99825907,0.8,0.0,1.0,0.3077487349510193,-0.2236456,0.958892,1.0010369,4.898587e-17,0.8,1.0,0.2743448317050934,-0.7567652,-0.029333211,0.9975567,-0.8,9.797174e-17,1.0,0.052303511649370193,-0.103648685,-0.7935966,0.9969418,-1.4695762e-16,-0.8,1.0,0.10389131307601929
2090,-0.0044134254567325115,0,0.1731327474117279,inf,0.04066878,0.10917609,1.0034162,0.0,0.0,1.0,0.1165548786520958,1.0112479,-0.23019345,0.99825877,0.8,0.0,1.0,0.31243833899497986,-0.22689041,0.9615833,1.0010407,4.898587e-17,0.8,1.0,0.278548926115036,-0.75655717,-0.029724168,0.9975522,-0.8,9.797174e-17,1.0,0.05269533768296242,-0.10519178,-0.7936757,0.996938,-1.4695762e-16,-0.8,1.0,0.10542619973421097
2091,-0.004442605655640364,0,0.17567548155784607,inf,0.0413696,0.11085133,1.0034266,0.0,0.0,1.0,0.11836892366409302,1.0140486,-0.23403586,0.99825853,0.8,0.0,1.0,0.3171633780002594,-0.23015924,0.96429825,1.0010444,4.898587e-17,0.8,1.0,0.28278660774230957,-0.75635284,-0.03011894,0.997548,-0.8,9.797174e-17,1.0,0.053087085485458374,-0.10674503,-0.7937579,0.996934,-1.4695762e-16,-0.8,1.0,0.10697133094072342
2092,-0.004472610540688038,0,0.17823714017868042,inf,0.04207673,0.112540886,1.003437,0.0,0.0,1.0,0.12019865214824677,1.0168605,-0.23791465,0.99825835,0.8,0.0,1.0,0.32192370295524597,-0.23345208,0.96703666,1.001048,4.898587e-17,0.8,1.0,0.2870578467845917,-0.7561522,-0.030517487,0.9975437,-0.8,9.797174e-17,1.0,0.05347878113389015,-0.10830844,-0.7938433,0.9969303,-1.4695762e-16,-0.8,1.0,0.10852670669555664
2093,-0.0045025222934782505,0,0.18081776797771454,inf,0.042790134,0.11424472,1.0034472,0.0,0.0,1.0,0.12204398959875107,1.0196835,-0.24182993,0.99825823,0.8,0.0,1.0,0.3267194330692291,-0.2367689,0.9697986,1.0010515,4.898587e-17,0.8,1.0,0.2913626432418823,-0.7559553,-0.030919867,0.99753964,-0.8,9.797174e-17,1.0,0.053870491683483124,-0.10988193,-0.79393184,0.9969265,-1.4695762e-16,-0.8,1.0,0.11009226739406586
2094,-0.004533266648650169,0,0.18341732025146484,inf,0.043509845,0.115962915,1.0034574,0.0,0.0,1.0,0.12390503287315369,1.0225174,-0.2457817,0.99825823,0.8,0.0,1.0,0.3315504193305969,-0.24010968,0.97258407,1.0010551,4.898587e-17,0.8,1.0,0.29570090770721436,-0.7557621,-0.031326037,0.99753547,-0.8,9.797174e-17,1.0,0.05426220968365669,-0.11146553,-0.7940236,0.9969229,-1.4695762e-16,-0.8,1.0,0.11166803538799286
2095,-0.004563922993838787,0,0.18603578209877014,inf,0.044235818,0.11769543,1.0034674,0.0,0.0,1.0,0.12578172981739044,1.025362,-0.24977005,0.99825823,0.8,0.0,1.0,0.336416631937027,-0.24347438,0.975393,1.0010586,4.898587e-17,0.8,1.0,0.30007264018058777,-0.7555727,-0.03173606,0.9975316,-0.8,9.797174e-17,1.0,0.054653991013765335,-0.11305912,-0.7941185,0.9969192,-1.4695762e-16,-0.8,1.0,0.11325390636920929
2096,-0.004595419391989708,0,0.18867316842079163,inf,0.04496809,0.119442336,1.0034773,0.0,0.0,1.0,0.1276741623878479,1.0282172,-0.25379497,0.9982584,0.8,0.0,1.0,0.3413180410861969,-0.246863,0.97822535,1.0010619,4.898587e-17,0.8,1.0,0.3044778108596802,-0.755387,-0.032149892,0.9975276,-0.8,9.797174e-17,1.0,0.055045876652002335,-0.114662744,-0.7942167,0.9969158,-1.4695762e-16,-0.8,1.0,0.11484991759061813
2097,-0.00462683429941535,0,0.19132943451404572,inf,0.04570662,0.12120361,1.0034871,0.0,0.0,1.0,0.12958228588104248,1.0310827,-0.25785658,0.99825853,0.8,0.0,1.0,0.3462546467781067,-0.2502755,0.9810812,1.0010653,4.898587e-17,0.8,1.0,0.3089164197444916,-0.7552052,-0.032567594,0.9975238,-0.8,9.797174e-17,1.0,0.0554378367960453,-0.1162763,-0.7943182,0.9969122,-1.4695762e-16,-0.8,1.0,0.11645598709583282
2098,-0.00465909531340003,0,0.1940045803785324,inf,0.04645143,0.12297933,1.0034968,0.0,0.0,1.0,0.13150618970394135,1.0339584,-0.26195484,0.9982588,0.8,0.0,1.0,0.3512263000011444,-0.25371185,0.98396045,1.0010685,4.898587e-17,0.8,1.0,0.3133884072303772,-0.75502723,-0.032989126,0.9975199,-0.8,9.797174e-17,1.0,0.055829957127571106,-0.11789982,-0.7944229,0.99690896,-1.4695762e-16,-0.8,1.0,0.11807212233543396
2099,-0.004691096488386393,0,0.19669859111309052,inf,0.047202483,0.124769434,1.0035062,0.0,0.0,1.0,0.13344579935073853,1.036844,-0.26608986,0.9982591,0.8,0.0,1.0,0.35623297095298767,-0.25717205,0.9868631,1.0010717,4.898587e-17,0.8,1.0,0.31789371371269226,-0.7548531,-0.033414546,0.9975162,-0.8,9.797174e-17,1.0,0.056222252547740936,-0.119533196,-0.79453105,0.99690545,-1.4695762e-16,-0.8,1.0,0.11969824880361557
2100,-0.004723949823528528,0,0.19941145181655884,inf,0.047959752,0.12657402,1.0035156,0.0,0.0,1.0,0.1354011744260788,1.0397394,-0.27026162,0.9982596,0.8,0.0,1.0,0.3612746000289917,-0.2606561,0.98978907,1.0010748,4.898587e-17,0.8,1.0,0.32243236899375916,-0.7546829,-0.03384381,0.99751246,-0.8,9.797174e-17,1.0,0.056614771485328674,-0.12117646,-0.79464245,0.99690235,-1.4695762e-16,-0.8,1.0,0.12133438885211945
2101,-0.004756737034767866,0,0.20214314758777618,inf,0.04872312,0.12839304,1.0035248,0.0,0.0,1.0,0.13737225532531738,1.0426444,-0.2744702,0.99826,0.8,0.0,1.0,0.3663512170314789,-0.26416388,0.9927384,1.0010779,4.898587e-17,0.8,1.0,0.3270043134689331,-0.75451666,-0.03427699,0.9975089,-0.8,9.797174e-17,1.0,0.057007480412721634,-0.122829504,-0.79475725,0.99689895,-1.4695762e-16,-0.8,1.0,0.12298044562339783
2102,-0.004790437873452902,0,0.20489367842674255,inf,0.049492568,0.13022657,1.003534,0.0,0.0,1.0,0.13935911655426025,1.0455588,-0.27871567,0.9982607,0.8,0.0,1.0,0.37146276235580444,-0.26769546,0.9957111,1.001081,4.898587e-17,0.8,1.0,0.33160948753356934,-0.7543543,-0.03471403,0.9975052,-0.8,9.797174e-17,1.0,0.05740051344037056,-0.12449238,-0.7948754,0.99689597,-1.4695762e-16,-0.8,1.0,0.12463647127151489
2103,-0.0048240781761705875,0,0.20766296982765198,inf,0.050267994,0.13207455,1.0035428,0.0,0.0,1.0,0.14136162400245667,1.0484824,-0.282998,0.9982613,0.8,0.0,1.0,0.37660905718803406,-0.27125075,0.9987071,1.001084,4.898587e-17,0.8,1.0,0.33624792098999023,-0.7541959,-0.035155,0.9975017,-0.8,9.797174e-17,1.0,0.05779385566711426,-0.12616496,-0.79499704,0.9968927,-1.4695762e-16,-0.8,1.0,0.1263023465871811
2104,-0.004858586937189102,0,0.21045103669166565,inf,0.051049396,0.13393708,1.0035517,0.0,0.0,1.0,0.14337989687919617,1.051415,-0.28731728,0.9982621,0.8,0.0,1.0,0.3817901611328125,-0.27482978,1.0017264,1.0010868,4.898587e-17,0.8,1.0,0.34091952443122864,-0.7540416,-0.035599854,0.9974981,-0.8,9.797174e-17,1.0,0.05818748474121094,-0.12784728,-0.795122,0.99688977,-1.4695762e-16,-0.8,1.0,0.1279781013727188
2105,-0.004893043078482151,0,0.21325786411762238,inf,0.051836677,0.13581409,1.0035603,0.0,0.0,1.0,0.1454138308763504,1.0543565,-0.2916735,0.9982629,0.8,0.0,1.0,0.387006014585495,-0.2784325,1.004769,1.0010897,4.898587e-17,0.8,1.0,0.34562429785728455,-0.7538913,-0.036048654,0.99749464,-0.8,9.797174e-17,1.0,0.05858153849840164,-0.12953927,-0.7952506,0.9968866,-1.4695762e-16,-0.8,1.0,0.12966369092464447
2106,-0.0049283746629953384,0,0.21608348190784454,inf,0.052629832,0.13770568,1.0035689,0.0,0.0,1.0,0.14746353030204773,1.0573065,-0.29606673,0.99826384,0.8,0.0,1.0,0.392256498336792,-0.28205886,1.0078348,1.0010924,4.898587e-17,0.8,1.0,0.35036221146583557,-0.75374496,-0.03650136,0.9974911,-0.8,9.797174e-17,1.0,0.05897604301571846,-0.1312409,-0.79538256,0.9968838,-1.4695762e-16,-0.8,1.0,0.13135908544063568
2107,-0.004963197745382786,0,0.21892781555652618,inf,0.053428765,0.13961178,1.0035772,0.0,0.0,1.0,0.1495288610458374,1.0602651,-0.30049703,0.99826485,0.8,0.0,1.0,0.39754167199134827,-0.2857089,1.0109239,1.001095,4.898587e-17,0.8,1.0,0.3551332652568817,-0.75360274,-0.03695803,0.9974878,-0.8,9.797174e-17,1.0,0.0593709871172905,-0.13295214,-0.7955181,0.99688077,-1.4695762e-16,-0.8,1.0,0.13306422531604767
2108,-0.004999353084713221,0,0.22179079055786133,inf,0.05423347,0.14153251,1.0035856,0.0,0.0,1.0,0.15160995721817017,1.0632318,-0.3049643,0.99826586,0.8,0.0,1.0,0.4028612971305847,-0.28938237,1.014036,1.0010976,4.898587e-17,0.8,1.0,0.35993722081184387,-0.75346464,-0.03741863,0.9974843,-0.8,9.797174e-17,1.0,0.05976640433073044,-0.13467297,-0.7956572,0.996878,-1.4695762e-16,-0.8,1.0,0.13477914035320282
2109,-0.005034931935369968,0,0.22467248141765594,inf,0.05504385,0.14346777,1.0035936,0.0,0.0,1.0,0.15370666980743408,1.0662067,-0.30946875,0.99826705,0.8,0.0,1.0,0.4082155227661133,-0.2930793,1.0171715,1.0011002,4.898587e-17,0.8,1.0,0.36477407813072205,-0.7533307,-0.03788322,0.99748105,-0.8,9.797174e-17,1.0,0.060162343084812164,-0.13640329,-0.79579985,0.99687505,-1.4695762e-16,-0.8,1.0,0.13650371134281158
2110,-0.0050717745907604694,0,0.22757279872894287,inf,0.055859905,0.14541768,1.0036017,0.0,0.0,1.0,0.1558191329240799,1.0691894,-0.3140103,0.99826825,0.8,0.0,1.0,0.41360417008399963,-0.29679942,1.0203302,1.0011026,4.898587e-17,0.8,1.0,0.3696437478065491,-0.7532009,-0.03835175,0.99747765,-0.8,9.797174e-17,1.0,0.06055887043476105,-0.13814317,-0.79594606,0.9968724,-1.4695762e-16,-0.8,1.0,0.13823802769184113
2111,-0.0051078107208013535,0,0.23049168288707733,inf,0.05668153,0.14738217,1.0036094,0.0,0.0,1.0,0.15794722735881805,1.0721798,-0.318589,0.9982696,0.8,0.0,1.0,0.419027179479599,-0.3005428,1.023512,1.0011051,4.898587e-17,0.8,1.0,0.3745461404323578,-0.75307524,-0.03882429,0.9974745,-0.8,9.797174e-17,1.0,0.06095603108406067,-0.13989246,-0.79609597,0.99686956,-1.4695762e-16,-0.8,1.0,0.1399819254875183
2112,-0.005145573522895575,0,0.2334292232990265,inf,0.057508733,0.14936124,1.0036173,0.0,0.0,1.0,0.16009096801280975,1.0751778,-0.32320487,0.998271,0.8,0.0,1.0,0.42448461055755615,-0.30430925,1.0267168,1.0011073,4.898587e-17,0.8,1.0,0.3794810175895691,-0.75295377,-0.039300796,0.99747115,-0.8,9.797174e-17,1.0,0.06135386601090431,-0.14165123,-0.79624945,0.996867,-1.4695762e-16,-0.8,1.0,0.1417355090379715
2113,-0.005182300694286823,0,0.23638522624969482,inf,0.05834141,0.15135488,1.0036248,0.0,0.0,1.0,0.16225029528141022,1.0781829,-0.32785797,0.99827254,0.8,0.0,1.0,0.4299762547016144,-0.30809876,1.0299449,1.0011097,4.898587e-17,0.8,1.0,0.3844486176967621,-0.7528366,-0.03978133,0.99746805,-0.8,9.797174e-17,1.0,0.061752356588840485,-0.14341936,-0.7964067,0.99686426,-1.4695762e-16,-0.8,1.0,0.14349862933158875
2114,-0.005220756866037846,0,0.2393597811460495,inf,0.05917957,0.15336308,1.0036324,0.0,0.0,1.0,0.16442520916461945,1.0811954,-0.3325483,0.99827415,0.8,0.0,1.0,0.43550220131874084,-0.31191114,1.0331961,1.0011119,4.898587e-17,0.8,1.0,0.3894485831260681,-0.75272363,-0.04026585,0.99746484,-0.8,9.797174e-17,1.0,0.062151603400707245,-0.14519688,-0.79656756,0.9968618,-1.4695762e-16,-0.8,1.0,0.14527134597301483
2115,-0.005258179735392332,0,0.24235281348228455,inf,0.060023107,0.15538585,1.0036396,0.0,0.0,1.0,0.16661567986011505,1.0842146,-0.33727592,0.9982759,0.8,0.0,1.0,0.4410622715950012,-0.31574643,1.0364703,1.0011141,4.898587e-17,0.8,1.0,0.39448097348213196,-0.752615,-0.04075442,0.99746174,-0.8,9.797174e-17,1.0,0.06255163997411728,-0.1469837,-0.7967321,0.99685913,-1.4695762e-16,-0.8,1.0,0.1470535695552826
2116,-0.005297338590025902,0,0.24536430835723877,inf,0.060872026,0.15742318,1.003647,0.0,0.0,1.0,0.16882169246673584,1.0872406,-0.34204078,0.9982776,0.8,0.0,1.0,0.4466564655303955,-0.31960446,1.0397675,1.0011162,4.898587e-17,0.8,1.0,0.3995456099510193,-0.7525106,-0.041247,0.9974586,-0.8,9.797174e-17,1.0,0.06295249611139297,-0.14877984,-0.7969005,0.9968568,-1.4695762e-16,-0.8,1.0,0.14884531497955322
2117,-0.0053354366682469845,0,0.24839425086975098,inf,0.06172622,0.15947506,1.0036539,0.0,0.0,1.0,0.17104318737983704,1.0902731,-0.34684297,0.9982795,0.8,0.0,1.0,0.4522847533226013,-0.3234852,1.043088,1.0011183,4.898587e-17,0.8,1.0,0.40464264154434204,-0.7524106,-0.041743647,0.99745554,-0.8,9.797174e-17,1.0,0.06335423141717911,-0.1505852,-0.79707265,0.9968542,-1.4695762e-16,-0.8,1.0,0.15064650774002075
2118,-0.005375085864216089,0,0.2514426112174988,inf,0.062585704,0.1615415,1.003661,0.0,0.0,1.0,0.17328020930290222,1.093312,-0.35168248,0.9982814,0.8,0.0,1.0,0.4579470157623291,-0.3273885,1.0464313,1.0011202,4.898587e-17,0.8,1.0,0.40977171063423157,-0.7523149,-0.042244326,0.99745244,-0.8,9.797174e-17,1.0,0.06375689059495926,-0.15239982,-0.79724854,0.996852,-1.4695762e-16,-0.8,1.0,0.15245716273784637
2119,-0.005413633771240711,0,0.2545093297958374,inf,0.063450366,0.1636225,1.0036678,0.0,0.0,1.0,0.17553268373012543,1.0963571,-0.35655934,0.9982835,0.8,0.0,1.0,0.46364322304725647,-0.33131436,1.0497977,1.0011224,4.898587e-17,0.8,1.0,0.41493290662765503,-0.7522236,-0.042749096,0.99744946,-0.8,9.797174e-17,1.0,0.0641605406999588,-0.15422359,-0.7974283,0.9968495,-1.4695762e-16,-0.8,1.0,0.15427720546722412
2120,-0.005453838966786861,0,0.25759437680244446,inf,0.06432023,0.16571805,1.0036749,0.0,0.0,1.0,0.17780064046382904,1.0994083,-0.3614734,0.99828553,0.8,0.0,1.0,0.46937328577041626,-0.33526263,1.0531869,1.0011241,4.898587e-17,0.8,1.0,0.4201260507106781,-0.75213677,-0.04325792,0.9974464,-0.8,9.797174e-17,1.0,0.06456515192985535,-0.15605655,-0.7976119,0.9968474,-1.4695762e-16,-0.8,1.0,0.15610666573047638
2121,-0.005492943339049816,0,0.26069772243499756,inf,0.06519516,0.16782811,1.0036813,0.0,0.0,1.0,0.1800839602947235,1.1024652,-0.36642486,0.99828774,0.8,0.0,1.0,0.4751371145248413,-0.3392333,1.0565993,1.0011262,4.898587e-17,0.8,1.0,0.42535126209259033,-0.7520543,-0.043770853,0.99744344,-0.8,9.797174e-17,1.0,0.06497089564800262,-0.15789859,-0.7977994,0.996845,-1.4695762e-16,-0.8,1.0,0.1579454392194748
2122,-0.005533706396818161,0,0.2638193666934967,inf,0.06607519,0.16995274,1.0036881,0.0,0.0,1.0,0.182382732629776,1.1055278,-0.3714135,0.9982899,0.8,0.0,1.0,0.48093461990356445,-0.3432262,1.0600345,1.0011278,4.898587e-17,0.8,1.0,0.43060821294784546,-0.7519763,-0.044287864,0.99744046,-0.8,9.797174e-17,1.0,0.06537768989801407,-0.15974976,-0.7979908,0.996843,-1.4695762e-16,-0.8,1.0,0.15979358553886414
2123,-0.00557337049394846,0,0.2669592499732971,inf,0.0669602,0.17209187,1.0036944,0.0,0.0,1.0,0.18469685316085815,1.1085958,-0.37643945,0.99829227,0.8,0.0,1.0,0.4867658317089081,-0.34724134,1.0634927,1.0011297,4.898587e-17,0.8,1.0,0.43589702248573303,-0.7519028,-0.044809006,0.99743754,-0.8,9.797174e-17,1.0,0.06578566133975983,-0.16160993,-0.7981861,0.99684066,-1.4695762e-16,-0.8,1.0,0.16165098547935486
2124,-0.005614623427391052,0,0.2701173722743988,inf,0.06785021,0.17424555,1.0037011,0.0,0.0,1.0,0.18702636659145355,1.1116692,-0.38150254,0.9982946,0.8,0.0,1.0,0.4926304519176483,-0.3512785,1.0669738,1.0011314,4.898587e-17,0.8,1.0,0.4412175118923187,-0.7518338,-0.04533425,0.99743456,-0.8,9.797174e-17,1.0,0.06619486212730408,-0.16347915,-0.7983854,0.99683875,-1.4695762e-16,-0.8,1.0,0.16351768374443054
2125,-0.005654776468873024,0,0.273293673992157,inf,0.0687451,0.17641374,1.0037072,0.0,0.0,1.0,0.18937116861343384,1.1147478,-0.38660294,0.9982971,0.8,0.0,1.0,0.49852871894836426,-0.3553378,1.0704777,1.0011332,4.898587e-17,0.8,1.0,0.44656962156295776,-0.7517693,-0.045863647,0.99743176,-0.8,9.797174e-17,1.0,0.0666053369641304,-0.1653573,-0.7985886,0.99683654,-1.4695762e-16,-0.8,1.0,0.16539359092712402
2126,-0.005696593318134546,0,0.27648812532424927,inf,0.06964489,0.17859647,1.0037136,0.0,0.0,1.0,0.1917313188314438,1.1178312,-0.39174044,0.99829954,0.8,0.0,1.0,0.5044602751731873,-0.35941896,1.0740045,1.0011348,4.898587e-17,0.8,1.0,0.4519532322883606,-0.7517094,-0.046397164,0.99742883,-0.8,9.797174e-17,1.0,0.0670170933008194,-0.16724445,-0.79879576,0.9968347,-1.4695762e-16,-0.8,1.0,0.1672787368297577
2127,-0.005737311206758022,0,0.27970072627067566,inf,0.070549466,0.18079369,1.0037196,0.0,0.0,1.0,0.19410672783851624,1.1209196,-0.39691517,0.99830216,0.8,0.0,1.0,0.5104252696037292,-0.36352202,1.0775542,1.0011365,4.898587e-17,0.8,1.0,0.4573684632778168,-0.7516541,-0.04693486,0.99742603,-0.8,9.797174e-17,1.0,0.06743022054433823,-0.16914044,-0.7990069,0.9968326,-1.4695762e-16,-0.8,1.0,0.16917301714420319
2128,-0.0057796938344836235,0,0.282931387424469,inf,0.07145884,0.18300542,1.0037259,0.0,0.0,1.0,0.19649741053581238,1.1240125,-0.402127,0.9983047,0.8,0.0,1.0,0.5164233446121216,-0.3676468,1.0811268,1.001138,4.898587e-17,0.8,1.0,0.4628150463104248,-0.75160336,-0.0474767,0.9974233,-0.8,9.797174e-17,1.0,0.06784476339817047,-0.17104533,-0.79922193,0.9968309,-1.4695762e-16,-0.8,1.0,0.1710764616727829
2129,-0.005820979364216328,0,0.28618016839027405,inf,0.072372906,0.18523166,1.0037316,0.0,0.0,1.0,0.19890330731868744,1.1271099,-0.407376,0.99830747,0.8,0.0,1.0,0.5224547386169434,-0.37179336,1.084722,1.0011396,4.898587e-17,0.8,1.0,0.46829289197921753,-0.7515573,-0.048022743,0.99742055,-0.8,9.797174e-17,1.0,0.06826078146696091,-0.172959,-0.79944104,0.99682885,-1.4695762e-16,-0.8,1.0,0.17298896610736847
2130,-0.005863931030035019,0,0.2894468903541565,inf,0.07329168,0.18747242,1.0037378,0.0,0.0,1.0,0.2013244926929474,1.1302115,-0.412662,0.99831015,0.8,0.0,1.0,0.5285190343856812,-0.37596145,1.0883402,1.0011411,4.898587e-17,0.8,1.0,0.47380203008651733,-0.75151587,-0.04857295,0.99741787,-0.8,9.797174e-17,1.0,0.06867831945419312,-0.17488149,-0.799664,0.9968272,-1.4695762e-16,-0.8,1.0,0.17491059005260468
2131,-0.0059057860635221004,0,0.29273170232772827,inf,0.07421505,0.18972765,1.0037435,0.0,0.0,1.0,0.20376081764698029,1.1333174,-0.41798514,0.998313,0.8,0.0,1.0,0.5346165299415588,-0.38015115,1.091981,1.0011427,4.898587e-17,0.8,1.0,0.47934240102767944,-0.7514791,-0.04912738,0.9974152,-0.8,9.797174e-17,1.0,0.06909747421741486,-0.17681268,-0.799891,0.9968253,-1.4695762e-16,-0.8,1.0,0.17684121429920197
2132,-0.005949309095740318,0,0.29603442549705505,inf,0.075143024,0.1919974,1.0037497,0.0,0.0,1.0,0.2062123566865921,1.136427,-0.4233453,0.99831575,0.8,0.0,1.0,0.5407469272613525,-0.38436225,1.0956446,1.001144,4.898587e-17,0.8,1.0,0.48491376638412476,-0.7514471,-0.049686003,0.9974126,-0.8,9.797174e-17,1.0,0.06951820105314255,-0.17875262,-0.8001219,0.99682367,-1.4695762e-16,-0.8,1.0,0.17878086864948273
2133,-0.005991736426949501,0,0.2993551194667816,inf,0.07607549,0.19428161,1.0037553,0.0,0.0,1.0,0.20867900550365448,1.1395406,-0.4287425,0.9983187,0.8,0.0,1.0,0.5469101667404175,-0.38859475,1.099331,1.0011457,4.898587e-17,0.8,1.0,0.4905163049697876,-0.7514198,-0.050248876,0.99741006,-0.8,9.797174e-17,1.0,0.06994065642356873,-0.18070118,-0.8003568,0.99682176,-1.4695762e-16,-0.8,1.0,0.18072949349880219
2134,-0.006035832222551107,0,0.3026936948299408,inf,0.07701247,0.19658034,1.0037614,0.0,0.0,1.0,0.2111608386039734,1.1426576,-0.43417665,0.99832153,0.8,0.0,1.0,0.5531061887741089,-0.39284846,1.10304,1.001147,4.898587e-17,0.8,1.0,0.49614962935447693,-0.7513972,-0.05081596,0.99740756,-0.8,9.797174e-17,1.0,0.07036488503217697,-0.1826584,-0.8005957,0.9968203,-1.4695762e-16,-0.8,1.0,0.18268704414367676
2135,-0.006078833248466253,0,0.306050181388855,inf,0.077953845,0.1988935,1.0037669,0.0,0.0,1.0,0.2136577069759369,1.1457781,-0.4396478,0.99832463,0.8,0.0,1.0,0.5593348145484924,-0.39712346,1.1067717,1.0011486,4.898587e-17,0.8,1.0,0.5018139481544495,-0.75137943,-0.051387314,0.99740505,-0.8,9.797174e-17,1.0,0.07079089432954788,-0.18462418,-0.80083853,0.9968185,-1.4695762e-16,-0.8,1.0,0.18465350568294525
2136,-0.006123505532741547,0,0.309424489736557,inf,0.07889963,0.20122117,1.003773,0.0,0.0,1.0,0.21616971492767334,1.1489018,-0.44515583,0.99832755,0.8,0.0,1.0,0.5655961632728577,-0.40141952,1.1105261,1.0011499,4.898587e-17,0.8,1.0,0.5075089931488037,-0.75136644,-0.051962905,0.9974026,-0.8,9.797174e-17,1.0,0.07121878117322922,-0.18659854,-0.80108535,0.99681705,-1.4695762e-16,-0.8,1.0,0.18662884831428528
2137,-0.006167083978652954,0,0.3128166198730469,inf,0.07984972,0.20356327,1.0037783,0.0,0.0,1.0,0.218696728348732,1.1520287,-0.45070082,0.9983307,0.8,0.0,1.0,0.5718900561332703,-0.40573665,1.1143032,1.0011514,4.898587e-17,0.8,1.0,0.5132349133491516,-0.75135833,-0.052542794,0.9974002,-0.8,9.797174e-17,1.0,0.07164856791496277,-0.18858136,-0.80133617,0.9968153,-1.4695762e-16,-0.8,1.0,0.18861298263072968
2138,-0.006212356500327587,0,0.3162265419960022,inf,0.080804124,0.20591986,1.0037843,0.0,0.0,1.0,0.22123882174491882,1.1551584,-0.45628262,0.9983338,0.8,0.0,1.0,0.5782163143157959,-0.41007468,1.1181028,1.0011528,4.898587e-17,0.8,1.0,0.5189912915229797,-0.75135505,-0.053126942,0.9973979,-0.8,9.797174e-17,1.0,0.0720803365111351,-0.19057271,-0.8015909,0.99681395,-1.4695762e-16,-0.8,1.0,0.19060596823692322
2139,-0.00625660689547658,0,0.31965428590774536,inf,0.08176274,0.20829089,1.0037897,0.0,0.0,1.0,0.22379589080810547,1.158291,-0.4619013,0.99833703,0.8,0.0,1.0,0.5845750570297241,-0.41443366,1.1219251,1.0011542,4.898587e-17,0.8,1.0,0.5247783660888672,-0.7513566,-0.053715408,0.9973956,-0.8,9.797174e-17,1.0,0.07251419872045517,-0.19257244,-0.80184966,0.99681234,-1.4695762e-16,-0.8,1.0,0.19260771572589874
2140,-0.006302528083324432,0,0.32309967279434204,inf,0.08272559,0.21067639,1.0037955,0.0,0.0,1.0,0.2263679951429367,1.1614261,-0.46755674,0.99834025,0.8,0.0,1.0,0.5909660458564758,-0.41881335,1.1257699,1.0011554,4.898587e-17,0.8,1.0,0.5305958390235901,-0.7513631,-0.054308165,0.99739337,-0.8,9.797174e-17,1.0,0.07295012474060059,-0.19458061,-0.80211234,0.99681103,-1.4695762e-16,-0.8,1.0,0.19461821019649506
2141,-0.006347360089421272,0,0.326562762260437,inf,0.08369257,0.2130763,1.0038007,0.0,0.0,1.0,0.22895501554012299,1.1645635,-0.473249,0.9983436,0.8,0.0,1.0,0.5973892211914062,-0.4232138,1.1296374,1.0011569,4.898587e-17,0.8,1.0,0.5364438891410828,-0.75137454,-0.054905258,0.9973911,-0.8,9.797174e-17,1.0,0.07338821142911911,-0.19659711,-0.8023791,0.9968095,-1.4695762e-16,-0.8,1.0,0.19663740694522858
2142,-0.006393864750862122,0,0.3300434947013855,inf,0.08466371,0.21549068,1.0038065,0.0,0.0,1.0,0.23155704140663147,1.1677032,-0.47897795,0.99834687,0.8,0.0,1.0,0.6038445234298706,-0.4276348,1.1335274,1.001158,4.898587e-17,0.8,1.0,0.5423222184181213,-0.7513909,-0.055506665,0.99738896,-0.8,9.797174e-17,1.0,0.0738285556435585,-0.19862196,-0.80264974,0.9968083,-1.4695762e-16,-0.8,1.0,0.19866527616977692
2143,-0.006439280230551958,0,0.33354195952415466,inf,0.0856389,0.21791947,1.0038117,0.0,0.0,1.0,0.2341739684343338,1.170845,-0.48474365,0.9983503,0.8,0.0,1.0,0.6103320121765137,-0.43207642,1.1374401,1.0011594,4.898587e-17,0.8,1.0,0.5482309460639954,-0.7514122,-0.056112442,0.9973868,-0.8,9.797174e-17,1.0,0.07427118718624115,-0.20065504,-0.8029244,0.99680686,-1.4695762e-16,-0.8,1.0,0.2007017582654953
2144,-0.006486369296908379,0,0.33705800771713257,inf,0.08661818,0.22036272,1.0038173,0.0,0.0,1.0,0.23680585622787476,1.1739887,-0.49054596,0.9983537,0.8,0.0,1.0,0.6168513298034668,-0.43653846,1.1413753,1.0011605,4.898587e-17,0.8,1.0,0.5541698932647705,-0.75143856,-0.05672255,0.9973848,-0.8,9.797174e-17,1.0,0.07471614331007004,-0.20269641,-0.80320305,0.9968057,-1.4695762e-16,-0.8,1.0,0.20274688303470612
2145,-0.0065323710441589355,0,0.3405917286872864,inf,0.087601416,0.22282037,1.0038224,0.0,0.0,1.0,0.23945258557796478,1.177134,-0.49638495,0.99835736,0.8,0.0,1.0,0.6234025955200195,-0.4410209,1.1453333,1.0011618,4.898587e-17,0.8,1.0,0.5601391196250916,-0.7514699,-0.057337053,0.99738264,-0.8,9.797174e-17,1.0,0.07516354322433472,-0.20474595,-0.80348575,0.99680436,-1.4695762e-16,-0.8,1.0,0.2048005610704422
2146,-0.006580098066478968,0,0.3441428542137146,inf,0.08858866,0.22529247,1.003828,0.0,0.0,1.0,0.24211424589157104,1.1802809,-0.50226045,0.9983609,0.8,0.0,1.0,0.6299855709075928,-0.4455236,1.1493137,1.0011629,4.898587e-17,0.8,1.0,0.5661383867263794,-0.7515063,-0.057955913,0.99738073,-0.8,9.797174e-17,1.0,0.07561339437961578,-0.20680368,-0.80377233,0.99680334,-1.4695762e-16,-0.8,1.0,0.20686279237270355
2147,-0.0066267880611121655,0,0.34771162271499634,inf,0.08957981,0.22777897,1.003833,0.0,0.0,1.0,0.244790717959404,1.1834294,-0.5081726,0.99836457,0.8,0.0,1.0,0.6366004347801208,-0.45004657,1.1533169,1.0011642,4.898587e-17,0.8,1.0,0.5721678137779236,-0.7515478,-0.05857919,0.9973787,-0.8,9.797174e-17,1.0,0.07606581598520279,-0.2088695,-0.80406296,0.99680203,-1.4695762e-16,-0.8,1.0,0.208933487534523
2148,-0.006675397977232933,0,0.35129791498184204,inf,0.09057492,0.23027991,1.0038385,0.0,0.0,1.0,0.2474820911884308,1.1865789,-0.5141212,0.99836814,0.8,0.0,1.0,0.6432467699050903,-0.4545896,1.1573426,1.0011652,4.898587e-17,0.8,1.0,0.5782272815704346,-0.75159436,-0.05920686,0.9973768,-0.8,9.797174e-17,1.0,0.07652084529399872,-0.21094345,-0.8043576,0.9968011,-1.4695762e-16,-0.8,1.0,0.21101269125938416
2149,-0.006722961086779833,0,0.3549017310142517,inf,0.09157389,0.23279522,1.0038434,0.0,0.0,1.0,0.25018826127052307,1.1897296,-0.52010626,0.9983719,0.8,0.0,1.0,0.6499248147010803,-0.45915276,1.161391,1.0011665,4.898587e-17,0.8,1.0,0.5843167304992676,-0.75164604,-0.059838966,0.9973749,-0.8,9.797174e-17,1.0,0.07697856426239014,-0.2130254,-0.8046562,0.9967999,-1.4695762e-16,-0.8,1.0,0.21310031414031982
2150,-0.00677220243960619,0,0.35852301120758057,inf,0.092576765,0.23532498,1.0038489,0.0,0.0,1.0,0.2529093027114868,1.1928811,-0.52612776,0.99837554,0.8,0.0,1.0,0.6566343307495117,-0.46373585,1.1654619,1.0011674,4.898587e-17,0.8,1.0,0.5904360413551331,-0.7517029,-0.060475484,0.9973731,-0.8,9.797174e-17,1.0,0.07743898034095764,-0.21511541,-0.8049588,0.996799,-1.4695762e-16,-0.8,1.0,0.2151963710784912
2151,-0.006820359732955694,0,0.3621617257595062,inf,0.093583465,0.23786911,1.0038538,0.0,0.0,1.0,0.25564512610435486,1.1960334,-0.53218573,0.99837935,0.8,0.0,1.0,0.6633752584457397,-0.46833885,1.1695555,1.0011686,4.898587e-17,0.8,1.0,0.596585214138031,-0.7517649,-0.06111647,0.99737126,-0.8,9.797174e-17,1.0,0.07790224254131317,-0.21721336,-0.8052655,0.9967978,-1.4695762e-16,-0.8,1.0,0.21730077266693115
2152,-0.006870196666568518,0,0.3658178746700287,inf,0.094594024,0.24042767,1.0038593,0.0,0.0,1.0,0.258395791053772,1.1991863,-0.53828007,0.99838305,0.8,0.0,1.0,0.6701475381851196,-0.47296163,1.1736717,1.0011694,4.898587e-17,0.8,1.0,0.6027641296386719,-0.75183207,-0.06176189,0.9973696,-0.8,9.797174e-17,1.0,0.07836836576461792,-0.21931927,-0.8055761,0.996797,-1.4695762e-16,-0.8,1.0,0.21941351890563965
2153,-0.006918952334672213,0,0.36949148774147034,inf,0.09560836,0.24300061,1.0038642,0.0,0.0,1.0,0.2611612379550934,1.2023398,-0.54441077,0.9983869,0.8,0.0,1.0,0.6769512295722961,-0.47760418,1.1778107,1.0011706,4.898587e-17,0.8,1.0,0.6089729070663452,-0.7519044,-0.062411807,0.9973678,-0.8,9.797174e-17,1.0,0.07883747667074203,-0.22143304,-0.80589074,0.9967959,-1.4695762e-16,-0.8,1.0,0.22153455018997192
2154,-0.0069693876430392265,0,0.373182475566864,inf,0.09662652,0.24558797,1.0038695,0.0,0.0,1.0,0.2639414966106415,1.2054935,-0.5505777,0.9983907,0.8,0.0,1.0,0.6837860345840454,-0.4822663,1.1819721,1.0011715,4.898587e-17,0.8,1.0,0.6152112483978271,-0.7519821,-0.063066185,0.99736625,-0.8,9.797174e-17,1.0,0.07930952310562134,-0.22355472,-0.8062094,0.9967952,-1.4695762e-16,-0.8,1.0,0.22366389632225037
2155,-0.007018743082880974,0,0.3768908381462097,inf,0.097648405,0.2481897,1.0038743,0.0,0.0,1.0,0.2667364776134491,1.2086474,-0.55678105,0.9983946,0.8,0.0,1.0,0.6906521320343018,-0.48694807,1.1861563,1.0011727,4.898587e-17,0.8,1.0,0.6214792728424072,-0.75206494,-0.063725084,0.9973646,-0.8,9.797174e-17,1.0,0.07978472858667374,-0.22568418,-0.806532,0.99679416,-1.4695762e-16,-0.8,1.0,0.22580145299434662
2156,-0.007069780025631189,0,0.3806164860725403,inf,0.09867407,0.25080585,1.0038797,0.0,0.0,1.0,0.2695463001728058,1.2118012,-0.5630205,0.9983984,0.8,0.0,1.0,0.6975491642951965,-0.49164927,1.1903629,1.0011734,4.898587e-17,0.8,1.0,0.6277766823768616,-0.7521531,-0.06438847,0.9973631,-0.8,9.797174e-17,1.0,0.08026304095983505,-0.22782145,-0.80685866,0.9967935,-1.4695762e-16,-0.8,1.0,0.22794722020626068
2157,-0.0071197375655174255,0,0.3843595087528229,inf,0.0997034,0.25343636,1.0038844,0.0,0.0,1.0,0.2723707854747772,1.2149549,-0.56929624,0.9984025,0.8,0.0,1.0,0.7044773101806641,-0.4963699,1.1945924,1.0011744,4.898587e-17,0.8,1.0,0.6341037750244141,-0.7522466,-0.065056406,0.99736154,-0.8,9.797174e-17,1.0,0.08074456453323364,-0.22996643,-0.80718935,0.99679255,-1.4695762e-16,-0.8,1.0,0.23010113835334778
2158,-0.0071713789366185665,0,0.3881198763847351,inf,0.10073648,0.25608125,1.0038897,0.0,0.0,1.0,0.27521005272865295,1.2181083,-0.5756081,0.9984064,0.8,0.0,1.0,0.7114364504814148,-0.5011098,1.1988443,1.0011752,4.898587e-17,0.8,1.0,0.6404601335525513,-0.7523454,-0.06572886,0.9973602,-0.8,9.797174e-17,1.0,0.08122939616441727,-0.23211916,-0.807524,0.996792,-1.4695762e-16,-0.8,1.0,0.2322632223367691
2159,-0.00722194230183959,0,0.3918974995613098,inf,0.10177319,0.2587405,1.0038943,0.0,0.0,1.0,0.2780640423297882,1.2212613,-0.58195615,0.9984105,0.8,0.0,1.0,0.7184264063835144,-0.505869,1.203119,1.0011761,4.898587e-17,0.8,1.0,0.6468459963798523,-0.7524496,-0.06640588,0.9973588,-0.8,9.797174e-17,1.0,0.08171756565570831,-0.23427951,-0.80786276,0.9967912,-1.4695762e-16,-0.8,1.0,0.2344333678483963
2160,-0.007274115923792124,0,0.395692378282547,inf,0.10281358,0.26141417,1.0038996,0.0,0.0,1.0,0.280932754278183,1.2244136,-0.5883402,0.9984145,0.8,0.0,1.0,0.7254472374916077,-0.5106473,1.2074163,1.0011767,4.898587e-17,0.8,1.0,0.653261125087738,-0.75255907,-0.06708744,0.99735767,-0.8,9.797174e-17,1.0,0.08220918476581573,-0.23644753,-0.8082055,0.9967907,-1.4695762e-16,-0.8,1.0,0.23661163449287415
2161,-0.007325211074203253,0,0.39950451254844666,inf,0.10385756,0.2641022,1.0039041,0.0,0.0,1.0,0.2838161289691925,1.2275652,-0.5947604,0.99841875,0.8,0.0,1.0,0.7324987053871155,-0.5154447,1.2117362,1.0011777,4.898587e-17,0.8,1.0,0.6597054600715637,-0.752674,-0.0677736,0.99735636,-0.8,9.797174e-17,1.0,0.08270430564880371,-0.23862311,-0.80855227,0.99678993,-1.4695762e-16,-0.8,1.0,0.23879790306091309
2162,-0.007377992384135723,0,0.403333842754364,inf,0.10490519,0.26680458,1.0039092,0.0,0.0,1.0,0.28671425580978394,1.2307159,-0.6012165,0.99842286,0.8,0.0,1.0,0.7395808696746826,-0.52026105,1.2160788,1.0011781,4.898587e-17,0.8,1.0,0.6661790013313293,-0.75279427,-0.06846432,0.9973554,-0.8,9.797174e-17,1.0,0.08320300281047821,-0.24080628,-0.80890304,0.9967896,-1.4695762e-16,-0.8,1.0,0.24099218845367432
2163,-0.0074296980164945126,0,0.40718045830726624,inf,0.10595635,0.26952133,1.0039138,0.0,0.0,1.0,0.2896270155906677,1.2338654,-0.6077087,0.99842715,0.8,0.0,1.0,0.7466937303543091,-0.52509636,1.220444,1.001179,4.898587e-17,0.8,1.0,0.6726817488670349,-0.7529199,-0.06915963,0.9973542,-0.8,9.797174e-17,1.0,0.08370538055896759,-0.24299693,-0.80925786,0.99678886,-1.4695762e-16,-0.8,1.0,0.24319443106651306
2164,-0.007483089808374643,0,0.4110442101955414,inf,0.107011124,0.27225244,1.0039188,0.0,0.0,1.0,0.29255449771881104,1.2370138,-0.61423665,0.9984314,0.8,0.0,1.0,0.7538369297981262,-0.52995044,1.2248317,1.0011795,4.898587e-17,0.8,1.0,0.6792134046554565,-0.7530509,-0.06985952,0.9973534,-0.8,9.797174e-17,1.0,0.08421148359775543,-0.2451951,-0.8096167,0.9967886,-1.4695762e-16,-0.8,1.0,0.24540463089942932
2165,-0.00753540825098753,0,0.41492509841918945,inf,0.10806939,0.27499786,1.0039233,0.0,0.0,1.0,0.29549655318260193,1.2401608,-0.6208006,0.9984358,0.8,0.0,1.0,0.7610107660293579,-0.5348233,1.2292422,1.0011802,4.898587e-17,0.8,1.0,0.6857741475105286,-0.7531873,-0.07056402,0.99735236,-0.8,9.797174e-17,1.0,0.08472143113613129,-0.24740067,-0.8099796,0.996788,-1.4695762e-16,-0.8,1.0,0.24762269854545593
2166,-0.007589413318783045,0,0.4188231825828552,inf,0.1091312,0.2777577,1.0039282,0.0,0.0,1.0,0.29845333099365234,1.2433063,-0.62740034,0.9984401,0.8,0.0,1.0,0.7682148218154907,-0.5397148,1.2336752,1.0011806,4.898587e-17,0.8,1.0,0.6923638582229614,-0.75332904,-0.071273096,0.9973516,-0.8,9.797174e-17,1.0,0.08523525297641754,-0.24961367,-0.8103465,0.9967878,-1.4695762e-16,-0.8,1.0,0.24984866380691528
2167,-0.007642345502972603,0,0.4227384030818939,inf,0.11019647,0.28053182,1.0039325,0.0,0.0,1.0,0.30142468214035034,1.2464501,-0.6340359,0.99844456,0.8,0.0,1.0,0.775449275970459,-0.544625,1.238131,1.0011812,4.898587e-17,0.8,1.0,0.6989825367927551,-0.75347614,-0.0719868,0.99735063,-0.8,9.797174e-17,1.0,0.08575306832790375,-0.251834,-0.81071746,0.9967873,-1.4695762e-16,-0.8,1.0,0.2520824074745178
2168,-0.007697087246924639,0,0.426670640707016,inf,0.11126525,0.28332034,1.0039374,0.0,0.0,1.0,0.3044106960296631,1.2495921,-0.64070714,0.9984489,0.8,0.0,1.0,0.7827138900756836,-0.5495536,1.2426094,1.0011816,4.898587e-17,0.8,1.0,0.7056299448013306,-0.7536286,-0.072705105,0.9973499,-0.8,9.797174e-17,1.0,0.08627492189407349,-0.2540617,-0.81109244,0.99678713,-1.4695762e-16,-0.8,1.0,0.2543240189552307
2169,-0.007750756572932005,0,0.43062010407447815,inf,0.112337455,0.28612316,1.0039415,0.0,0.0,1.0,0.3074112832546234,1.252732,-0.64741415,0.99845344,0.8,0.0,1.0,0.7900087237358093,-0.55450064,1.2471104,1.0011823,4.898587e-17,0.8,1.0,0.7123061418533325,-0.75378644,-0.073428035,0.997349,-0.8,9.797174e-17,1.0,0.08680091053247452,-0.2562967,-0.8114715,0.9967867,-1.4695762e-16,-0.8,1.0,0.2565734088420868
2170,-0.007806115783751011,0,0.4345865249633789,inf,0.11341317,0.28894034,1.0039463,0.0,0.0,1.0,0.3104265332221985,1.2558699,-0.6541567,0.9984579,0.8,0.0,1.0,0.7973334789276123,-0.55946594,1.251634,1.0011826,4.898587e-17,0.8,1.0,0.7190109491348267,-0.75394964,-0.074155584,0.9973484,-0.8,9.797174e-17,1.0,0.08733108639717102,-0.25853896,-0.81185454,0.99678665,-1.4695762e-16,-0.8,1.0,0.25883054733276367
2171,-0.007860401645302773,0,0.4385700821876526,inf,0.11449233,0.29177183,1.0039504,0.0,0.0,1.0,0.31345638632774353,1.2590055,-0.6609349,0.9984625,0.8,0.0,1.0,0.8046884536743164,-0.5644496,1.2561803,1.0011832,4.898587e-17,0.8,1.0,0.7257446050643921,-0.7541182,-0.074887775,0.9973476,-0.8,9.797174e-17,1.0,0.08786554634571075,-0.2607885,-0.8122417,0.99678636,-1.4695762e-16,-0.8,1.0,0.26109543442726135
2172,-0.007916378788650036,0,0.44257062673568726,inf,0.115574986,0.2946177,1.0039549,0.0,0.0,1.0,0.31650087237358093,1.2621387,-0.6677487,0.998467,0.8,0.0,1.0,0.8120731711387634,-0.5694514,1.2607491,1.0011834,4.898587e-17,0.8,1.0,0.7325066924095154,-0.7542921,-0.075624585,0.99734706,-0.8,9.797174e-17,1.0,0.08840436488389969,-0.26304528,-0.81263286,0.9967863,-1.4695762e-16,-0.8,1.0,0.26336807012557983
2173,-0.007971629500389099,0,0.44658827781677246,inf,0.11666109,0.29747787,1.003959,0.0,0.0,1.0,0.3195599615573883,1.2652693,-0.6745979,0.99847174,0.8,0.0,1.0,0.8194877505302429,-0.57447135,1.2653407,1.0011839,4.898587e-17,0.8,1.0,0.7392974495887756,-0.7544713,-0.07636605,0.9973463,-0.8,9.797174e-17,1.0,0.08894762396812439,-0.26530927,-0.81302804,0.99678606,-1.4695762e-16,-0.8,1.0,0.26564839482307434
2174,-0.008027659729123116,0,0.4506228566169739,inf,0.11775069,0.30035236,1.0039632,0.0,0.0,1.0,0.32263365387916565,1.2683973,-0.6814827,0.9984763,0.8,0.0,1.0,0.8269323110580444,-0.57950926,1.2699549,1.0011841,4.898587e-17,0.8,1.0,0.7461166381835938,-0.7546559,-0.07711215,0.9973457,-0.8,9.797174e-17,1.0,0.08949535340070724,-0.2675805,-0.81342727,0.9967861,-1.4695762e-16,-0.8,1.0,0.26793643832206726
2175,-0.008083535358309746,0,0.45467454195022583,inf,0.11884375,0.30324125,1.0039676,0.0,0.0,1.0,0.3257220387458801,1.2715225,-0.6884028,0.998481,0.8,0.0,1.0,0.8344064950942993,-0.58456516,1.2745917,1.0011847,4.898587e-17,0.8,1.0,0.7529642581939697,-0.7548458,-0.077862926,0.997345,-0.8,9.797174e-17,1.0,0.0900476947426796,-0.2698589,-0.8138305,0.99678594,-1.4695762e-16,-0.8,1.0,0.2702321708202362
2176,-0.008140642195940018,0,0.458743155002594,inf,0.1199403,0.30614442,1.0039717,0.0,0.0,1.0,0.3288249671459198,1.2746449,-0.6953581,0.9984857,0.8,0.0,1.0,0.8419102430343628,-0.589639,1.2792512,1.001185,4.898587e-17,0.8,1.0,0.7598403096199036,-0.75504106,-0.07861834,0.99734443,-0.8,9.797174e-17,1.0,0.09060464799404144,-0.27214444,-0.81423783,0.9967858,-1.4695762e-16,-0.8,1.0,0.2725355923175812
2177,-0.00819714181125164,0,0.46282872557640076,inf,0.121040314,0.3090619,1.0039756,0.0,0.0,1.0,0.33194249868392944,1.2777642,-0.7023486,0.9984905,0.8,0.0,1.0,0.8494436144828796,-0.5947308,1.2839333,1.0011853,4.898587e-17,0.8,1.0,0.7667447924613953,-0.7552417,-0.07937845,0.99734396,-0.8,9.797174e-17,1.0,0.09116633236408234,-0.27443713,-0.81464916,0.9967858,-1.4695762e-16,-0.8,1.0,0.2748466432094574
2178,-0.00825442373752594,0,0.4669313430786133,inf,0.12214382,0.31199375,1.0039796,0.0,0.0,1.0,0.33507469296455383,1.2808803,-0.7093742,0.9984953,0.8,0.0,1.0,0.8570063710212708,-0.59984046,1.288638,1.0011855,4.898587e-17,0.8,1.0,0.7736776471138,-0.7554477,-0.0801432,0.99734336,-0.8,9.797174e-17,1.0,0.09173276275396347,-0.27673694,-0.8150645,0.99678594,-1.4695762e-16,-0.8,1.0,0.2771652936935425
2179,-0.00831178855150938,0,0.4710509181022644,inf,0.1232508,0.31493992,1.0039837,0.0,0.0,1.0,0.3382214903831482,1.2839934,-0.71643484,0.99850005,0.8,0.0,1.0,0.8645985722541809,-0.6049679,1.2933654,1.0011859,4.898587e-17,0.8,1.0,0.7806388139724731,-0.755659,-0.08091266,0.9973429,-0.8,9.797174e-17,1.0,0.09230408817529678,-0.27904385,-0.8154839,0.99678594,-1.4695762e-16,-0.8,1.0,0.2794916033744812
2180,-0.008370396681129932,0,0.47518736124038696,inf,0.12436127,0.3179004,1.0039876,0.0,0.0,1.0,0.3413828909397125,1.2871028,-0.72353035,0.99850494,0.8,0.0,1.0,0.8722199201583862,-0.61011314,1.2981153,1.0011863,4.898587e-17,0.8,1.0,0.7876282930374146,-0.7558756,-0.08168677,0.9973424,-0.8,9.797174e-17,1.0,0.09288033843040466,-0.28135785,-0.81590736,0.996786,-1.4695762e-16,-0.8,1.0,0.2818254828453064
2181,-0.008428400382399559,0,0.4793407917022705,inf,0.1254752,0.3208752,1.0039911,0.0,0.0,1.0,0.3445589244365692,1.2902088,-0.73066074,0.9985098,0.8,0.0,1.0,0.8798704743385315,-0.61527616,1.3028879,1.0011864,4.898587e-17,0.8,1.0,0.7946460843086243,-0.75609756,-0.082465604,0.997342,-0.8,9.797174e-17,1.0,0.09346157312393188,-0.28367892,-0.8163348,0.9967861,-1.4695762e-16,-0.8,1.0,0.28416699171066284
2182,-0.008487188257277012,0,0.48351114988327026,inf,0.12659264,0.3238643,1.0039948,0.0,0.0,1.0,0.3477495610713959,1.2933112,-0.7378259,0.9985148,0.8,0.0,1.0,0.8875501155853271,-0.6204569,1.3076831,1.0011865,4.898587e-17,0.8,1.0,0.8016921281814575,-0.7563248,-0.08324911,0.99734163,-0.8,9.797174e-17,1.0,0.09404787421226501,-0.28600702,-0.8167663,0.9967864,-1.4695762e-16,-0.8,1.0,0.28651607036590576
2183,-0.008545552380383015,0,0.48769837617874146,inf,0.12771353,0.3268678,1.0039988,0.0,0.0,1.0,0.3509548306465149,1.2964098,-0.74502563,0.99851966,0.8,0.0,1.0,0.8952586650848389,-0.62565523,1.312501,1.0011867,4.898587e-17,0.8,1.0,0.8087664246559143,-0.75655746,-0.08403734,0.9973412,-0.8,9.797174e-17,1.0,0.09463930875062943,-0.28834212,-0.81720185,0.99678653,-1.4695762e-16,-0.8,1.0,0.288872629404068
2184,-0.008605614304542542,0,0.4919024407863617,inf,0.12883794,0.3298855,1.0040023,0.0,0.0,1.0,0.3541746437549591,1.2995046,-0.75225997,0.9985246,0.8,0.0,1.0,0.9029961824417114,-0.6308711,1.3173413,1.0011868,4.898587e-17,0.8,1.0,0.8158687949180603,-0.7567954,-0.084830254,0.9973409,-0.8,9.797174e-17,1.0,0.0952359214425087,-0.29068422,-0.8176414,0.9967868,-1.4695762e-16,-0.8,1.0,0.2912367880344391
2185,-0.008665076456964016,0,0.49612340331077576,inf,0.1299658,0.3329176,1.0040057,0.0,0.0,1.0,0.35740914940834045,1.3025954,-0.75952876,0.99852973,0.8,0.0,1.0,0.9107624292373657,-0.6361046,1.3222045,1.0011871,4.898587e-17,0.8,1.0,0.8229993581771851,-0.75703865,-0.085627906,0.99734056,-0.8,9.797174e-17,1.0,0.09583783149719238,-0.2930333,-0.81808496,0.99678695,-1.4695762e-16,-0.8,1.0,0.2936084270477295
2186,-0.008725319989025593,0,0.5003612637519836,inf,0.13109717,0.33596396,1.004009,0.0,0.0,1.0,0.360658198595047,1.3056821,-0.766832,0.99853474,0.8,0.0,1.0,0.9185574650764465,-0.6413556,1.32709,1.0011871,4.898587e-17,0.8,1.0,0.830157995223999,-0.75728726,-0.08643026,0.9973403,-0.8,9.797174e-17,1.0,0.09644502401351929,-0.29538935,-0.8185326,0.99678737,-1.4695762e-16,-0.8,1.0,0.2959875762462616
2187,-0.00878495629876852,0,0.5046159029006958,inf,0.13223201,0.3390247,1.0040126,0.0,0.0,1.0,0.3639219105243683,1.3087645,-0.7741695,0.9985398,0.8,0.0,1.0,0.9263810515403748,-0.64662415,1.3319983,1.0011874,4.898587e-17,0.8,1.0,0.8373448848724365,-0.7575412,-0.08723736,0.99733996,-0.8,9.797174e-17,1.0,0.09705764055252075,-0.29775232,-0.8189842,0.9967876,-1.4695762e-16,-0.8,1.0,0.298374205827713
2188,-0.008846286684274673,0,0.5088874697685242,inf,0.13337037,0.3420997,1.0040158,0.0,0.0,1.0,0.36720019578933716,1.3118426,-0.78154117,0.9985449,0.8,0.0,1.0,0.9342331290245056,-0.6519102,1.3369292,1.0011873,4.898587e-17,0.8,1.0,0.8445597887039185,-0.7578004,-0.088049166,0.99733984,-0.8,9.797174e-17,1.0,0.09767568111419678,-0.30012223,-0.8194399,0.99678797,-1.4695762e-16,-0.8,1.0,0.30076831579208374
2189,-0.008907021023333073,0,0.5131757855415344,inf,0.13451217,0.345189,1.0040188,0.0,0.0,1.0,0.370493084192276,1.3149161,-0.788947,0.9985501,0.8,0.0,1.0,0.9421136379241943,-0.6572138,1.3418828,1.0011876,4.898587e-17,0.8,1.0,0.8518030643463135,-0.7580649,-0.088865735,0.9973395,-0.8,9.797174e-17,1.0,0.09829927980899811,-0.30249903,-0.81989956,0.9967883,-1.4695762e-16,-0.8,1.0,0.303169846534729
2190,-0.008968535810709,0,0.5174808502197266,inf,0.1356575,0.3482926,1.0040219,0.0,0.0,1.0,0.3738005757331848,1.317985,-0.79638684,0.99855524,0.8,0.0,1.0,0.9500223994255066,-0.66253483,1.3468589,1.0011874,4.898587e-17,0.8,1.0,0.8590741753578186,-0.7583348,-0.08968703,0.99733937,-0.8,9.797174e-17,1.0,0.09892840683460236,-0.30488268,-0.8203633,0.9967888,-1.4695762e-16,-0.8,1.0,0.3055788278579712
2191,-0.009029447101056576,0,0.5218028426170349,inf,0.1368063,0.35141057,1.0040251,0.0,0.0,1.0,0.377122700214386,1.3210495,-0.80386066,0.99856037,0.8,0.0,1.0,0.9579595923423767,-0.66787344,1.3518575,1.0011877,4.898587e-17,0.8,1.0,0.8663735389709473,-0.75860995,-0.09051309,0.9973391,-0.8,9.797174e-17,1.0,0.09956322610378265,-0.3072732,-0.82083106,0.9967892,-1.4695762e-16,-0.8,1.0,0.3079952299594879
2192,-0.009092050604522228,0,0.5261415839195251,inf,0.1379586,0.3545428,1.0040281,0.0,0.0,1.0,0.3804594576358795,1.3241088,-0.8113682,0.99856555,0.8,0.0,1.0,0.9659246802330017,-0.6732294,1.3568789,1.0011874,4.898587e-17,0.8,1.0,0.8737009763717651,-0.75889045,-0.09134389,0.99733907,-0.8,9.797174e-17,1.0,0.10020370781421661,-0.30967057,-0.8213028,0.9967897,-1.4695762e-16,-0.8,1.0,0.3104190230369568
2193,-0.009154058992862701,0,0.5304970145225525,inf,0.13911438,0.3576893,1.0040307,0.0,0.0,1.0,0.38381075859069824,1.3271633,-0.8189095,0.9985709,0.8,0.0,1.0,0.9739178419113159,-0.6786028,1.3619227,1.0011876,4.898587e-17,0.8,1.0,0.8810563683509827,-0.7591762,-0.09217946,0.99733883,-0.8,9.797174e-17,1.0,0.10084997862577438,-0.31207472,-0.8217786,0.9967902,-1.4695762e-16,-0.8,1.0,0.3128501772880554
2194,-0.009216508828103542,0,0.5348692536354065,inf,0.14027366,0.3608501,1.0040334,0.0,0.0,1.0,0.38717666268348694,1.3302127,-0.82648456,0.99857616,0.8,0.0,1.0,0.9819390177726746,-0.68399364,1.3669893,1.0011874,4.898587e-17,0.8,1.0,0.888439953327179,-0.7594673,-0.09301978,0.9973388,-0.8,9.797174e-17,1.0,0.10150203108787537,-0.3144857,-0.8222584,0.9967908,-1.4695762e-16,-0.8,1.0,0.3152887225151062
2195,-0.009278811514377594,0,0.5392583012580872,inf,0.14143643,0.36402526,1.0040364,0.0,0.0,1.0,0.3905572295188904,1.333257,-0.8340931,0.9985814,0.8,0.0,1.0,0.9899880290031433,-0.6894018,1.3720783,1.0011874,4.898587e-17,0.8,1.0,0.8958514332771301,-0.75976366,-0.0938649,0.99733865,-0.8,9.797174e-17,1.0,0.1021600067615509,-0.3169034,-0.8227423,0.99679136,-1.4695762e-16,-0.8,1.0,0.31773459911346436
2196,-0.009342352859675884,0,0.5436639785766602,inf,0.14260271,0.36721468,1.004039,0.0,0.0,1.0,0.3939523696899414,1.336296,-0.84173506,0.9985868,0.8,0.0,1.0,0.9980647563934326,-0.6948272,1.3771899,1.0011874,4.898587e-17,0.8,1.0,0.903290867805481,-0.7600653,-0.094714776,0.99733853,-0.8,9.797174e-17,1.0,0.1028238907456398,-0.31932792,-0.8232301,0.99679196,-1.4695762e-16,-0.8,1.0,0.32018783688545227
2197,-0.009405754506587982,0,0.5480862855911255,inf,0.14377245,0.37041837,1.0040413,0.0,0.0,1.0,0.39736208319664,1.3393295,-0.8494104,0.99859226,0.8,0.0,1.0,1.006169080734253,-0.7002698,1.3823241,1.0011872,4.898587e-17,0.8,1.0,0.9107582569122314,-0.76037234,-0.09556946,0.99733853,-0.8,9.797174e-17,1.0,0.10349375754594803,-0.32175913,-0.823722,0.9967926,-1.4695762e-16,-0.8,1.0,0.3226483464241028
2198,-0.009469482116401196,0,0.5525254011154175,inf,0.14494571,0.37363636,1.0040436,0.0,0.0,1.0,0.4007863998413086,1.3423574,-0.8571191,0.9985977,0.8,0.0,1.0,1.014301061630249,-0.70572966,1.387481,1.0011872,4.898587e-17,0.8,1.0,0.9182536005973816,-0.76068455,-0.09642891,0.9973384,-0.8,9.797174e-17,1.0,0.10416968911886215,-0.32419708,-0.8242179,0.9967934,-1.4695762e-16,-0.8,1.0,0.32511618733406067
2199,-0.009533037431538105,0,0.556981086730957,inf,0.14612247,0.3768687,1.0040463,0.0,0.0,1.0,0.4042253792285919,1.3453797,-0.8648609,0.998603,0.8,0.0,1.0,1.0224604606628418,-0.71120656,1.3926604,1.0011871,4.898587e-17,0.8,1.0,0.9257767200469971,-0.7610021,-0.09729318,0.9973385,-0.8,9.797174e-17,1.0,0.10485171526670456,-0.32664168,-0.8247178,0.99679404,-1.4695762e-16,-0.8,1.0,0.32759127020835876
2200,-0.009597796015441418,0,0.5614534020423889,inf,0.14730272,0.38011524,1.0040486,0.0,0.0,1.0,0.40767890214920044,1.3483963,-0.8726357,0.9986085,0.8,0.0,1.0,1.0306471586227417,-0.7167005,1.3978623,1.0011871,4.898587e-17,0.8,1.0,0.9333275556564331,-0.761325,-0.09816223,0.9973384,-0.8,9.797174e-17,1.0,0.10553986579179764,-0.329093,-0.8252218,0.9967948,-1.4695762e-16,-0.8,1.0,0.33007365465164185
2201,-0.009662379510700703,0,0.5659424066543579,inf,0.14848645,0.38337612,1.0040505,0.0,0.0,1.0,0.41114702820777893,1.351407,-0.8804435,0.9986141,0.8,0.0,1.0,1.0388611555099487,-0.7222114,1.4030868,1.0011868,4.898587e-17,0.8,1.0,0.9409061670303345,-0.7616531,-0.099036105,0.9973385,-0.8,9.797174e-17,1.0,0.10623425990343094,-0.33155093,-0.8257297,0.9967956,-1.4695762e-16,-0.8,1.0,0.33256322145462036
2202,-0.009727252647280693,0,0.5704478621482849,inf,0.1496737,0.38665122,1.0040525,0.0,0.0,1.0,0.4146296977996826,1.3544117,-0.88828427,0.9986197,0.8,0.0,1.0,1.0471022129058838,-0.72773933,1.4083339,1.0011868,4.898587e-17,0.8,1.0,0.9485125541687012,-0.7619865,-0.09991477,0.99733835,-0.8,9.797174e-17,1.0,0.10693489760160446,-0.33401552,-0.82624173,0.9967964,-1.4695762e-16,-0.8,1.0,0.3350600600242615
2203,-0.00979194138199091,0,0.5749700665473938,inf,0.15086445,0.38994068,1.0040548,0.0,0.0,1.0,0.4181270897388458,1.3574103,-0.89615774,0.9986251,0.8,0.0,1.0,1.0553704500198364,-0.7332841,1.4136035,1.0011867,4.898587e-17,0.8,1.0,0.9561465978622437,-0.7623252,-0.10079829,0.99733853,-0.8,9.797174e-17,1.0,0.10764184594154358,-0.3364867,-0.8267577,0.99679726,-1.4695762e-16,-0.8,1.0,0.3375641107559204
2204,-0.009857832454144955,0,0.5795086622238159,inf,0.1520587,0.3932444,1.0040567,0.0,0.0,1.0,0.42163899540901184,1.3604027,-0.9040639,0.99863076,0.8,0.0,1.0,1.0636656284332275,-0.7388457,1.4188958,1.0011867,4.898587e-17,0.8,1.0,0.9638082981109619,-0.76266915,-0.10168659,0.99733853,-0.8,9.797174e-17,1.0,0.10835515707731247,-0.3389645,-0.8272777,0.9967981,-1.4695762e-16,-0.8,1.0,0.34007537364959717
2205,-0.009923546575009823,0,0.5840638279914856,inf,0.15325643,0.39656237,1.0040584,0.0,0.0,1.0,0.4251655042171478,1.3633888,-0.91200256,0.9986364,0.8,0.0,1.0,1.0719876289367676,-0.74442405,1.4242105,1.0011865,4.898587e-17,0.8,1.0,0.9714974761009216,-0.76301837,-0.10257976,0.99733865,-0.8,9.797174e-17,1.0,0.10907489061355591,-0.34144884,-0.82780176,0.996799,-1.4695762e-16,-0.8,1.0,0.3425937592983246
2206,-0.009989549405872822,0,0.5886355638504028,inf,0.15445767,0.3998946,1.0040599,0.0,0.0,1.0,0.4287065863609314,1.3663683,-0.9199738,0.9986421,0.8,0.0,1.0,1.080336332321167,-0.7500192,1.4295479,1.0011865,4.898587e-17,0.8,1.0,0.9792143702507019,-0.7633729,-0.10347773,0.99733865,-0.8,9.797174e-17,1.0,0.1098010390996933,-0.34393975,-0.8283298,0.9968,-1.4695762e-16,-0.8,1.0,0.3451193571090698
2207,-0.010055366903543472,0,0.5932236909866333,inf,0.15566242,0.40324116,1.0040618,0.0,0.0,1.0,0.4322623312473297,1.3693415,-0.9279774,0.99864763,0.8,0.0,1.0,1.0887118577957153,-0.7556309,1.4349078,1.0011864,4.898587e-17,0.8,1.0,0.9869586229324341,-0.7637327,-0.10438058,0.9973389,-0.8,9.797174e-17,1.0,0.11053373664617538,-0.34643716,-0.8288619,0.9968009,-1.4695762e-16,-0.8,1.0,0.34765204787254333
2208,-0.010122384876012802,0,0.5978283882141113,inf,0.15687068,0.40660194,1.0040634,0.0,0.0,1.0,0.43583258986473083,1.3723079,-0.9360132,0.9986534,0.8,0.0,1.0,1.097113847732544,-0.7612593,1.4402902,1.0011864,4.898587e-17,0.8,1.0,0.9947304725646973,-0.7640977,-0.105288245,0.99733895,-0.8,9.797174e-17,1.0,0.11127296090126038,-0.34894112,-0.829398,0.9968019,-1.4695762e-16,-0.8,1.0,0.3501919209957123
2209,-0.010189223103225231,0,0.6024494171142578,inf,0.15808241,0.40997702,1.0040647,0.0,0.0,1.0,0.4394174814224243,1.3752675,-0.9440812,0.99865925,0.8,0.0,1.0,1.1055423021316528,-0.7669042,1.4456952,1.0011861,4.898587e-17,0.8,1.0,1.0025296211242676,-0.764468,-0.106200784,0.99733907,-0.8,9.797174e-17,1.0,0.11201879382133484,-0.35145152,-0.82993805,0.9968029,-1.4695762e-16,-0.8,1.0,0.3527388274669647
2210,-0.010256350971758366,0,0.6070868968963623,inf,0.15929767,0.41336632,1.0040659,0.0,0.0,1.0,0.443016916513443,1.3782202,-0.95218134,0.99866503,0.8,0.0,1.0,1.113997220993042,-0.7725656,1.4511226,1.0011861,4.898587e-17,0.8,1.0,1.0103561878204346,-0.7648436,-0.10711816,0.9973391,-0.8,9.797174e-17,1.0,0.11277125030755997,-0.3539684,-0.8304821,0.99680406,-1.4695762e-16,-0.8,1.0,0.3552928566932678
2211,-0.010323289781808853,0,0.6117407083511353,inf,0.16051643,0.41676995,1.0040674,0.0,0.0,1.0,0.4466310143470764,1.381166,-0.9603134,0.9986707,0.8,0.0,1.0,1.1224782466888428,-0.7782435,1.4565727,1.001186,4.898587e-17,0.8,1.0,1.0182101726531982,-0.7652244,-0.10804043,0.9973394,-0.8,9.797174e-17,1.0,0.11353041976690292,-0.35649174,-0.8310303,0.9968051,-1.4695762e-16,-0.8,1.0,0.3578539788722992
2212,-0.01039142720401287,0,0.6164109706878662,inf,0.1617387,0.4201878,1.0040686,0.0,0.0,1.0,0.45025965571403503,1.3841046,-0.96847725,0.9986766,0.8,0.0,1.0,1.1309854984283447,-0.78393775,1.4620452,1.001186,4.898587e-17,0.8,1.0,1.026091456413269,-0.76561046,-0.108967535,0.99733955,-0.8,9.797174e-17,1.0,0.11429629474878311,-0.35902154,-0.8315824,0.9968062,-1.4695762e-16,-0.8,1.0,0.36042216420173645
2213,-0.010459383949637413,0,0.6210975050926208,inf,0.16296445,0.4236199,1.0040696,0.0,0.0,1.0,0.45390284061431885,1.387036,-0.9766729,0.9986825,0.8,0.0,1.0,1.1395187377929688,-0.7896483,1.4675403,1.0011859,4.898587e-17,0.8,1.0,1.0339999198913574,-0.7660018,-0.10989955,0.9973397,-0.8,9.797174e-17,1.0,0.1150689572095871,-0.3615577,-0.8321386,0.9968074,-1.4695762e-16,-0.8,1.0,0.3629973232746124
2214,-0.010527626611292362,0,0.6258004903793335,inf,0.16419373,0.42706624,1.0040703,0.0,0.0,1.0,0.45756062865257263,1.38996,-0.98490024,0.99868846,0.8,0.0,1.0,1.1480779647827148,-0.79537517,1.4730579,1.0011859,4.898587e-17,0.8,1.0,1.041935682296753,-0.7663984,-0.11083641,0.9973398,-0.8,9.797174e-17,1.0,0.11584842205047607,-0.36410028,-0.8326987,0.9968086,-1.4695762e-16,-0.8,1.0,0.3655795454978943
2215,-0.010595681145787239,0,0.630519688129425,inf,0.16542651,0.4305269,1.0040715,0.0,0.0,1.0,0.4612330496311188,1.3928769,-0.9931591,0.9986942,0.8,0.0,1.0,1.156663179397583,-0.80111825,1.478598,1.0011858,4.898587e-17,0.8,1.0,1.049898624420166,-0.7668002,-0.11177819,0.99734014,-0.8,9.797174e-17,1.0,0.11663474887609482,-0.3666492,-0.8332629,0.9968098,-1.4695762e-16,-0.8,1.0,0.36816877126693726
2216,-0.010664931498467922,0,0.6352551579475403,inf,0.1666628,0.43400177,1.0040723,0.0,0.0,1.0,0.4649200141429901,1.395786,-1.0014495,0.9987002,0.8,0.0,1.0,1.1652740240097046,-0.8068775,1.4841607,1.0011858,4.898587e-17,0.8,1.0,1.0578886270523071,-0.76720726,-0.11272484,0.9973403,-0.8,9.797174e-17,1.0,0.11742797493934631,-0.3692045,-0.8338311,0.99681103,-1.4695762e-16,-0.8,1.0,0.37076497077941895
2217,-0.010734000243246555,0,0.6400068402290344,inf,0.16790257,0.4374909,1.0040729,0.0,0.0,1.0,0.46862155199050903,1.3986875,-1.0097711,0.9987062,0.8,0.0,1.0,1.1739106178283691,-0.8126528,1.4897457,1.0011857,4.898587e-17,0.8,1.0,1.0659058094024658,-0.7676196,-0.11367641,0.99734056,-0.8,9.797174e-17,1.0,0.11822811514139175,-0.3717661,-0.8344033,0.99681234,-1.4695762e-16,-0.8,1.0,0.37336814403533936
2218,-0.010803180746734142,0,0.6447747945785522,inf,0.16914588,0.44099423,1.0040734,0.0,0.0,1.0,0.47233760356903076,1.4015812,-1.018124,0.9987123,0.8,0.0,1.0,1.182572603225708,-0.81844425,1.4953533,1.0011857,4.898587e-17,0.8,1.0,1.0739500522613525,-0.76803714,-0.11463285,0.9973407,-0.8,9.797174e-17,1.0,0.11903523653745651,-0.374334,-0.8349795,0.9968137,-1.4695762e-16,-0.8,1.0,0.3759782612323761
2219,-0.010872170329093933,0,0.6495589017868042,inf,0.17039269,0.4445119,1.0040741,0.0,0.0,1.0,0.476068377494812,1.4044671,-1.026508,0.99871814,0.8,0.0,1.0,1.1912600994110107,-0.8242517,1.5009835,1.0011857,4.898587e-17,0.8,1.0,1.0820213556289673,-0.7684599,-0.11559423,0.9973411,-0.8,9.797174e-17,1.0,0.11984937638044357,-0.37690818,-0.83555967,0.996815,-1.4695762e-16,-0.8,1.0,0.3785952925682068
2220,-0.01094235572963953,0,0.6543591618537903,inf,0.17164302,0.44804376,1.0040746,0.0,0.0,1.0,0.4798136353492737,1.4073452,-1.034923,0.9987243,0.8,0.0,1.0,1.1999731063842773,-0.8300751,1.506636,1.0011858,4.898587e-17,0.8,1.0,1.090119481086731,-0.76888794,-0.116560504,0.9973414,-0.8,9.797174e-17,1.0,0.12067054212093353,-0.37948862,-0.8361437,0.99681646,-1.4695762e-16,-0.8,1.0,0.3812192678451538
2221,-0.01101235393434763,0,0.6591756343841553,inf,0.17289682,0.45158985,1.0040747,0.0,0.0,1.0,0.48357346653938293,1.410215,-1.0433689,0.9987304,0.8,0.0,1.0,1.2087112665176392,-0.8359143,1.5123112,1.0011857,4.898587e-17,0.8,1.0,1.0982446670532227,-0.76932114,-0.11753172,0.9973417,-0.8,9.797174e-17,1.0,0.12149882316589355,-0.38207525,-0.83673155,0.99681795,-1.4695762e-16,-0.8,1.0,0.38385000824928284
2222,-0.011082635261118412,0,0.6640081405639648,inf,0.17415416,0.45515016,1.0040746,0.0,0.0,1.0,0.48734787106513977,1.4130766,-1.0518458,0.9987366,0.8,0.0,1.0,1.2174744606018066,-0.8417694,1.5180087,1.0011858,4.898587e-17,0.8,1.0,1.1063966751098633,-0.7697596,-0.11850783,0.997342,-0.8,9.797174e-17,1.0,0.12233418971300125,-0.38466808,-0.83732325,0.99681956,-1.4695762e-16,-0.8,1.0,0.38648760318756104
2223,-0.0111527219414711,0,0.6688567996025085,inf,0.17541501,0.45872474,1.004075,0.0,0.0,1.0,0.4911368489265442,1.4159302,-1.0603532,0.99874264,0.8,0.0,1.0,1.2262626886367798,-0.8476403,1.5237288,1.0011859,4.898587e-17,0.8,1.0,1.1145756244659424,-0.7702033,-0.11948891,0.9973425,-0.8,9.797174e-17,1.0,0.12317673116922379,-0.38726702,-0.83791864,0.99682105,-1.4695762e-16,-0.8,1.0,0.38913196325302124
2224,-0.01122400350868702,0,0.673721432685852,inf,0.17667937,0.46231353,1.0040749,0.0,0.0,1.0,0.4949404001235962,1.4187753,-1.0688912,0.99874884,0.8,0.0,1.0,1.2350760698318481,-0.8535269,1.5294714,1.0011861,4.898587e-17,0.8,1.0,1.1227813959121704,-0.77065223,-0.12047489,0.99734294,-0.8,9.797174e-17,1.0,0.12402641773223877,-0.38987213,-0.83851767,0.99682266,-1.4695762e-16,-0.8,1.0,0.39178305864334106
2225,-0.011295097880065441,0,0.6786021590232849,inf,0.17794722,0.46591657,1.0040747,0.0,0.0,1.0,0.4987585246562958,1.4216119,-1.0774597,0.99875516,0.8,0.0,1.0,1.2439141273498535,-0.8594291,1.5352364,1.0011861,4.898587e-17,0.8,1.0,1.1310138702392578,-0.77110636,-0.12146584,0.9973434,-0.8,9.797174e-17,1.0,0.12488334625959396,-0.39248326,-0.8391203,0.9968244,-1.4695762e-16,-0.8,1.0,0.3944408595561981
2226,-0.011366472579538822,0,0.683498740196228,inf,0.1792186,0.4695338,1.0040742,0.0,0.0,1.0,0.5025911927223206,1.4244398,-1.0860586,0.9987614,0.8,0.0,1.0,1.252776861190796,-0.865347,1.5410237,1.0011863,4.898587e-17,0.8,1.0,1.1392730474472046,-0.7715657,-0.122461714,0.99734384,-0.8,9.797174e-17,1.0,0.12574751675128937,-0.3951005,-0.8397265,0.9968262,-1.4695762e-16,-0.8,1.0,0.3971053957939148
2227,-0.011437653563916683,0,0.6884114146232605,inf,0.18049349,0.4731653,1.0040742,0.0,0.0,1.0,0.5064384341239929,1.4272592,-1.0946878,0.99876755,0.8,0.0,1.0,1.2616643905639648,-0.8712805,1.5468338,1.0011865,4.898587e-17,0.8,1.0,1.1475590467453003,-0.77203023,-0.123462565,0.99734455,-0.8,9.797174e-17,1.0,0.12661898136138916,-0.39772373,-0.8403362,0.99682784,-1.4695762e-16,-0.8,1.0,0.39977648854255676
2228,-0.011510017327964306,0,0.693340003490448,inf,0.18177189,0.476811,1.0040737,0.0,0.0,1.0,0.5103002786636353,1.4300698,-1.1033472,0.9987739,0.8,0.0,1.0,1.2705764770507812,-0.87722945,1.5526661,1.0011867,4.898587e-17,0.8,1.0,1.1558715105056763,-0.7725,-0.12446836,0.9973451,-0.8,9.797174e-17,1.0,0.12749773263931274,-0.40035295,-0.8409493,0.9968296,-1.4695762e-16,-0.8,1.0,0.4024542272090912
2229,-0.011582366190850735,0,0.6982845067977905,inf,0.18305379,0.48047093,1.004073,0.0,0.0,1.0,0.514176607131958,1.4328715,-1.1120365,0.99878025,0.8,0.0,1.0,1.2795127630233765,-0.8831938,1.5585209,1.0011868,4.898587e-17,0.8,1.0,1.1642106771469116,-0.7729749,-0.12547913,0.99734575,-0.8,9.797174e-17,1.0,0.1283838450908661,-0.4029881,-0.8415658,0.99683154,-1.4695762e-16,-0.8,1.0,0.40513846278190613
2230,-0.011654967442154884,0,0.7032448053359985,inf,0.18433921,0.48414502,1.004072,0.0,0.0,1.0,0.518067479133606,1.435664,-1.1207558,0.9987866,0.8,0.0,1.0,1.28847336769104,-0.8891736,1.564398,1.0011871,4.898587e-17,0.8,1.0,1.1725764274597168,-0.7734551,-0.12649484,0.9973462,-0.8,9.797174e-17,1.0,0.129277303814888,-0.40562922,-0.84218556,0.9968336,-1.4695762e-16,-0.8,1.0,0.40782925486564636
2231,-0.011727358214557171,0,0.7082209587097168,inf,0.18562815,0.48783338,1.0040712,0.0,0.0,1.0,0.5219729542732239,1.4384476,-1.1295052,0.99879295,0.8,0.0,1.0,1.297458529472351,-0.8951687,1.5702977,1.0011873,4.898587e-17,0.8,1.0,1.1809686422348022,-0.77394044,-0.12751557,0.997347,-0.8,9.797174e-17,1.0,0.13017818331718445,-0.4082762,-0.8428086,0.99683553,-1.4695762e-16,-0.8,1.0,0.4105265438556671
2232,-0.011800915002822876,0,0.7132128477096558,inf,0.18692061,0.49153593,1.0040703,0.0,0.0,1.0,0.5258930325508118,1.4412217,-1.1382842,0.9987994,0.8,0.0,1.0,1.3064676523208618,-0.90117913,1.5762198,1.0011876,4.898587e-17,0.8,1.0,1.1893874406814575,-0.774431,-0.12854123,0.9973478,-0.8,9.797174e-17,1.0,0.13108645379543304,-0.41092905,-0.8434349,0.99683756,-1.4695762e-16,-0.8,1.0,0.413230299949646
2233,-0.011874256655573845,0,0.7182207107543945,inf,0.18821655,0.49525267,1.0040691,0.0,0.0,1.0,0.5298275947570801,1.4439863,-1.147093,0.9988058,0.8,0.0,1.0,1.3155007362365723,-0.90720475,1.5821643,1.0011877,4.898587e-17,0.8,1.0,1.1978325843811035,-0.7749267,-0.12957191,0.9973484,-0.8,9.797174e-17,1.0,0.13200220465660095,-0.41358772,-0.84406424,0.9968397,-1.4695762e-16,-0.8,1.0,0.41594040393829346
2234,-0.011947855353355408,0,0.723244309425354,inf,0.18951604,0.49898362,1.0040678,0.0,0.0,1.0,0.5337766408920288,1.4467413,-1.1559317,0.9988124,0.8,0.0,1.0,1.3245580196380615,-0.91324556,1.5881313,1.0011882,4.898587e-17,0.8,1.0,1.2063041925430298,-0.77542764,-0.13060756,0.997349,-0.8,9.797174e-17,1.0,0.13292540609836578,-0.4162522,-0.8446967,0.99684197,-1.4695762e-16,-0.8,1.0,0.41865697503089905
2235,-0.012021241709589958,0,0.7282835245132446,inf,0.19081903,0.5027288,1.0040668,0.0,0.0,1.0,0.5377403497695923,1.4494866,-1.1648,0.99881876,0.8,0.0,1.0,1.333639144897461,-0.91930145,1.5941206,1.0011885,4.898587e-17,0.8,1.0,1.2148021459579468,-0.77593374,-0.13164823,0.9973499,-0.8,9.797174e-17,1.0,0.1338561326265335,-0.41892242,-0.8453322,0.99684405,-1.4695762e-16,-0.8,1.0,0.42137983441352844
2236,-0.012095794081687927,0,0.733338475227356,inf,0.19212554,0.5064882,1.0040656,0.0,0.0,1.0,0.541718602180481,1.452222,-1.173698,0.99882525,0.8,0.0,1.0,1.3427441120147705,-0.9253725,1.6001323,1.0011889,4.898587e-17,0.8,1.0,1.223326325416565,-0.77644503,-0.13269387,0.99735075,-0.8,9.797174e-17,1.0,0.13479435443878174,-0.4215984,-0.8459707,0.9968463,-1.4695762e-16,-0.8,1.0,0.42410901188850403
2237,-0.012170125730335712,0,0.7384091019630432,inf,0.19343556,0.5102618,1.0040642,0.0,0.0,1.0,0.5457113981246948,1.4549472,-1.1826253,0.99883175,0.8,0.0,1.0,1.3518726825714111,-0.9314584,1.6061665,1.0011892,4.898587e-17,0.8,1.0,1.2318768501281738,-0.7769615,-0.13374455,0.9973516,-0.8,9.797174e-17,1.0,0.13574016094207764,-0.42428005,-0.8466121,0.9968487,-1.4695762e-16,-0.8,1.0,0.42684444785118103
2238,-0.012244711630046368,0,0.7434954047203064,inf,0.1947491,0.51404953,1.0040624,0.0,0.0,1.0,0.5497186779975891,1.4576622,-1.1915822,0.99883837,0.8,0.0,1.0,1.3610249757766724,-0.93755937,1.6122229,1.0011897,4.898587e-17,0.8,1.0,1.2404536008834839,-0.77748317,-0.13480021,0.99735224,-0.8,9.797174e-17,1.0,0.13669350743293762,-0.42696738,-0.8472563,0.9968512,-1.4695762e-16,-0.8,1.0,0.42958611249923706
2239,-0.01231954712420702,0,0.7485973238945007,inf,0.19606616,0.51785153,1.0040613,0.0,0.0,1.0,0.5537405610084534,1.460367,-1.2005686,0.9988448,0.8,0.0,1.0,1.3702009916305542,-0.9436752,1.6183019,1.0011902,4.898587e-17,0.8,1.0,1.2490565776824951,-0.77801,-0.13586092,0.99735326,-0.8,9.797174e-17,1.0,0.13765446841716766,-0.42966035,-0.8479033,0.99685353,-1.4695762e-16,-0.8,1.0,0.43233391642570496
2240,-0.012395085766911507,0,0.7537147998809814,inf,0.19738674,0.5216677,1.0040599,0.0,0.0,1.0,0.5577770471572876,1.4630612,-1.2095841,0.9988513,0.8,0.0,1.0,1.379400372505188,-0.9498059,1.6244031,1.0011908,4.898587e-17,0.8,1.0,1.257685661315918,-0.778542,-0.13692662,0.99735415,-0.8,9.797174e-17,1.0,0.13862302899360657,-0.43235895,-0.84855324,0.99685603,-1.4695762e-16,-0.8,1.0,0.43508800864219666
2241,-0.012471135705709457,0,0.7588478326797485,inf,0.19871083,0.5254981,1.0040581,0.0,0.0,1.0,0.5618280172348022,1.4657447,-1.2186289,0.99885786,0.8,0.0,1.0,1.3886229991912842,-0.95595133,1.6305268,1.0011913,4.898587e-17,0.8,1.0,1.2663408517837524,-0.77907914,-0.13799737,0.99735504,-0.8,9.797174e-17,1.0,0.1395992636680603,-0.43506315,-0.84920603,0.99685866,-1.4695762e-16,-0.8,1.0,0.43784818053245544
2242,-0.012546982616186142,0,0.7639964818954468,inf,0.20003842,0.5293428,1.0040562,0.0,0.0,1.0,0.5658935904502869,1.4684174,-1.2277031,0.9988645,0.8,0.0,1.0,1.3978691101074219,-0.96211153,1.6366727,1.0011919,4.898587e-17,0.8,1.0,1.275022029876709,-0.7796214,-0.13907312,0.9973558,-0.8,9.797174e-17,1.0,0.1405831128358841,-0.43777296,-0.8498616,0.9968614,-1.4695762e-16,-0.8,1.0,0.4406145513057709
2243,-0.012622618116438389,0,0.7691606879234314,inf,0.2013695,0.5332018,1.0040548,0.0,0.0,1.0,0.5699739456176758,1.4710793,-1.2368063,0.99887097,0.8,0.0,1.0,1.407138466835022,-0.9682864,1.6428411,1.0011925,4.898587e-17,0.8,1.0,1.2837294340133667,-0.7801689,-0.14015394,0.9973569,-0.8,9.797174e-17,1.0,0.1415746659040451,-0.4404883,-0.85052013,0.99686396,-1.4695762e-16,-0.8,1.0,0.44338706135749817
2244,-0.012699414975941181,0,0.7743403315544128,inf,0.20270409,0.5370752,1.0040531,0.0,0.0,1.0,0.5740689635276794,1.4737301,-1.2459384,0.9988775,0.8,0.0,1.0,1.4164307117462158,-0.9744759,1.6490319,1.0011932,4.898587e-17,0.8,1.0,1.292462706565857,-0.7807215,-0.14123979,0.9973579,-0.8,9.797174e-17,1.0,0.14257392287254333,-0.44320923,-0.85118157,0.99686664,-1.4695762e-16,-0.8,1.0,0.44616565108299255
2245,-0.012776268646121025,0,0.7795355916023254,inf,0.20404215,0.54096293,1.0040511,0.0,0.0,1.0,0.5781785845756531,1.4763695,-1.2550995,0.9988841,0.8,0.0,1.0,1.4257460832595825,-0.9806799,1.6552448,1.0011938,4.898587e-17,0.8,1.0,1.3012218475341797,-0.78127927,-0.1423307,0.99735886,-0.8,9.797174e-17,1.0,0.14358088374137878,-0.44593573,-0.85184604,0.9968695,-1.4695762e-16,-0.8,1.0,0.4489504396915436
2246,-0.012852797284722328,0,0.7847462296485901,inf,0.20538372,0.544865,1.004049,0.0,0.0,1.0,0.582302987575531,1.4789976,-1.2642897,0.99889064,0.8,0.0,1.0,1.4350844621658325,-0.9868985,1.6614802,1.0011946,4.898587e-17,0.8,1.0,1.310006856918335,-0.7818422,-0.14342664,0.99735963,-0.8,9.797174e-17,1.0,0.14459557831287384,-0.44866773,-0.85251343,0.99687237,-1.4695762e-16,-0.8,1.0,0.4517412483692169
2247,-0.012929658405482769,0,0.7899723649024963,inf,0.20672877,0.5487816,1.0040473,0.0,0.0,1.0,0.5864421725273132,1.4816142,-1.2735087,0.9988972,0.8,0.0,1.0,1.4444457292556763,-0.9931315,1.667738,1.0011955,4.898587e-17,0.8,1.0,1.3188179731369019,-0.7824102,-0.14452766,0.99736077,-0.8,9.797174e-17,1.0,0.1456180363893509,-0.45140526,-0.8531838,0.99687517,-1.4695762e-16,-0.8,1.0,0.4545381963253021
2248,-0.013007218018174171,0,0.7952139377593994,inf,0.20807733,0.5527125,1.0040454,0.0,0.0,1.0,0.5905960202217102,1.4842192,-1.2827563,0.9989037,0.8,0.0,1.0,1.4538297653198242,-0.9993789,1.674018,1.0011964,4.898587e-17,0.8,1.0,1.3276547193527222,-0.7829834,-0.14563373,0.9973618,-0.8,9.797174e-17,1.0,0.14664824306964874,-0.45414826,-0.85385716,0.996878,-1.4695762e-16,-0.8,1.0,0.45734119415283203
2249,-0.013085021637380123,0,0.8004710078239441,inf,0.20942932,0.5566578,1.0040431,0.0,0.0,1.0,0.5947645902633667,1.4868124,-1.2920327,0.99891025,0.8,0.0,1.0,1.4632364511489868,-1.0056406,1.6803204,1.0011972,4.898587e-17,0.8,1.0,1.336517333984375,-0.78356177,-0.14674489,0.9973628,-0.8,9.797174e-17,1.0,0.14768627285957336,-0.45689675,-0.85453343,0.99688107,-1.4695762e-16,-0.8,1.0,0.46015027165412903
2250,-0.013162615709006786,0,0.805743396282196,inf,0.21078484,0.56061757,1.0040407,0.0,0.0,1.0,0.5989479422569275,1.4893935,-1.3013378,0.99891686,0.8,0.0,1.0,1.4726659059524536,-1.0119168,1.686645,1.0011982,4.898587e-17,0.8,1.0,1.3454055786132812,-0.78414524,-0.14786111,0.9973636,-0.8,9.797174e-17,1.0,0.14873208105564117,-0.45965067,-0.8552126,0.99688417,-1.4695762e-16,-0.8,1.0,0.46296530961990356
2251,-0.013240463100373745,0,0.8110310435295105,inf,0.21214381,0.56459177,1.0040387,0.0,0.0,1.0,0.6031460165977478,1.4919627,-1.3106713,0.9989234,0.8,0.0,1.0,1.482117772102356,-1.018207,1.692992,1.0011992,4.898587e-17,0.8,1.0,1.3543195724487305,-0.7847339,-0.14898245,0.9973648,-0.8,9.797174e-17,1.0,0.14978574216365814,-0.46241,-0.85589474,0.99688715,-1.4695762e-16,-0.8,1.0,0.465786337852478
2252,-0.013319008983671665,0,0.8163341283798218,inf,0.21350628,0.56858045,1.0040367,0.0,0.0,1.0,0.607358992099762,1.4945196,-1.3200333,0.9989299,0.8,0.0,1.0,1.4915919303894043,-1.0245115,1.6993612,1.0012003,4.898587e-17,0.8,1.0,1.363259196281433,-0.7853277,-0.15010884,0.9973659,-0.8,9.797174e-17,1.0,0.15084721148014069,-0.46517473,-0.8565797,0.9968902,-1.4695762e-16,-0.8,1.0,0.4686133563518524
2253,-0.013399510644376278,0,0.8216524124145508,inf,0.21487221,0.5725835,1.004034,0.0,0.0,1.0,0.6115866303443909,1.497064,-1.3294237,0.9989365,0.8,0.0,1.0,1.5010885000228882,-1.03083,1.7057526,1.0012012,4.898587e-17,0.8,1.0,1.3722243309020996,-0.78592664,-0.15124038,0.99736696,-0.8,9.797174e-17,1.0,0.15191657841205597,-0.4679448,-0.85726756,0.9968934,-1.4695762e-16,-0.8,1.0,0.4714462459087372
2254,-0.01348605751991272,0,0.8269861340522766,inf,0.21624163,0.576601,1.0040314,0.0,0.0,1.0,0.6158290505409241,1.499596,-1.3388424,0.99894303,0.8,0.0,1.0,1.510607361793518,-1.0371627,1.7121664,1.0012023,4.898587e-17,0.8,1.0,1.381215214729309,-0.78653073,-0.152377,0.9973678,-0.8,9.797174e-17,1.0,0.15299378335475922,-0.47072026,-0.8579582,0.99689674,-1.4695762e-16,-0.8,1.0,0.4742850959300995
2255,-0.013578471727669239,0,0.8323351144790649,inf,0.21761452,0.5806331,1.0040293,0.0,0.0,1.0,0.6200863718986511,1.5021154,-1.3482894,0.9989496,0.8,0.0,1.0,1.520148515701294,-1.0435092,1.7186025,1.0012035,4.898587e-17,0.8,1.0,1.3902314901351929,-0.78714,-0.15351877,0.99736905,-0.8,9.797174e-17,1.0,0.1540789157152176,-0.473501,-0.85865164,0.99689984,-1.4695762e-16,-0.8,1.0,0.4771297574043274
2256,-0.013671623542904854,0,0.8376991152763367,inf,0.21899088,0.58467966,1.0040269,0.0,0.0,1.0,0.6243584752082825,1.504622,-1.3577645,0.998956,0.8,0.0,1.0,1.5297117233276367,-1.0498699,1.7250608,1.0012047,4.898587e-17,0.8,1.0,1.3992732763290405,-0.7877544,-0.15466565,0.9973701,-0.8,9.797174e-17,1.0,0.1551719456911087,-0.47628704,-0.85934794,0.9969031,-1.4695762e-16,-0.8,1.0,0.47998031973838806
2257,-0.013765095733106136,0,0.8430784344673157,inf,0.22037068,0.58874065,1.0040241,0.0,0.0,1.0,0.6286453604698181,1.5071156,-1.3672676,0.9989626,0.8,0.0,1.0,1.5392967462539673,-1.0562444,1.7315413,1.0012058,4.898587e-17,0.8,1.0,1.4083404541015625,-0.788374,-0.15581767,0.99737126,-0.8,9.797174e-17,1.0,0.15627290308475494,-0.47907835,-0.860047,0.9969065,-1.4695762e-16,-0.8,1.0,0.48283669352531433
2258,-0.013858403079211712,0,0.8484729528427124,inf,0.22175398,0.5928162,1.0040213,0.0,0.0,1.0,0.6329470872879028,1.5095961,-1.3767989,0.9989691,0.8,0.0,1.0,1.5489037036895752,-1.0626328,1.7380441,1.0012071,4.898587e-17,0.8,1.0,1.4174331426620483,-0.7889988,-0.15697482,0.99737215,-0.8,9.797174e-17,1.0,0.1573817878961563,-0.4818749,-0.86074877,0.99691,-1.4695762e-16,-0.8,1.0,0.4856988787651062
2259,-0.01395200565457344,0,0.8538826107978821,inf,0.22314073,0.59690624,1.0040189,0.0,0.0,1.0,0.6372637152671814,1.5120635,-1.3863579,0.9989756,0.8,0.0,1.0,1.558532476425171,-1.0690348,1.7445692,1.0012084,4.898587e-17,0.8,1.0,1.4265509843826294,-0.78962874,-0.15813717,0.9973734,-0.8,9.797174e-17,1.0,0.15849867463111877,-0.4846767,-0.8614533,0.9969133,-1.4695762e-16,-0.8,1.0,0.4885667860507965
2260,-0.014046348631381989,0,0.8593072891235352,inf,0.22453097,0.60101086,1.0040164,0.0,0.0,1.0,0.6415951251983643,1.5145175,-1.3959448,0.99898195,0.8,0.0,1.0,1.5681830644607544,-1.0754508,1.7511164,1.0012097,4.898587e-17,0.8,1.0,1.4356943368911743,-0.7902639,-0.15930466,0.9973745,-0.8,9.797174e-17,1.0,0.15962350368499756,-0.48748365,-0.8621605,0.99691665,-1.4695762e-16,-0.8,1.0,0.49144047498703003
2261,-0.014140978455543518,0,0.864747166633606,inf,0.22592463,0.60512996,1.0040133,0.0,0.0,1.0,0.6459413766860962,1.5169581,-1.4055595,0.99898845,0.8,0.0,1.0,1.5778553485870361,-1.0818802,1.7576858,1.0012109,4.898587e-17,0.8,1.0,1.444862723350525,-0.7909042,-0.16047737,0.9973756,-0.8,9.797174e-17,1.0,0.16075636446475983,-0.4902958,-0.8628704,0.9969202,-1.4695762e-16,-0.8,1.0,0.494319885969162
2262,-0.014235441572964191,0,0.8702020645141602,inf,0.22732176,0.60926366,1.0040102,0.0,0.0,1.0,0.6503025889396667,1.519385,-1.4152019,0.9989949,0.8,0.0,1.0,1.587549090385437,-1.0883235,1.7642775,1.0012124,4.898587e-17,0.8,1.0,1.4540565013885498,-0.7915498,-0.16165523,0.9973765,-0.8,9.797174e-17,1.0,0.1618971973657608,-0.4931131,-0.86358297,0.99692386,-1.4695762e-16,-0.8,1.0,0.4972049593925476
2263,-0.01433020830154419,0,0.8756720423698425,inf,0.22872235,0.6134119,1.0040077,0.0,0.0,1.0,0.6546786427497864,1.5217981,-1.4248719,0.9990013,0.8,0.0,1.0,1.5972644090652466,-1.0947802,1.7708913,1.0012138,4.898587e-17,0.8,1.0,1.46327543258667,-0.7922007,-0.16283835,0.9973778,-0.8,9.797174e-17,1.0,0.16304610669612885,-0.49593553,-0.8642982,0.9969273,-1.4695762e-16,-0.8,1.0,0.5000957250595093
2264,-0.014425714500248432,0,0.8811571002006531,inf,0.23012641,0.61757475,1.004005,0.0,0.0,1.0,0.6590696573257446,1.5241975,-1.4345694,0.99900764,0.8,0.0,1.0,1.6070009469985962,-1.1012504,1.7775273,1.0012152,4.898587e-17,0.8,1.0,1.4725193977355957,-0.79285675,-0.16402668,0.99737895,-0.8,9.797174e-17,1.0,0.16420306265354156,-0.49876305,-0.8650161,0.99693084,-1.4695762e-16,-0.8,1.0,0.5029921531677246
2265,-0.014521505683660507,0,0.8866570591926575,inf,0.23153389,0.6217521,1.0040016,0.0,0.0,1.0,0.6634753942489624,1.5265827,-1.4442942,0.999014,0.8,0.0,1.0,1.6167588233947754,-1.1077341,1.7841855,1.0012164,4.898587e-17,0.8,1.0,1.4817885160446167,-0.79351807,-0.16522025,0.9973801,-0.8,9.797174e-17,1.0,0.16536809504032135,-0.5015956,-0.8657366,0.99693453,-1.4695762e-16,-0.8,1.0,0.505894124507904
2266,-0.014617132022976875,0,0.8921718597412109,inf,0.23294485,0.6259441,1.0039984,0.0,0.0,1.0,0.6678961515426636,1.5289537,-1.4540465,0.9990204,0.8,0.0,1.0,1.6265379190444946,-1.1142312,1.7908659,1.001218,4.898587e-17,0.8,1.0,1.491082787513733,-0.7941847,-0.16641904,0.99738103,-0.8,9.797174e-17,1.0,0.1665412038564682,-0.5044333,-0.86645967,0.9969382,-1.4695762e-16,-0.8,1.0,0.5088016986846924
2267,-0.014713057316839695,0,0.8977018594741821,inf,0.23435923,0.6301507,1.0039957,0.0,0.0,1.0,0.6723318099975586,1.5313104,-1.4638261,0.9990267,0.8,0.0,1.0,1.6363381147384644,-1.1207416,1.7975684,1.0012194,4.898587e-17,0.8,1.0,1.5004019737243652,-0.7948566,-0.16762315,0.99738234,-0.8,9.797174e-17,1.0,0.16772247850894928,-0.50727594,-0.8671853,0.99694186,-1.4695762e-16,-0.8,1.0,0.5117148756980896
2268,-0.014809721149504185,0,0.9032467007637024,inf,0.23577708,0.6343719,1.0039927,0.0,0.0,1.0,0.6767824292182922,1.5336528,-1.4736327,0.99903303,0.8,0.0,1.0,1.6461594104766846,-1.1272653,1.8042932,1.001221,4.898587e-17,0.8,1.0,1.5097460746765137,-0.7955338,-0.1688325,0.9973835,-0.8,9.797174e-17,1.0,0.16891182959079742,-0.5101236,-0.8679135,0.9969455,-1.4695762e-16,-0.8,1.0,0.5146335363388062
2269,-0.014906573109328747,0,0.908806324005127,inf,0.23719834,0.6386076,1.0039892,0.0,0.0,1.0,0.681247889995575,1.5359806,-1.4834664,0.9990393,0.8,0.0,1.0,1.6560014486312866,-1.1338023,1.8110399,1.0012223,4.898587e-17,0.8,1.0,1.5191152095794678,-0.79621625,-0.17004715,0.99738467,-0.8,9.797174e-17,1.0,0.1701093465089798,-0.5129763,-0.86864424,0.9969493,-1.4695762e-16,-0.8,1.0,0.5175577402114868
2270,-0.015003255568444729,0,0.9143808484077454,inf,0.23862307,0.6428581,1.0039858,0.0,0.0,1.0,0.6857283711433411,1.5382936,-1.4933273,0.99904555,0.8,0.0,1.0,1.6658645868301392,-1.1403524,1.8178089,1.0012238,4.898587e-17,0.8,1.0,1.5285090208053589,-0.7969041,-0.17126708,0.9973856,-0.8,9.797174e-17,1.0,0.1713150143623352,-0.5158339,-0.86937743,0.99695325,-1.4695762e-16,-0.8,1.0,0.5204874277114868
2271,-0.015100241638720036,0,0.9199703335762024,inf,0.24005122,0.64712316,1.0039828,0.0,0.0,1.0,0.690223753452301,1.5405918,-1.503215,0.99905187,0.8,0.0,1.0,1.675748348236084,-1.1469156,1.8246,1.0012254,4.898587e-17,0.8,1.0,1.5379278659820557,-0.7975972,-0.17249237,0.9973869,-0.8,9.797174e-17,1.0,0.17252889275550842,-0.5186964,-0.87011313,0.996957,-1.4695762e-16,-0.8,1.0,0.5234224796295166
2272,-0.015197835862636566,0,0.9255743026733398,inf,0.24148282,0.6514029,1.0039797,0.0,0.0,1.0,0.6947340965270996,1.542875,-1.5131295,0.99905807,0.8,0.0,1.0,1.685652732849121,-1.1534916,1.8314131,1.0012269,4.898587e-17,0.8,1.0,1.5473710298538208,-0.7982957,-0.17372295,0.99738806,-0.8,9.797174e-17,1.0,0.17375095188617706,-0.5215639,-0.87085134,0.99696076,-1.4695762e-16,-0.8,1.0,0.5263630151748657
2273,-0.015295718796551228,0,0.9311932325363159,inf,0.24291784,0.6556973,1.0039762,0.0,0.0,1.0,0.6992595195770264,1.5451431,-1.5230707,0.99906427,0.8,0.0,1.0,1.695577621459961,-1.1600807,1.8382484,1.0012282,4.898587e-17,0.8,1.0,1.556839108467102,-0.79899955,-0.1749589,0.9973893,-0.8,9.797174e-17,1.0,0.1749812364578247,-0.52443624,-0.871592,0.9969647,-1.4695762e-16,-0.8,1.0,0.5293089747428894
2274,-0.015393436886370182,0,0.9368270039558411,inf,0.24435629,0.66000634,1.0039726,0.0,0.0,1.0,0.703799843788147,1.5473958,-1.5330386,0.99907047,0.8,0.0,1.0,1.7055230140686035,-1.1666824,1.8451058,1.0012299,4.898587e-17,0.8,1.0,1.5663317441940308,-0.7997087,-0.17620017,0.99739033,-0.8,9.797174e-17,1.0,0.17621973156929016,-0.5273134,-0.872335,0.9969687,-1.4695762e-16,-0.8,1.0,0.5322602391242981
2275,-0.015491444617509842,0,0.9424751996994019,inf,0.24579817,0.6643301,1.0039697,0.0,0.0,1.0,0.7083551287651062,1.5496333,-1.543033,0.99907666,0.8,0.0,1.0,1.7154887914657593,-1.1732968,1.8519852,1.0012314,4.898587e-17,0.8,1.0,1.575848937034607,-0.8004233,-0.17744686,0.9973917,-0.8,9.797174e-17,1.0,0.1774665266275406,-0.5301954,-0.8730805,0.9969725,-1.4695762e-16,-0.8,1.0,0.5352168679237366
2276,-0.015590191818773746,0,0.9481381177902222,inf,0.2472435,0.66866857,1.0039665,0.0,0.0,1.0,0.7129254937171936,1.551855,-1.5530536,0.99908286,0.8,0.0,1.0,1.72547447681427,-1.1799239,1.8588867,1.001233,4.898587e-17,0.8,1.0,1.5853904485702515,-0.8011433,-0.17869888,0.9973929,-0.8,9.797174e-17,1.0,0.1787215620279312,-0.53308225,-0.87382835,0.99697644,-1.4695762e-16,-0.8,1.0,0.5381788611412048
2277,-0.01568923518061638,0,0.9538156390190125,inf,0.24869221,0.6730216,1.0039626,0.0,0.0,1.0,0.7175107002258301,1.5540609,-1.5631005,0.99908906,0.8,0.0,1.0,1.7354801893234253,-1.1865635,1.8658103,1.0012343,4.898587e-17,0.8,1.0,1.5949562788009644,-0.8018686,-0.17995633,0.997394,-0.8,9.797174e-17,1.0,0.1799848973751068,-0.53597385,-0.8745786,0.9969805,-1.4695762e-16,-0.8,1.0,0.5411460399627686
2278,-0.015788113698363304,0,0.9595076441764832,inf,0.25014436,0.6773895,1.003959,0.0,0.0,1.0,0.7221111059188843,1.5562509,-1.5731734,0.99909514,0.8,0.0,1.0,1.745505928993225,-1.1932155,1.8727558,1.001236,4.898587e-17,0.8,1.0,1.6045465469360352,-0.8025994,-0.18121916,0.9973951,-0.8,9.797174e-17,1.0,0.1812565177679062,-0.5388703,-0.87533116,0.99698466,-1.4695762e-16,-0.8,1.0,0.5441185832023621
2279,-0.01588728092610836,0,0.9652142524719238,inf,0.25159994,0.68177205,1.0039558,0.0,0.0,1.0,0.7267264723777771,1.5584248,-1.5832723,0.9991013,0.8,0.0,1.0,1.7555512189865112,-1.1998799,1.8797234,1.0012375,4.898587e-17,0.8,1.0,1.6141610145568848,-0.8033356,-0.18248746,0.99739647,-0.8,9.797174e-17,1.0,0.1825365126132965,-0.54177135,-0.87608606,0.99698865,-1.4695762e-16,-0.8,1.0,0.5470962524414062
2280,-0.01598718762397766,0,0.9709353446960449,inf,0.25305894,0.6861694,1.0039524,0.0,0.0,1.0,0.7313568592071533,1.5605825,-1.593397,0.9991074,0.8,0.0,1.0,1.7656161785125732,-1.2065564,1.886713,1.0012391,4.898587e-17,0.8,1.0,1.6237995624542236,-0.8040772,-0.18376115,0.99739766,-0.8,9.797174e-17,1.0,0.1838247925043106,-0.5446772,-0.8768432,0.9969927,-1.4695762e-16,-0.8,1.0,0.5500792264938354
2281,-0.01608739048242569,0,0.9766707420349121,inf,0.2545213,0.6905813,1.0039485,0.0,0.0,1.0,0.7360022068023682,1.5627238,-1.6035475,0.99911356,0.8,0.0,1.0,1.775700569152832,-1.2132452,1.8937247,1.0012405,4.898587e-17,0.8,1.0,1.6334623098373413,-0.80482423,-0.18504031,0.9973988,-0.8,9.797174e-17,1.0,0.18512146174907684,-0.5475877,-0.87760276,0.99699694,-1.4695762e-16,-0.8,1.0,0.5530673265457153
2282,-0.016187429428100586,0,0.9824207425117493,inf,0.2559871,0.6950081,1.0039446,0.0,0.0,1.0,0.740662693977356,1.5648484,-1.6137235,0.9991196,0.8,0.0,1.0,1.7858043909072876,-1.219946,1.9007583,1.001242,4.898587e-17,0.8,1.0,1.6431490182876587,-0.80557674,-0.18632491,0.9973998,-0.8,9.797174e-17,1.0,0.18642647564411163,-0.5505029,-0.8783645,0.99700123,-1.4695762e-16,-0.8,1.0,0.5560606718063354
2283,-0.016287755221128464,0,0.9881848096847534,inf,0.25745633,0.69944966,1.0039413,0.0,0.0,1.0,0.7453382611274719,1.5669564,-1.6239251,0.99912566,0.8,0.0,1.0,1.7959274053573608,-1.2266588,1.9078138,1.0012436,4.898587e-17,0.8,1.0,1.6528595685958862,-0.80633473,-0.187615,0.9974012,-0.8,9.797174e-17,1.0,0.18773990869522095,-0.55342275,-0.8791285,0.9970054,-1.4695762e-16,-0.8,1.0,0.5590590834617615
2284,-0.016388820484280586,0,0.9939634203910828,inf,0.25892895,0.70390594,1.0039377,0.0,0.0,1.0,0.7500288486480713,1.5690475,-1.6341518,0.9991317,0.8,0.0,1.0,1.8060694932937622,-1.2333834,1.9148914,1.0012451,4.898587e-17,0.8,1.0,1.662593960762024,-0.8070982,-0.18891057,0.99740237,-0.8,9.797174e-17,1.0,0.1890617311000824,-0.5563472,-0.87989473,0.9970096,-1.4695762e-16,-0.8,1.0,0.5620625615119934
2285,-0.016490180045366287,0,0.9997560381889343,inf,0.26040494,0.70837694,1.0039337,0.0,0.0,1.0,0.754734456539154,1.5711216,-1.6444038,0.9991377,0.8,0.0,1.0,1.8162305355072021,-1.2401199,1.9219909,1.0012466,4.898587e-17,0.8,1.0,1.6723524332046509,-0.8078671,-0.19021167,0.9974035,-0.8,9.797174e-17,1.0,0.19039200246334076,-0.5592762,-0.8806632,0.997014,-1.4695762e-16,-0.8,1.0,0.5650711059570312
2286,-0.016591373831033707,0,1.0055630207061768,inf,0.26188436,0.7128628,1.0039296,0.0,0.0,1.0,0.7594552040100098,1.5731784,-1.6546808,0.99914366,0.8,0.0,1.0,1.826410174369812,-1.2468681,1.9291123,1.0012481,4.898587e-17,0.8,1.0,1.6821343898773193,-0.8086415,-0.19151825,0.99740446,-0.8,9.797174e-17,1.0,0.19173067808151245,-0.56220984,-0.88143384,0.99701846,-1.4695762e-16,-0.8,1.0,0.568084716796875
2287,-0.016692856326699257,0,1.01138436794281,inf,0.26336718,0.7173635,1.003926,0.0,0.0,1.0,0.7641911506652832,1.575218,-1.6649829,0.9991497,0.8,0.0,1.0,1.8366087675094604,-1.2536279,1.9362557,1.0012497,4.898587e-17,0.8,1.0,1.691940188407898,-0.8094215,-0.1928304,0.9974058,-0.8,9.797174e-17,1.0,0.19307784736156464,-0.565148,-0.8822067,0.9970228,-1.4695762e-16,-0.8,1.0,0.5711033940315247
2288,-0.016795074567198753,0,1.0172195434570312,inf,0.2648534,0.72187895,1.0039223,0.0,0.0,1.0,0.76894211769104,1.57724,-1.6753097,0.9991557,0.8,0.0,1.0,1.8468257188796997,-1.2603992,1.943421,1.0012511,4.898587e-17,0.8,1.0,1.701769471168518,-0.8102069,-0.19414805,0.99740696,-0.8,9.797174e-17,1.0,0.19443345069885254,-0.5680907,-0.8829816,0.9970272,-1.4695762e-16,-0.8,1.0,0.5741270184516907
2289,-0.016897374764084816,0,1.023068904876709,inf,0.26634297,0.72640914,1.0039182,0.0,0.0,1.0,0.7737080454826355,1.5792444,-1.6856611,0.99916166,0.8,0.0,1.0,1.8570610284805298,-1.267182,1.9506081,1.0012525,4.898587e-17,0.8,1.0,1.7116222381591797,-0.81099784,-0.19547129,0.99740803,-0.8,9.797174e-17,1.0,0.19579757750034332,-0.5710379,-0.88375866,0.99703175,-1.4695762e-16,-0.8,1.0,0.577155590057373
2290,-0.016999628394842148,0,1.0289324522018433,inf,0.26783586,0.7309542,1.003914,0.0,0.0,1.0,0.7784891724586487,1.581231,-1.696037,0.9991675,0.8,0.0,1.0,1.8673146963119507,-1.2739762,1.9578173,1.0012541,4.898587e-17,0.8,1.0,1.7214988470077515,-0.81179434,-0.19680005,0.997409,-0.8,9.797174e-17,1.0,0.1971701830625534,-0.5739895,-0.8845379,0.9970364,-1.4695762e-16,-0.8,1.0,0.5801891088485718
2291,-0.01710178516805172,0,1.0348098278045654,inf,0.26933217,0.7355141,1.0039103,0.0,0.0,1.0,0.7832854390144348,1.5831997,-1.7064375,0.9991735,0.8,0.0,1.0,1.8775866031646729,-1.2807815,1.9650482,1.0012555,4.898587e-17,0.8,1.0,1.731398344039917,-0.81259644,-0.19813435,0.99741024,-0.8,9.797174e-17,1.0,0.1985512375831604,-0.57694566,-0.8853192,0.997041,-1.4695762e-16,-0.8,1.0,0.5832276344299316
2292,-0.017204681411385536,0,1.040701150894165,inf,0.2708318,0.7400888,1.0039064,0.0,0.0,1.0,0.7880968451499939,1.5851504,-1.7168621,0.9991794,0.8,0.0,1.0,1.8878763914108276,-1.2875981,1.972301,1.001257,4.898587e-17,0.8,1.0,1.7413214445114136,-0.8134042,-0.19947404,0.9974113,-0.8,9.797174e-17,1.0,0.19994065165519714,-0.57990617,-0.8861025,0.9970456,-1.4695762e-16,-0.8,1.0,0.5862708687782288
2293,-0.017308326438069344,0,1.046606421470642,inf,0.2723348,0.7446784,1.003902,0.0,0.0,1.0,0.7929232716560364,1.5870827,-1.7273108,0.9991853,0.8,0.0,1.0,1.8981839418411255,-1.2944257,1.9795756,1.0012583,4.898587e-17,0.8,1.0,1.751267671585083,-0.8142175,-0.200819,0.99741226,-0.8,9.797174e-17,1.0,0.2013382911682129,-0.5828711,-0.8868879,0.9970504,-1.4695762e-16,-0.8,1.0,0.5893189907073975
2294,-0.01741136610507965,0,1.052525520324707,inf,0.27384117,0.7492828,1.0038977,0.0,0.0,1.0,0.7977649569511414,1.5889966,-1.7377836,0.9991911,0.8,0.0,1.0,1.908509373664856,-1.3012644,1.9868722,1.0012597,4.898587e-17,0.8,1.0,1.7612371444702148,-0.8150364,-0.20216931,0.9974132,-0.8,9.797174e-17,1.0,0.20274421572685242,-0.5858404,-0.88767534,0.99705523,-1.4695762e-16,-0.8,1.0,0.5923720002174377
2295,-0.017514681443572044,0,1.0584584474563599,inf,0.2753508,0.7539021,1.0038937,0.0,0.0,1.0,0.8026216626167297,1.5908921,-1.7482803,0.999197,0.8,0.0,1.0,1.91885244846344,-1.3081139,1.9941905,1.0012611,4.898587e-17,0.8,1.0,1.7712297439575195,-0.81586087,-0.20352493,0.9974144,-0.8,9.797174e-17,1.0,0.20415839552879333,-0.5888141,-0.88846475,0.99706,-1.4695762e-16,-0.8,1.0,0.5954297780990601
2296,-0.0176188126206398,0,1.064405083656311,inf,0.2768636,0.7585362,1.0038898,0.0,0.0,1.0,0.8074935078620911,1.5927688,-1.7588006,0.9992029,0.8,0.0,1.0,1.929213047027588,-1.3149744,2.0015306,1.0012625,4.898587e-17,0.8,1.0,1.781245470046997,-0.816691,-0.20488575,0.9974155,-0.8,9.797174e-17,1.0,0.2055807262659073,-0.5917921,-0.8892562,0.9970648,-1.4695762e-16,-0.8,1.0,0.598492443561554
2297,-0.01772410236299038,0,1.0703651905059814,inf,0.27837968,0.76318514,1.0038851,0.0,0.0,1.0,0.8123803734779358,1.5946268,-1.7693446,0.99920875,0.8,0.0,1.0,1.9395908117294312,-1.3218455,2.0088925,1.0012637,4.898587e-17,0.8,1.0,1.7912840843200684,-0.8175267,-0.20625167,0.9974164,-0.8,9.797174e-17,1.0,0.2070111334323883,-0.59477437,-0.8900496,0.99706984,-1.4695762e-16,-0.8,1.0,0.6015596985816956
2298,-0.017828768119215965,0,1.0763390064239502,inf,0.27989897,0.76784897,1.0038806,0.0,0.0,1.0,0.8172824382781982,1.5964656,-1.7799119,0.99921453,0.8,0.0,1.0,1.9499857425689697,-1.3287272,2.0162761,1.0012652,4.898587e-17,0.8,1.0,1.8013454675674438,-0.8183679,-0.2076227,0.9974173,-0.8,9.797174e-17,1.0,0.2084496021270752,-0.597761,-0.89084494,0.99707496,-1.4695762e-16,-0.8,1.0,0.6046317219734192
2299,-0.017933707684278488,0,1.0823264122009277,inf,0.2814214,0.77252775,1.0038766,0.0,0.0,1.0,0.8221995830535889,1.5982854,-1.7905027,0.9992204,0.8,0.0,1.0,1.9603979587554932,-1.3356196,2.0236816,1.0012665,4.898587e-17,0.8,1.0,1.8114298582077026,-0.81921476,-0.20899887,0.9974185,-0.8,9.797174e-17,1.0,0.20989616215229034,-0.6007518,-0.8916422,0.99707997,-1.4695762e-16,-0.8,1.0,0.6077084541320801
2300,-0.018039340153336525,0,1.0883272886276245,inf,0.28294688,0.7772213,1.0038724,0.0,0.0,1.0,0.8271317481994629,1.600086,-1.8011166,0.99922615,0.8,0.0,1.0,1.9708271026611328,-1.3425224,2.0311089,1.0012679,4.898587e-17,0.8,1.0,1.8215370178222656,-0.8200672,-0.21038005,0.99741954,-0.8,9.797174e-17,1.0,0.2113506942987442,-0.60374695,-0.8924414,0.997085,-1.4695762e-16,-0.8,1.0,0.6107898950576782
2301,-0.018145713955163956,0,1.094341516494751,inf,0.28447548,0.78192973,1.0038676,0.0,0.0,1.0,0.8320789337158203,1.6018671,-1.8117535,0.99923193,0.8,0.0,1.0,1.98127281665802,-1.3494356,2.0385578,1.001269,4.898587e-17,0.8,1.0,1.8316669464111328,-0.82092535,-0.21176612,0.99742043,-0.8,9.797174e-17,1.0,0.2128130942583084,-0.6067462,-0.89324254,0.9970902,-1.4695762e-16,-0.8,1.0,0.6138758659362793
2302,-0.018251916393637657,0,1.1003692150115967,inf,0.28600717,0.78665304,1.003863,0.0,0.0,1.0,0.8370411992073059,1.6036286,-1.8224133,0.99923766,0.8,0.0,1.0,1.9917353391647339,-1.356359,2.0460286,1.0012704,4.898587e-17,0.8,1.0,1.841819405555725,-0.82178897,-0.21315713,0.9974213,-0.8,9.797174e-17,1.0,0.21428339183330536,-0.60974973,-0.8940455,0.9970956,-1.4695762e-16,-0.8,1.0,0.6169665455818176
2303,-0.018357476219534874,0,1.106410264968872,inf,0.28754196,0.7913913,1.0038587,0.0,0.0,1.0,0.8420186638832092,1.6053705,-1.833096,0.99924344,0.8,0.0,1.0,2.0022144317626953,-1.3632927,2.053521,1.0012717,4.898587e-17,0.8,1.0,1.851994514465332,-0.8226582,-0.21455307,0.9974225,-0.8,9.797174e-17,1.0,0.21576157212257385,-0.6127573,-0.89485025,0.99710083,-1.4695762e-16,-0.8,1.0,0.6200616955757141
2304,-0.018463769927620888,0,1.112464427947998,inf,0.28907982,0.79614455,1.0038549,0.0,0.0,1.0,0.8470113277435303,1.6070927,-1.8438011,0.99924916,0.8,0.0,1.0,2.0127100944519043,-1.3702365,2.061035,1.0012732,4.898587e-17,0.8,1.0,1.862191915512085,-0.8235331,-0.21595383,0.99742365,-0.8,9.797174e-17,1.0,0.21724756062030792,-0.61576915,-0.8956569,0.99710596,-1.4695762e-16,-0.8,1.0,0.6231614947319031
2305,-0.01857016235589981,0,1.1185319423675537,inf,0.29062077,0.8009126,1.0038509,0.0,0.0,1.0,0.8520189523696899,1.608795,-1.8545285,0.99925506,0.8,0.0,1.0,2.023221731185913,-1.3771904,2.0685706,1.0012743,4.898587e-17,0.8,1.0,1.8724119663238525,-0.8244137,-0.21735938,0.997425,-0.8,9.797174e-17,1.0,0.218741312623024,-0.618785,-0.89646536,0.99711114,-1.4695762e-16,-0.8,1.0,0.6262657642364502
2306,-0.018677279353141785,0,1.1246123313903809,inf,0.29216474,0.80569565,1.0038469,0.0,0.0,1.0,0.8570417165756226,1.6104773,-1.8652776,0.99926084,0.8,0.0,1.0,2.0337488651275635,-1.3841541,2.076128,1.0012757,4.898587e-17,0.8,1.0,1.8826541900634766,-0.8253001,-0.21876961,0.99742633,-0.8,9.797174e-17,1.0,0.2202427238225937,-0.6218051,-0.8972757,0.99711645,-1.4695762e-16,-0.8,1.0,0.629374623298645
2307,-0.01878519542515278,0,1.1307059526443481,inf,0.2937118,0.8104935,1.0038425,0.0,0.0,1.0,0.8620795607566833,1.612139,-1.8760484,0.99926674,0.8,0.0,1.0,2.0442914962768555,-1.3911277,2.083707,1.0012769,4.898587e-17,0.8,1.0,1.8929189443588257,-0.8261924,-0.2201845,0.9974276,-0.8,9.797174e-17,1.0,0.22175182402133942,-0.6248292,-0.89808786,0.9971219,-1.4695762e-16,-0.8,1.0,0.632487952709198
2308,-0.018893472850322723,0,1.136812448501587,inf,0.2952619,0.8153063,1.0038373,0.0,0.0,1.0,0.8671324253082275,1.61378,-1.8868406,0.9992724,0.8,0.0,1.0,2.05484938621521,-1.3981111,2.0913079,1.0012779,4.898587e-17,0.8,1.0,1.9032058715820312,-0.82709044,-0.22160396,0.99742854,-0.8,9.797174e-17,1.0,0.22326849400997162,-0.6278573,-0.8989019,0.99712765,-1.4695762e-16,-0.8,1.0,0.6356057524681091
2309,-0.019002031534910202,0,1.1429316997528076,inf,0.296815,0.82013404,1.0038323,0.0,0.0,1.0,0.8722004890441895,1.6154001,-1.8976543,0.9992782,0.8,0.0,1.0,2.065422296524048,-1.4051042,2.0989301,1.0012791,4.898587e-17,0.8,1.0,1.9135147333145142,-0.8279945,-0.22302797,0.9974297,-0.8,9.797174e-17,1.0,0.2247927337884903,-0.63088953,-0.89971775,0.9971335,-1.4695762e-16,-0.8,1.0,0.6387280225753784
2310,-0.01911020278930664,0,1.1490638256072998,inf,0.29837117,0.8249767,1.0038272,0.0,0.0,1.0,0.8772836327552795,1.616999,-1.9084891,0.9992838,0.8,0.0,1.0,2.076010227203369,-1.4121068,2.106574,1.0012804,4.898587e-17,0.8,1.0,1.923845887184143,-0.82890457,-0.22445641,0.9974307,-0.8,9.797174e-17,1.0,0.22632445394992828,-0.6339258,-0.9005354,0.9971394,-1.4695762e-16,-0.8,1.0,0.6418547034263611
2311,-0.019218184053897858,0,1.155208706855774,inf,0.2999303,0.82983434,1.0038226,0.0,0.0,1.0,0.8823819160461426,1.6185769,-1.9193453,0.9992895,0.8,0.0,1.0,2.086613178253174,-1.419119,2.1142395,1.0012816,4.898587e-17,0.8,1.0,1.9341990947723389,-0.8298207,-0.22588928,0.9974321,-0.8,9.797174e-17,1.0,0.2278636246919632,-0.636966,-0.90135497,0.99714524,-1.4695762e-16,-0.8,1.0,0.6449857354164124
2312,-0.019326433539390564,0,1.16136634349823,inf,0.3014923,0.834707,1.0038183,0.0,0.0,1.0,0.8874953389167786,1.6201336,-1.930222,0.9992952,0.8,0.0,1.0,2.0972306728363037,-1.4261405,2.1219265,1.001283,4.898587e-17,0.8,1.0,1.9445741176605225,-0.8307429,-0.22732647,0.99743354,-0.8,9.797174e-17,1.0,0.22941018640995026,-0.64001024,-0.9021764,0.99715096,-1.4695762e-16,-0.8,1.0,0.6481212973594666
2313,-0.019434945657849312,0,1.1675366163253784,inf,0.30305713,0.83959454,1.003814,0.0,0.0,1.0,0.892623782157898,1.621669,-1.9411196,0.99930096,0.8,0.0,1.0,2.107862710952759,-1.4331715,2.129635,1.0012842,4.898587e-17,0.8,1.0,1.9549710750579834,-0.8316713,-0.22876796,0.99743515,-0.8,9.797174e-17,1.0,0.23096412420272827,-0.6430584,-0.9029996,0.9971566,-1.4695762e-16,-0.8,1.0,0.6512611508369446
2314,-0.019544178619980812,0,1.1737192869186401,inf,0.30462468,0.8444971,1.0038097,0.0,0.0,1.0,0.8977672457695007,1.6231828,-1.9520371,0.9993067,0.8,0.0,1.0,2.1185085773468018,-1.4402117,2.1373653,1.0012854,4.898587e-17,0.8,1.0,1.9653898477554321,-0.8326059,-0.23021366,0.9974368,-0.8,9.797174e-17,1.0,0.23252536356449127,-0.6461106,-0.9038246,0.99716246,-1.4695762e-16,-0.8,1.0,0.6544054746627808
2315,-0.01965438202023506,0,1.1799143552780151,inf,0.30619487,0.8494144,1.0038048,0.0,0.0,1.0,0.9029255509376526,1.6246747,-1.9629745,0.9993125,0.8,0.0,1.0,2.1291682720184326,-1.4472609,2.145117,1.0012865,4.898587e-17,0.8,1.0,1.975830316543579,-0.8335468,-0.23166351,0.9974383,-0.8,9.797174e-17,1.0,0.23409385979175568,-0.64916664,-0.9046515,0.9971685,-1.4695762e-16,-0.8,1.0,0.657554030418396
2316,-0.019765302538871765,0,1.186121940612793,inf,0.3077676,0.8543467,1.0037993,0.0,0.0,1.0,0.9080988764762878,1.6261445,-1.9739319,0.9993181,0.8,0.0,1.0,2.1398415565490723,-1.4543192,2.1528902,1.0012878,4.898587e-17,0.8,1.0,1.9862924814224243,-0.834494,-0.23311752,0.9974397,-0.8,9.797174e-17,1.0,0.23566962778568268,-0.6522266,-0.9054802,0.99717474,-1.4695762e-16,-0.8,1.0,0.6607069373130798
2317,-0.019876953214406967,0,1.1923418045043945,inf,0.3093428,0.85929394,1.0037938,0.0,0.0,1.0,0.9132871627807617,1.6275918,-1.9849089,0.9993238,0.8,0.0,1.0,2.1505284309387207,-1.4613867,2.1606848,1.001289,4.898587e-17,0.8,1.0,1.9967764616012573,-0.8354475,-0.23457573,0.9974411,-0.8,9.797174e-17,1.0,0.23725269734859467,-0.6552905,-0.9063108,0.9971811,-1.4695762e-16,-0.8,1.0,0.6638641357421875
2318,-0.019987046718597412,0,1.1985738277435303,inf,0.31092054,0.8642564,1.0037884,0.0,0.0,1.0,0.9184906482696533,1.6290168,-1.9959056,0.9993293,0.8,0.0,1.0,2.1612284183502197,-1.468463,2.168501,1.0012906,4.898587e-17,0.8,1.0,2.007281541824341,-0.8364074,-0.23603818,0.99744236,-0.8,9.797174e-17,1.0,0.23884317278862,-0.6583582,-0.9071432,0.99718755,-1.4695762e-16,-0.8,1.0,0.6670255661010742
2319,-0.02009740099310875,0,1.2048183679580688,inf,0.31250075,0.8692339,1.0037832,0.0,0.0,1.0,0.9237091541290283,1.630419,-2.0069218,0.99933505,0.8,0.0,1.0,2.1719417572021484,-1.475548,2.1763387,1.0012919,4.898587e-17,0.8,1.0,2.017808675765991,-0.837374,-0.23750481,0.99744415,-0.8,9.797174e-17,1.0,0.24044100940227509,-0.6614298,-0.9079774,0.997194,-1.4695762e-16,-0.8,1.0,0.6701913475990295
2320,-0.020208027213811874,0,1.2110750675201416,inf,0.31408334,0.8742265,1.0037786,0.0,0.0,1.0,0.9289427399635315,1.6317987,-2.0179572,0.99934065,0.8,0.0,1.0,2.1826682090759277,-1.4826418,2.1841977,1.0012934,4.898587e-17,0.8,1.0,2.0283570289611816,-0.8383471,-0.23897558,0.9974461,-0.8,9.797174e-17,1.0,0.24204617738723755,-0.66450524,-0.9088134,0.9972003,-1.4695762e-16,-0.8,1.0,0.6733612418174744
2321,-0.020319366827607155,0,1.2173439264297485,inf,0.31566826,0.87923425,1.0037737,0.0,0.0,1.0,0.9341914057731628,1.6331558,-2.0290112,0.99934644,0.8,0.0,1.0,2.1934072971343994,-1.4897442,2.192078,1.0012947,4.898587e-17,0.8,1.0,2.038926601409912,-0.83932674,-0.24045056,0.9974484,-0.8,9.797174e-17,1.0,0.24365872144699097,-0.6675844,-0.9096513,0.9972067,-1.4695762e-16,-0.8,1.0,0.676535427570343
2322,-0.0204305499792099,0,1.2236248254776,inf,0.31725538,0.884257,1.0037688,0.0,0.0,1.0,0.939454972743988,1.6344899,-2.040084,0.9993521,0.8,0.0,1.0,2.2041587829589844,-1.4968553,2.19998,1.0012962,4.898587e-17,0.8,1.0,2.0495173931121826,-0.8403132,-0.24192978,0.9974507,-0.8,9.797174e-17,1.0,0.2452787607908249,-0.67066747,-0.91049093,0.9972132,-1.4695762e-16,-0.8,1.0,0.6797138452529907
2323,-0.020542524755001068,0,1.2299176454544067,inf,0.31884468,0.8892948,1.0037634,0.0,0.0,1.0,0.9447335004806519,1.6358006,-2.0511749,0.9993579,0.8,0.0,1.0,2.2149224281311035,-1.5039747,2.2079034,1.0012975,4.898587e-17,0.8,1.0,2.0601296424865723,-0.8413064,-0.24341317,0.99745286,-0.8,9.797174e-17,1.0,0.24690620601177216,-0.6737542,-0.9113324,0.9972199,-1.4695762e-16,-0.8,1.0,0.6828963160514832
2324,-0.02065521664917469,0,1.2362221479415894,inf,0.32043606,0.8943476,1.0037576,0.0,0.0,1.0,0.9500268697738647,1.6370878,-2.0622838,0.9993635,0.8,0.0,1.0,2.2256977558135986,-1.5111026,2.215848,1.001299,4.898587e-17,0.8,1.0,2.070762872695923,-0.8423065,-0.24490067,0.9974547,-0.8,9.797174e-17,1.0,0.24854105710983276,-0.6768446,-0.91217583,0.9972268,-1.4695762e-16,-0.8,1.0,0.6860828995704651
2325,-0.0207681804895401,0,1.2425389289855957,inf,0.3220295,0.89941543,1.0037515,0.0,0.0,1.0,0.9553351402282715,1.6383513,-2.073411,0.99936914,0.8,0.0,1.0,2.236485242843628,-1.5182387,2.223814,1.0013008,4.898587e-17,0.8,1.0,2.0814170837402344,-0.8433134,-0.24639238,0.9974569,-0.8,9.797174e-17,1.0,0.2501833736896515,-0.67993855,-0.913021,0.99723387,-1.4695762e-16,-0.8,1.0,0.6892734169960022
2326,-0.020880838856101036,0,1.2488672733306885,inf,0.3236249,0.90449834,1.0037454,0.0,0.0,1.0,0.9606582522392273,1.639591,-2.0845559,0.9993747,0.8,0.0,1.0,2.247284412384033,-1.525383,2.2318015,1.0013027,4.898587e-17,0.8,1.0,2.092092514038086,-0.84432733,-0.24788831,0.9974589,-0.8,9.797174e-17,1.0,0.2518332302570343,-0.6830359,-0.9138681,0.99724096,-1.4695762e-16,-0.8,1.0,0.6924677491188049
2327,-0.020993303507566452,0,1.2552073001861572,inf,0.3252223,0.9095963,1.0037396,0.0,0.0,1.0,0.9659963846206665,1.6408067,-2.0957186,0.9993804,0.8,0.0,1.0,2.2580950260162354,-1.5325354,2.2398102,1.0013045,4.898587e-17,0.8,1.0,2.1027886867523193,-0.8453484,-0.24938844,0.9974615,-0.8,9.797174e-17,1.0,0.2534906566143036,-0.68613666,-0.9147171,0.99724823,-1.4695762e-16,-0.8,1.0,0.6956659555435181
2328,-0.021106017753481865,0,1.261559247970581,inf,0.32682163,0.91470945,1.0037342,0.0,0.0,1.0,0.9713494181632996,1.6419984,-2.106899,0.99938613,0.8,0.0,1.0,2.2689173221588135,-1.5396959,2.2478402,1.0013063,4.898587e-17,0.8,1.0,2.1135058403015137,-0.8463766,-0.2508927,0.9974644,-0.8,9.797174e-17,1.0,0.2551555633544922,-0.68924075,-0.91556793,0.9972554,-1.4695762e-16,-0.8,1.0,0.6988678574562073
2329,-0.021219201385974884,0,1.2679225206375122,inf,0.32842278,0.9198376,1.0037286,0.0,0.0,1.0,0.9767172932624817,1.6431661,-2.1180964,0.999392,0.8,0.0,1.0,2.279750347137451,-1.546864,2.2558916,1.0013082,4.898587e-17,0.8,1.0,2.1242434978485107,-0.8474119,-0.25240117,0.9974676,-0.8,9.797174e-17,1.0,0.25682806968688965,-0.69234824,-0.9164207,0.9972626,-1.4695762e-16,-0.8,1.0,0.7020736336708069
2330,-0.02133307419717312,0,1.2742974758148193,inf,0.33002573,0.9249808,1.003723,0.0,0.0,1.0,0.9821000099182129,1.6443095,-2.1293106,0.9993978,0.8,0.0,1.0,2.2905943393707275,-1.5540398,2.2639642,1.0013101,4.898587e-17,0.8,1.0,2.1350018978118896,-0.8484545,-0.25391388,0.99747086,-0.8,9.797174e-17,1.0,0.25850820541381836,-0.69545895,-0.9172753,0.99726987,-1.4695762e-16,-0.8,1.0,0.705282986164093
2331,-0.021447211503982544,0,1.2806837558746338,inf,0.33163047,0.93013895,1.003717,0.0,0.0,1.0,0.9874973893165588,1.6454283,-2.1405413,0.99940366,0.8,0.0,1.0,2.3014488220214844,-1.5612231,2.2720578,1.0013121,4.898587e-17,0.8,1.0,2.145780563354492,-0.8495044,-0.25543073,0.99747396,-0.8,9.797174e-17,1.0,0.26019594073295593,-0.6985728,-0.9181318,0.9972774,-1.4695762e-16,-0.8,1.0,0.7084959149360657
2332,-0.02156158909201622,0,1.287081241607666,inf,0.33323684,0.93531215,1.0037102,0.0,0.0,1.0,0.9929095506668091,1.6465222,-2.1517885,0.9994094,0.8,0.0,1.0,2.3123135566711426,-1.5684137,2.2801728,1.0013143,4.898587e-17,0.8,1.0,2.1565794944763184,-0.85056174,-0.25695175,0.997477,-0.8,9.797174e-17,1.0,0.26189130544662476,-0.7016897,-0.9189903,0.9972851,-1.4695762e-16,-0.8,1.0,0.7117123603820801
2333,-0.0216766856610775,0,1.2934900522232056,inf,0.33484492,0.9405004,1.0037034,0.0,0.0,1.0,0.9983364939689636,1.647591,-2.163052,0.9994151,0.8,0.0,1.0,2.323188543319702,-1.5756116,2.288309,1.0013167,4.898587e-17,0.8,1.0,2.1673989295959473,-0.85162646,-0.25847694,0.9974803,-0.8,9.797174e-17,1.0,0.2635943293571472,-0.70480955,-0.9198507,0.9972932,-1.4695762e-16,-0.8,1.0,0.7149321436882019
2334,-0.021791571751236916,0,1.2999101877212524,inf,0.3364546,0.9457037,1.0036964,0.0,0.0,1.0,1.003778338432312,1.6486347,-2.174332,0.99942076,0.8,0.0,1.0,2.334073781967163,-1.5828165,2.2964666,1.0013192,4.898587e-17,0.8,1.0,2.1782383918762207,-0.85269874,-0.2600064,0.9974835,-0.8,9.797174e-17,1.0,0.26530513167381287,-0.7079323,-0.92071307,0.99730116,-1.4695762e-16,-0.8,1.0,0.7181553244590759
2335,-0.021905789151787758,0,1.3063414096832275,inf,0.33806583,0.950922,1.0036898,0.0,0.0,1.0,1.0092347860336304,1.6496531,-2.1856277,0.9994266,0.8,0.0,1.0,2.3449690341949463,-1.5900284,2.304645,1.0013216,4.898587e-17,0.8,1.0,2.1890978813171387,-0.85377866,-0.26154006,0.9974872,-0.8,9.797174e-17,1.0,0.2670236825942993,-0.7110578,-0.9215774,0.9973093,-1.4695762e-16,-0.8,1.0,0.721381664276123
2336,-0.02202022820711136,0,1.3127835988998413,inf,0.33967856,0.9561554,1.0036834,0.0,0.0,1.0,1.014706015586853,1.6506463,-2.1969392,0.99943244,0.8,0.0,1.0,2.3558738231658936,-1.597247,2.3128448,1.001324,4.898587e-17,0.8,1.0,2.199977159500122,-0.8548662,-0.26307783,0.99749124,-0.8,9.797174e-17,1.0,0.2687499523162842,-0.7141859,-0.9224437,0.9973174,-1.4695762e-16,-0.8,1.0,0.7246110439300537
2337,-0.022135375067591667,0,1.3192367553710938,inf,0.3412928,0.9614039,1.0036769,0.0,0.0,1.0,1.02019202709198,1.6516142,-2.2082663,0.99943835,0.8,0.0,1.0,2.366788387298584,-1.6044722,2.3210654,1.0013267,4.898587e-17,0.8,1.0,2.210875988006592,-0.8559615,-0.26461983,0.9974954,-0.8,9.797174e-17,1.0,0.2704840302467346,-0.71731657,-0.923312,0.99732554,-1.4695762e-16,-0.8,1.0,0.7278434634208679
2338,-0.022251194342970848,0,1.3257007598876953,inf,0.34290838,0.9666674,1.0036703,0.0,0.0,1.0,1.0256927013397217,1.6525564,-2.2196083,0.99944425,0.8,0.0,1.0,2.3777120113372803,-1.6117039,2.3293073,1.0013293,4.898587e-17,0.8,1.0,2.221794843673706,-0.85706455,-0.26616612,0.99749976,-0.8,9.797174e-17,1.0,0.2722260355949402,-0.7204497,-0.92418236,0.99733377,-1.4695762e-16,-0.8,1.0,0.7310787439346313
2339,-0.022366808727383614,0,1.3321754932403564,inf,0.34452537,0.9719459,1.0036632,0.0,0.0,1.0,1.0312080383300781,1.6534728,-2.2309651,0.99945015,0.8,0.0,1.0,2.388644218444824,-1.6189418,2.3375702,1.001332,4.898587e-17,0.8,1.0,2.2327330112457275,-0.8581755,-0.26771656,0.997504,-0.8,9.797174e-17,1.0,0.2739758789539337,-0.7235852,-0.9250547,0.9973422,-1.4695762e-16,-0.8,1.0,0.7343169450759888
2340,-0.022482654079794884,0,1.3386611938476562,inf,0.34614363,0.9772394,1.0036559,0.0,0.0,1.0,1.0367379188537598,1.6543632,-2.2423368,0.999456,0.8,0.0,1.0,2.399585485458374,-1.626186,2.345854,1.0013349,4.898587e-17,0.8,1.0,2.2436907291412354,-0.8592944,-0.26927117,0.99750835,-0.8,9.797174e-17,1.0,0.2757335603237152,-0.72672296,-0.9259292,0.9973508,-1.4695762e-16,-0.8,1.0,0.7375577688217163
2341,-0.022598756477236748,0,1.3451571464538574,inf,0.34776318,0.98254794,1.0036486,0.0,0.0,1.0,1.0422825813293457,1.6552274,-2.2537227,0.9994619,0.8,0.0,1.0,2.4105353355407715,-1.6334363,2.3541589,1.001338,4.898587e-17,0.8,1.0,2.2546675205230713,-0.86042124,-0.27083,0.9975127,-0.8,9.797174e-17,1.0,0.2774991989135742,-0.72986287,-0.9268057,0.9973595,-1.4695762e-16,-0.8,1.0,0.740801215171814
2342,-0.022715400904417038,0,1.3516638278961182,inf,0.34938392,0.9878715,1.0036416,0.0,0.0,1.0,1.0478417873382568,1.6560656,-2.265123,0.9994678,0.8,0.0,1.0,2.4214932918548584,-1.6406924,2.362485,1.001341,4.898587e-17,0.8,1.0,2.2656638622283936,-0.8615561,-0.2723931,0.9975174,-0.8,9.797174e-17,1.0,0.27927282452583313,-0.73300487,-0.92768425,0.99736816,-1.4695762e-16,-0.8,1.0,0.744047224521637
2343,-0.02283136174082756,0,1.3581808805465698,inf,0.35100585,0.99321014,1.0036343,0.0,0.0,1.0,1.0534157752990723,1.6568776,-2.2765367,0.9994737,0.8,0.0,1.0,2.432459592819214,-1.6479542,2.3708317,1.001344,4.898587e-17,0.8,1.0,2.276679039001465,-0.8626992,-0.27396044,0.99752223,-0.8,9.797174e-17,1.0,0.2810545265674591,-0.73614883,-0.928565,0.9973769,-1.4695762e-16,-0.8,1.0,0.7472957372665405
2344,-0.02294844388961792,0,1.3647081851959229,inf,0.35262886,0.9985638,1.0036272,0.0,0.0,1.0,1.0590041875839233,1.6576632,-2.287964,0.9994796,0.8,0.0,1.0,2.4434332847595215,-1.6552217,2.3791993,1.0013471,4.898587e-17,0.8,1.0,2.287713050842285,-0.86385053,-0.27553192,0.99752724,-0.8,9.797174e-17,1.0,0.282844215631485,-0.7392947,-0.92944795,0.9973857,-1.4695762e-16,-0.8,1.0,0.7505466341972351
2345,-0.02306577004492283,0,1.3712459802627563,inf,0.35425296,1.0039325,1.0036194,0.0,0.0,1.0,1.0646072626113892,1.658422,-2.2994046,0.99948543,0.8,0.0,1.0,2.4544143676757812,-1.6624947,2.387588,1.0013503,4.898587e-17,0.8,1.0,2.2987663745880127,-0.86500996,-0.27710766,0.99753207,-0.8,9.797174e-17,1.0,0.28464195132255554,-0.7424424,-0.9303331,0.9973946,-1.4695762e-16,-0.8,1.0,0.7537999153137207
2346,-0.02318386547267437,0,1.377793788909912,inf,0.35587806,1.0093161,1.0036118,0.0,0.0,1.0,1.0702247619628906,1.659154,-2.3108582,0.9994913,0.8,0.0,1.0,2.4654030799865723,-1.6697729,2.3959975,1.0013536,4.898587e-17,0.8,1.0,2.309838056564331,-0.8661778,-0.27868766,0.997537,-0.8,9.797174e-17,1.0,0.2864478528499603,-0.7455919,-0.9312205,0.9974036,-1.4695762e-16,-0.8,1.0,0.7570553421974182
2347,-0.023300811648368835,0,1.3843518495559692,inf,0.35750413,1.0147148,1.0036039,0.0,0.0,1.0,1.0758570432662964,1.6598591,-2.3223245,0.99949706,0.8,0.0,1.0,2.476398468017578,-1.6770563,2.404428,1.001357,4.898587e-17,0.8,1.0,2.3209285736083984,-0.86735404,-0.28027192,0.9975419,-0.8,9.797174e-17,1.0,0.28826195001602173,-0.74874306,-0.9321102,0.99741274,-1.4695762e-16,-0.8,1.0,0.7603130340576172
2348,-0.02341843955218792,0,1.3909199237823486,inf,0.35913113,1.0201286,1.0035965,0.0,0.0,1.0,1.0815038681030273,1.6605372,-2.3338034,0.99950296,0.8,0.0,1.0,2.487401008605957,-1.6843448,2.412879,1.0013603,4.898587e-17,0.8,1.0,2.3320372104644775,-0.86853874,-0.28186035,0.9975471,-0.8,9.797174e-17,1.0,0.29008418321609497,-0.7518959,-0.9330021,0.99742174,-1.4695762e-16,-0.8,1.0,0.7635729908943176
2349,-0.023536846041679382,0,1.3974977731704712,inf,0.360759,1.0255573,1.003589,0.0,0.0,1.0,1.0871649980545044,1.6611885,-2.3452945,0.9995088,0.8,0.0,1.0,2.4984099864959717,-1.6916381,2.421351,1.0013635,4.898587e-17,0.8,1.0,2.3431646823883057,-0.86973196,-0.28345305,0.99755234,-0.8,9.797174e-17,1.0,0.2919146716594696,-0.7550503,-0.9338964,0.99743074,-1.4695762e-16,-0.8,1.0,0.7668349146842957
2350,-0.023655908182263374,0,1.4040858745574951,inf,0.3623877,1.0310011,1.0035813,0.0,0.0,1.0,1.0928407907485962,1.6618125,-2.3567975,0.9995145,0.8,0.0,1.0,2.509425163269043,-1.6989361,2.4298437,1.001367,4.898587e-17,0.8,1.0,2.3543100357055664,-0.8709337,-0.28505006,0.9975574,-0.8,9.797174e-17,1.0,0.2937534749507904,-0.75820625,-0.93479306,0.99743974,-1.4695762e-16,-0.8,1.0,0.7700989842414856
2351,-0.023773839697241783,0,1.410683512687683,inf,0.36401725,1.0364598,1.0035734,0.0,0.0,1.0,1.098530888557434,1.6624093,-2.3683124,0.9995203,0.8,0.0,1.0,2.520447015762329,-1.7062387,2.438357,1.0013704,4.898587e-17,0.8,1.0,2.365473985671997,-0.87214416,-0.2866513,0.9975624,-0.8,9.797174e-17,1.0,0.295600563287735,-0.7613637,-0.9356921,0.9974489,-1.4695762e-16,-0.8,1.0,0.7733650803565979
2352,-0.02389242686331272,0,1.4172910451889038,inf,0.3656476,1.0419337,1.0035659,0.0,0.0,1.0,1.1042357683181763,1.6629789,-2.3798387,0.9995261,0.8,0.0,1.0,2.5314748287200928,-1.7135458,2.4468913,1.0013738,4.898587e-17,0.8,1.0,2.3766558170318604,-0.8733634,-0.2882568,0.9975678,-0.8,9.797174e-17,1.0,0.2974559962749481,-0.7645226,-0.9365935,0.9974579,-1.4695762e-16,-0.8,1.0,0.7766331434249878
2353,-0.024011682718992233,0,1.4239082336425781,inf,0.3672788,1.0474226,1.0035583,0.0,0.0,1.0,1.1099551916122437,1.6635212,-2.391376,0.99953175,0.8,0.0,1.0,2.542508125305176,-1.7208573,2.455446,1.0013771,4.898587e-17,0.8,1.0,2.387855291366577,-0.8745913,-0.28986657,0.99757314,-0.8,9.797174e-17,1.0,0.299319863319397,-0.76768285,-0.9374973,0.9974669,-1.4695762e-16,-0.8,1.0,0.7799031138420105
2354,-0.02413160353899002,0,1.4305354356765747,inf,0.3689108,1.0529265,1.0035505,0.0,0.0,1.0,1.1156890392303467,1.6640359,-2.4029245,0.9995374,0.8,0.0,1.0,2.5535473823547363,-1.7281729,2.4640214,1.0013806,4.898587e-17,0.8,1.0,2.3990728855133057,-0.8758281,-0.29148063,0.9975783,-0.8,9.797174e-17,1.0,0.30119216442108154,-0.7708445,-0.93840355,0.9974759,-1.4695762e-16,-0.8,1.0,0.7831750512123108
2355,-0.024250632151961327,0,1.4371718168258667,inf,0.37054354,1.0584455,1.0035427,0.0,0.0,1.0,1.1214373111724854,1.6645232,-2.4144835,0.9995431,0.8,0.0,1.0,2.564591884613037,-1.7354925,2.4726176,1.0013841,4.898587e-17,0.8,1.0,2.410308361053467,-0.8770739,-0.29309902,0.99758345,-0.8,9.797174e-17,1.0,0.3030730187892914,-0.77400744,-0.93931234,0.997485,-1.4695762e-16,-0.8,1.0,0.7864488363265991
2356,-0.024369852617383003,0,1.4438178539276123,inf,0.37217706,1.0639795,1.0035352,0.0,0.0,1.0,1.1272003650665283,1.664983,-2.426053,0.99954873,0.8,0.0,1.0,2.575641632080078,-1.742816,2.4812343,1.0013875,4.898587e-17,0.8,1.0,2.4215612411499023,-0.8783286,-0.29472163,0.9975888,-0.8,9.797174e-17,1.0,0.3049623370170593,-0.7771716,-0.9402236,0.997494,-1.4695762e-16,-0.8,1.0,0.7897244095802307
2357,-0.02449018508195877,0,1.4504735469818115,inf,0.37381133,1.0695286,1.0035276,0.0,0.0,1.0,1.132977843284607,1.6654152,-2.4376328,0.99955434,0.8,0.0,1.0,2.586696147918701,-1.7501433,2.4898715,1.0013908,4.898587e-17,0.8,1.0,2.4328315258026123,-0.87959236,-0.29634857,0.99759424,-0.8,9.797174e-17,1.0,0.3068602383136749,-0.780337,-0.9411373,0.9975028,-1.4695762e-16,-0.8,1.0,0.7930017709732056
2358,-0.024610726162791252,0,1.4571385383605957,inf,0.37544635,1.0750927,1.0035198,0.0,0.0,1.0,1.1387697458267212,1.6658196,-2.4492223,0.9995598,0.8,0.0,1.0,2.5977554321289062,-1.7574743,2.4985292,1.0013943,4.898587e-17,0.8,1.0,2.444119453430176,-0.88086516,-0.29797986,0.9975995,-0.8,9.797174e-17,1.0,0.30876678228378296,-0.78350353,-0.9420536,0.99751174,-1.4695762e-16,-0.8,1.0,0.7962808609008789
2359,-0.02473057247698307,0,1.4638127088546753,inf,0.37708208,1.0806719,1.003512,0.0,0.0,1.0,1.1445763111114502,1.6661962,-2.4608216,0.99956536,0.8,0.0,1.0,2.6088194847106934,-1.7648088,2.5072076,1.0013976,4.898587e-17,0.8,1.0,2.4554245471954346,-0.88214725,-0.29961544,0.9976047,-0.8,9.797174e-17,1.0,0.3106820285320282,-0.7866711,-0.9429725,0.9975207,-1.4695762e-16,-0.8,1.0,0.7995615601539612
2360,-0.024850614368915558,0,1.4704965353012085,inf,0.3787185,1.0862662,1.0035045,0.0,0.0,1.0,1.1503974199295044,1.666545,-2.4724305,0.9995709,0.8,0.0,1.0,2.6198880672454834,-1.7721467,2.5159063,1.001401,4.898587e-17,0.8,1.0,2.4667468070983887,-0.8834386,-0.30125532,0.9976101,-0.8,9.797174e-17,1.0,0.31260594725608826,-0.78983974,-0.94389397,0.9975295,-1.4695762e-16,-0.8,1.0,0.8028439283370972
2361,-0.02497175894677639,0,1.477189302444458,inf,0.38035563,1.0918756,1.0034971,0.0,0.0,1.0,1.1562330722808838,1.6668661,-2.4840484,0.9995764,0.8,0.0,1.0,2.630960464477539,-1.7794878,2.5246255,1.0014042,4.898587e-17,0.8,1.0,2.478086471557617,-0.88473916,-0.30289954,0.9976155,-0.8,9.797174e-17,1.0,0.3145385980606079,-0.7930094,-0.9448181,0.9975382,-1.4695762e-16,-0.8,1.0,0.8061279654502869
2362,-0.02509356662631035,0,1.483891248703003,inf,0.3819934,1.0975,1.0034894,0.0,0.0,1.0,1.1620831489562988,1.667159,-2.495675,0.99958175,0.8,0.0,1.0,2.6420369148254395,-1.7868321,2.5333652,1.0014075,4.898587e-17,0.8,1.0,2.489443063735962,-0.88604915,-0.30454817,0.99762076,-0.8,9.797174e-17,1.0,0.31648018956184387,-0.79618,-0.9457448,0.997547,-1.4695762e-16,-0.8,1.0,0.809413492679596
2363,-0.025214221328496933,0,1.4906024932861328,inf,0.38363189,1.1031394,1.0034816,0.0,0.0,1.0,1.167947769165039,1.6674237,-2.5073104,0.9995871,0.8,0.0,1.0,2.6531169414520264,-1.7941796,2.5421252,1.001411,4.898587e-17,0.8,1.0,2.5008163452148438,-0.88736856,-0.30620113,0.9976259,-0.8,9.797174e-17,1.0,0.3184305727481842,-0.7993515,-0.9466742,0.99755585,-1.4695762e-16,-0.8,1.0,0.8127005696296692
2364,-0.025335058569908142,0,1.4973227977752686,inf,0.38527098,1.108794,1.0034742,0.0,0.0,1.0,1.173827052116394,1.6676606,-2.5189543,0.99959254,0.8,0.0,1.0,2.664200782775879,-1.8015299,2.5509057,1.0014142,4.898587e-17,0.8,1.0,2.512206792831421,-0.8886975,-0.3078584,0.99763125,-0.8,9.797174e-17,1.0,0.32038983702659607,-0.80252385,-0.9476063,0.9975645,-1.4695762e-16,-0.8,1.0,0.8159890174865723
2365,-0.025456994771957397,0,1.504051923751831,inf,0.3869107,1.1144637,1.003467,0.0,0.0,1.0,1.1797208786010742,1.6678692,-2.5306063,0.99959785,0.8,0.0,1.0,2.675287961959839,-1.8088832,2.5597067,1.0014173,4.898587e-17,0.8,1.0,2.5236141681671143,-0.890036,-0.30952007,0.9976367,-0.8,9.797174e-17,1.0,0.322358101606369,-0.80569696,-0.94854116,0.9975731,-1.4695762e-16,-0.8,1.0,0.81927889585495
2366,-0.025579586625099182,0,1.5107901096343994,inf,0.38855106,1.1201484,1.0034593,0.0,0.0,1.0,1.18562912940979,1.6680495,-2.5422661,0.9996031,0.8,0.0,1.0,2.686378002166748,-1.8162391,2.5685277,1.0014205,4.898587e-17,0.8,1.0,2.5350377559661865,-0.8913841,-0.31118616,0.99764186,-0.8,9.797174e-17,1.0,0.32433539628982544,-0.80887085,-0.94947875,0.99758166,-1.4695762e-16,-0.8,1.0,0.822570264339447
2367,-0.025701021775603294,0,1.517537236213684,inf,0.390192,1.1258483,1.0034517,0.0,0.0,1.0,1.191551923751831,1.6682014,-2.5539336,0.99960834,0.8,0.0,1.0,2.6974711418151855,-1.8235979,2.5773692,1.0014238,4.898587e-17,0.8,1.0,2.546478509902954,-0.892742,-0.31285664,0.997647,-0.8,9.797174e-17,1.0,0.3263217508792877,-0.8120454,-0.95041907,0.9975903,-1.4695762e-16,-0.8,1.0,0.8258628249168396
2368,-0.025822632014751434,0,1.5242931842803955,inf,0.39183354,1.1315633,1.0034444,0.0,0.0,1.0,1.1974893808364868,1.6683252,-2.5656085,0.9996136,0.8,0.0,1.0,2.7085671424865723,-1.8309592,2.586231,1.001427,4.898587e-17,0.8,1.0,2.5579357147216797,-0.89410955,-0.31453148,0.9976523,-0.8,9.797174e-17,1.0,0.32831716537475586,-0.8152206,-0.95136225,0.9975988,-1.4695762e-16,-0.8,1.0,0.829156756401062
2369,-0.025945328176021576,0,1.5310579538345337,inf,0.39347565,1.1372933,1.0034372,0.0,0.0,1.0,1.2034413814544678,1.6684204,-2.5772903,0.99961877,0.8,0.0,1.0,2.719665288925171,-1.8383231,2.595113,1.00143,4.898587e-17,0.8,1.0,2.5694093704223633,-0.89548695,-0.31621072,0.99765766,-0.8,9.797174e-17,1.0,0.3303217589855194,-0.8183964,-0.95230824,0.99760723,-1.4695762e-16,-0.8,1.0,0.8324518799781799
2370,-0.026068679988384247,0,1.537831425666809,inf,0.3951183,1.1430385,1.0034297,0.0,0.0,1.0,1.2094078063964844,1.6684872,-2.5889792,0.99962384,0.8,0.0,1.0,2.7307660579681396,-1.8456893,2.6040154,1.0014331,4.898587e-17,0.8,1.0,2.580899477005005,-0.89687425,-0.31789443,0.9976628,-0.8,9.797174e-17,1.0,0.33233559131622314,-0.8215728,-0.953257,0.99761564,-1.4695762e-16,-0.8,1.0,0.8357482552528381
2371,-0.026191318407654762,0,1.5446135997772217,inf,0.3967615,1.1487987,1.0034221,0.0,0.0,1.0,1.2153887748718262,1.6685253,-2.6006746,0.9996289,0.8,0.0,1.0,2.741868734359741,-1.8530579,2.6129377,1.0014364,4.898587e-17,0.8,1.0,2.5924060344696045,-0.8982715,-0.31958258,0.99766785,-0.8,9.797174e-17,1.0,0.33435872197151184,-0.82474965,-0.95420873,0.9976241,-1.4695762e-16,-0.8,1.0,0.8390458822250366
2372,-0.02631400339305401,0,1.5514044761657715,inf,0.39840522,1.1545742,1.0034148,0.0,0.0,1.0,1.2213844060897827,1.668535,-2.6123767,0.999634,0.8,0.0,1.0,2.752973794937134,-1.8604287,2.6218803,1.0014395,4.898587e-17,0.8,1.0,2.603928804397583,-0.8996788,-0.32127514,0.99767286,-0.8,9.797174e-17,1.0,0.3363911509513855,-0.82792693,-0.9551633,0.99763244,-1.4695762e-16,-0.8,1.0,0.8423444628715515
2373,-0.026436880230903625,0,1.5582040548324585,inf,0.40004948,1.1603646,1.0034076,0.0,0.0,1.0,1.227394461631775,1.6685163,-2.624085,0.9996391,0.8,0.0,1.0,2.764080762863159,-1.8678018,2.6308432,1.0014426,4.898587e-17,0.8,1.0,2.6154677867889404,-0.90109617,-0.32297215,0.99767804,-0.8,9.797174e-17,1.0,0.3384329080581665,-0.83110464,-0.95612085,0.99764067,-1.4695762e-16,-0.8,1.0,0.8456442356109619
2374,-0.026561543345451355,0,1.5650122165679932,inf,0.4016942,1.1661702,1.0034004,0.0,0.0,1.0,1.2334191799163818,1.6684692,-2.6357992,0.99964416,0.8,0.0,1.0,2.7751893997192383,-1.8751768,2.6398263,1.0014455,4.898587e-17,0.8,1.0,2.627023220062256,-0.90252364,-0.32467368,0.9976832,-0.8,9.797174e-17,1.0,0.3404841423034668,-0.8342827,-0.95708126,0.99764884,-1.4695762e-16,-0.8,1.0,0.8489450812339783
2375,-0.026685776188969612,0,1.571828842163086,inf,0.40333945,1.171991,1.0033933,0.0,0.0,1.0,1.239458441734314,1.6683936,-2.6475189,0.99964917,0.8,0.0,1.0,2.786299228668213,-1.8825539,2.6488292,1.0014485,4.898587e-17,0.8,1.0,2.638594388961792,-0.90396136,-0.32637972,0.99768835,-0.8,9.797174e-17,1.0,0.34254491329193115,-0.8374611,-0.9580447,0.99765706,-1.4695762e-16,-0.8,1.0,0.8522468209266663
2376,-0.026810627430677414,0,1.5786539316177368,inf,0.4049851,1.1778269,1.0033859,0.0,0.0,1.0,1.2455121278762817,1.6682895,-2.6592443,0.99965405,0.8,0.0,1.0,2.797410726547241,-1.8899329,2.6578524,1.0014514,4.898587e-17,0.8,1.0,2.650181770324707,-0.9054094,-0.32809016,0.9976934,-0.8,9.797174e-17,1.0,0.3446151614189148,-0.8406399,-0.9590111,0.9976652,-1.4695762e-16,-0.8,1.0,0.8555497527122498
2377,-0.026934288442134857,0,1.5854874849319458,inf,0.40663123,1.1836779,1.0033785,0.0,0.0,1.0,1.2515804767608643,1.6681567,-2.6709747,0.99965894,0.8,0.0,1.0,2.808523178100586,-1.8973135,2.6668956,1.0014544,4.898587e-17,0.8,1.0,2.661785125732422,-0.9068677,-0.32980514,0.9976984,-0.8,9.797174e-17,1.0,0.3466950058937073,-0.8438189,-0.9599805,0.99767345,-1.4695762e-16,-0.8,1.0,0.8588536381721497
2378,-0.02705901861190796,0,1.5923293828964233,inf,0.4082778,1.1895441,1.0033714,0.0,0.0,1.0,1.257663369178772,1.6679956,-2.6827104,0.9996639,0.8,0.0,1.0,2.819636821746826,-1.9046959,2.6759589,1.0014572,4.898587e-17,0.8,1.0,2.6734042167663574,-0.9083363,-0.33152455,0.9977034,-0.8,9.797174e-17,1.0,0.3487843871116638,-0.8469982,-0.96095294,0.9976815,-1.4695762e-16,-0.8,1.0,0.8621584177017212
2379,-0.02718348428606987,0,1.5991798639297485,inf,0.4099248,1.1954253,1.0033642,0.0,0.0,1.0,1.2637608051300049,1.6678059,-2.6944509,0.99966884,0.8,0.0,1.0,2.8307511806488037,-1.9120798,2.6850421,1.0014602,4.898587e-17,0.8,1.0,2.6850390434265137,-0.9098152,-0.33324856,0.99770844,-0.8,9.797174e-17,1.0,0.35088348388671875,-0.85017776,-0.96192837,0.9976895,-1.4695762e-16,-0.8,1.0,0.8654642701148987
2380,-0.02730903960764408,0,1.6060383319854736,inf,0.4115722,1.2013217,1.0033572,0.0,0.0,1.0,1.269872784614563,1.667588,-2.7061958,0.9996737,0.8,0.0,1.0,2.8418664932250977,-1.9194652,2.6941454,1.0014629,4.898587e-17,0.8,1.0,2.6966898441314697,-0.91130435,-0.33497706,0.9977135,-0.8,9.797174e-17,1.0,0.3529922366142273,-0.85335743,-0.96290696,0.9976974,-1.4695762e-16,-0.8,1.0,0.8687708973884583
2381,-0.027433406561613083,0,1.6129052639007568,inf,0.41322,1.2072333,1.0033498,0.0,0.0,1.0,1.2759993076324463,1.6673416,-2.7179453,0.99967855,0.8,0.0,1.0,2.85298228263855,-1.9268519,2.7032688,1.0014659,4.898587e-17,0.8,1.0,2.7083561420440674,-0.9128038,-0.33671018,0.9977184,-0.8,9.797174e-17,1.0,0.355110764503479,-0.85653734,-0.9638886,0.9977054,-1.4695762e-16,-0.8,1.0,0.872078537940979
2382,-0.027558831498026848,0,1.6197805404663086,inf,0.41486815,1.21316,1.0033426,0.0,0.0,1.0,1.2821403741836548,1.6670669,-2.729699,0.9996834,0.8,0.0,1.0,2.86409854888916,-1.9342399,2.7124119,1.0014687,4.898587e-17,0.8,1.0,2.7200379371643066,-0.9143137,-0.33844784,0.9977232,-0.8,9.797174e-17,1.0,0.3572390675544739,-0.85971737,-0.9648733,0.9977133,-1.4695762e-16,-0.8,1.0,0.8753870129585266
2383,-0.02768399380147457,0,1.6266639232635498,inf,0.4165167,1.2191018,1.0033355,0.0,0.0,1.0,1.288295865058899,1.666764,-2.7414565,0.99968827,0.8,0.0,1.0,2.875215530395508,-1.9416289,2.721575,1.0014715,4.898587e-17,0.8,1.0,2.7317349910736084,-0.91583383,-0.3401901,0.9977282,-0.8,9.797174e-17,1.0,0.3593771457672119,-0.86289746,-0.9658612,0.99772125,-1.4695762e-16,-0.8,1.0,0.8786962628364563
2384,-0.027810242027044296,0,1.6335554122924805,inf,0.41816553,1.2250588,1.0033284,0.0,0.0,1.0,1.2944661378860474,1.6664331,-2.753218,0.9996931,0.8,0.0,1.0,2.8863325119018555,-1.9490191,2.7307577,1.0014743,4.898587e-17,0.8,1.0,2.7434473037719727,-0.9173643,-0.341937,0.9977332,-0.8,9.797174e-17,1.0,0.36152514815330505,-0.8660776,-0.9668522,0.99772906,-1.4695762e-16,-0.8,1.0,0.8820064067840576
2385,-0.027935359627008438,0,1.6404550075531006,inf,0.41981477,1.231031,1.003321,0.0,0.0,1.0,1.3006508350372314,1.6660739,-2.7649827,0.9996978,0.8,0.0,1.0,2.897449493408203,-1.9564102,2.7399607,1.001477,4.898587e-17,0.8,1.0,2.7551751136779785,-0.91890514,-0.34368855,0.99773794,-0.8,9.797174e-17,1.0,0.3636830449104309,-0.8692578,-0.9678464,0.997737,-1.4695762e-16,-0.8,1.0,0.8853172659873962
2386,-0.028061533346772194,0,1.6473629474639893,inf,0.42146426,1.2370182,1.0033138,0.0,0.0,1.0,1.3068500757217407,1.6656866,-2.7767508,0.9997026,0.8,0.0,1.0,2.9085662364959717,-1.9638021,2.7491832,1.0014799,4.898587e-17,0.8,1.0,2.766918182373047,-0.9204563,-0.34544474,0.9977427,-0.8,9.797174e-17,1.0,0.36585089564323425,-0.872438,-0.9688438,0.9977448,-1.4695762e-16,-0.8,1.0,0.8886289596557617
2387,-0.028187667950987816,0,1.6542785167694092,inf,0.42311412,1.2430207,1.0033065,0.0,0.0,1.0,1.3130638599395752,1.6652714,-2.788522,0.99970734,0.8,0.0,1.0,2.9196832180023193,-1.9711949,2.7584255,1.0014826,4.898587e-17,0.8,1.0,2.7786762714385986,-0.9220179,-0.3472056,0.9977476,-0.8,9.797174e-17,1.0,0.36802875995635986,-0.8756182,-0.96984446,0.99775267,-1.4695762e-16,-0.8,1.0,0.8919414281845093
2388,-0.02831442281603813,0,1.6612024307250977,inf,0.42476422,1.2490383,1.0032994,0.0,0.0,1.0,1.3192923069000244,1.6648283,-2.800296,0.99971205,0.8,0.0,1.0,2.9307994842529297,-1.9785883,2.7676876,1.0014853,4.898587e-17,0.8,1.0,2.790449619293213,-0.9235898,-0.34897125,0.9977524,-0.8,9.797174e-17,1.0,0.3702167272567749,-0.8787983,-0.9708483,0.9977604,-1.4695762e-16,-0.8,1.0,0.8952544927597046
2389,-0.028439976274967194,0,1.668134331703186,inf,0.4264146,1.255071,1.003292,0.0,0.0,1.0,1.3255351781845093,1.6643573,-2.8120728,0.9997167,0.8,0.0,1.0,2.941915512084961,-1.9859824,2.7769694,1.0014881,4.898587e-17,0.8,1.0,2.8022377490997314,-0.9251722,-0.3507416,0.99775714,-0.8,9.797174e-17,1.0,0.37241479754447937,-0.88197833,-0.9718554,0.9977683,-1.4695762e-16,-0.8,1.0,0.898568332195282
2390,-0.028567064553499222,0,1.6750742197036743,inf,0.42806524,1.261119,1.0032845,0.0,0.0,1.0,1.3317927122116089,1.6638584,-2.823852,0.9997214,0.8,0.0,1.0,2.953031063079834,-1.993377,2.786271,1.0014908,4.898587e-17,0.8,1.0,2.8140411376953125,-0.92676485,-0.35251683,0.9977618,-0.8,9.797174e-17,1.0,0.37462306022644043,-0.8851582,-0.9728658,0.9977761,-1.4695762e-16,-0.8,1.0,0.9018827676773071
2391,-0.0286943968385458,0,1.6820217370986938,inf,0.42971614,1.2671821,1.0032772,0.0,0.0,1.0,1.3380646705627441,1.6633317,-2.8356335,0.9997261,0.8,0.0,1.0,2.9641456604003906,-2.000772,2.7955925,1.0014937,4.898587e-17,0.8,1.0,2.825859308242798,-0.928368,-0.35429707,0.99776655,-0.8,9.797174e-17,1.0,0.37684178352355957,-0.8883379,-0.9738796,0.9977839,-1.4695762e-16,-0.8,1.0,0.9051978588104248
2392,-0.028822341933846474,0,1.6889774799346924,inf,0.43136722,1.2732604,1.0032698,0.0,0.0,1.0,1.3443512916564941,1.6627775,-2.8474169,0.9997308,0.8,0.0,1.0,2.975259304046631,-2.0081675,2.8049333,1.0014963,4.898587e-17,0.8,1.0,2.8376922607421875,-0.9299815,-0.35608232,0.99777126,-0.8,9.797174e-17,1.0,0.3790709376335144,-0.8915174,-0.97489655,0.99779165,-1.4695762e-16,-0.8,1.0,0.908513605594635
2393,-0.028949078172445297,0,1.6959409713745117,inf,0.43301857,1.2793537,1.0032622,0.0,0.0,1.0,1.3506523370742798,1.6621956,-2.8592021,0.99973536,0.8,0.0,1.0,2.9863719940185547,-2.0155635,2.814294,1.001499,4.898587e-17,0.8,1.0,2.8495399951934814,-0.9316055,-0.3578726,0.99777585,-0.8,9.797174e-17,1.0,0.3813105821609497,-0.8946967,-0.975917,0.9977995,-1.4695762e-16,-0.8,1.0,0.911829948425293
2394,-0.02907731384038925,0,1.7029123306274414,inf,0.43467006,1.2854624,1.0032547,0.0,0.0,1.0,1.3569680452346802,1.6615859,-2.870989,0.99974,0.8,0.0,1.0,2.997483730316162,-2.0229595,2.8236742,1.0015018,4.898587e-17,0.8,1.0,2.8614025115966797,-0.9332399,-0.35966808,0.99778044,-0.8,9.797174e-17,1.0,0.38356083631515503,-0.8978758,-0.9769407,0.9978073,-1.4695762e-16,-0.8,1.0,0.9151468873023987
2395,-0.029205579310655594,0,1.7098915576934814,inf,0.43632177,1.2915862,1.003247,0.0,0.0,1.0,1.3632981777191162,1.6609489,-2.8827775,0.9997447,0.8,0.0,1.0,3.008594036102295,-2.0303557,2.833074,1.0015047,4.898587e-17,0.8,1.0,2.8732798099517822,-0.9348847,-0.36146885,0.99778503,-0.8,9.797174e-17,1.0,0.3858218789100647,-0.90105456,-0.97796786,0.99781513,-1.4695762e-16,-0.8,1.0,0.9184642434120178
2396,-0.029334263876080513,0,1.716878890991211,inf,0.43797365,1.2977251,1.0032395,0.0,0.0,1.0,1.369642972946167,1.6602844,-2.8945668,0.9997493,0.8,0.0,1.0,3.019702911376953,-2.037752,2.8424935,1.0015073,4.898587e-17,0.8,1.0,2.88517165184021,-0.93654007,-0.36327493,0.9977896,-0.8,9.797174e-17,1.0,0.3880937397480011,-0.904233,-0.9789985,0.99782294,-1.4695762e-16,-0.8,1.0,0.9217822551727295
2397,-0.029462650418281555,0,1.723873496055603,inf,0.43962568,1.3038791,1.0032316,0.0,0.0,1.0,1.3760021924972534,1.6595924,-2.906357,0.99975383,0.8,0.0,1.0,3.0308101177215576,-2.0451481,2.8519325,1.00151,4.898587e-17,0.8,1.0,2.897078037261963,-0.9382059,-0.36508638,0.9977941,-0.8,9.797174e-17,1.0,0.390376478433609,-0.9074111,-0.9800326,0.99783087,-1.4695762e-16,-0.8,1.0,0.9251007437705994
2398,-0.029591625556349754,0,1.7308759689331055,inf,0.4412778,1.3100485,1.0032235,0.0,0.0,1.0,1.382375955581665,1.6588731,-2.9181483,0.99975824,0.8,0.0,1.0,3.0419158935546875,-2.0525444,2.8613908,1.0015126,4.898587e-17,0.8,1.0,2.908998489379883,-0.9398821,-0.36690325,0.99779844,-0.8,9.797174e-17,1.0,0.3926701247692108,-0.91058886,-0.9810703,0.9978388,-1.4695762e-16,-0.8,1.0,0.9284197092056274
2399,-0.02972031757235527,0,1.7378864288330078,inf,0.4429301,1.3162329,1.0032153,0.0,0.0,1.0,1.3887643814086914,1.6581261,-2.9299405,0.9997627,0.8,0.0,1.0,3.0530200004577637,-2.0599406,2.8708687,1.0015155,4.898587e-17,0.8,1.0,2.920933961868286,-0.9415688,-0.36872575,0.9978027,-0.8,9.797174e-17,1.0,0.394974946975708,-0.91376626,-0.9821117,0.99784684,-1.4695762e-16,-0.8,1.0,0.931739330291748
2400,-0.029849138110876083,0,1.7449047565460205,inf,0.4445825,1.3224325,1.0032073,0.0,0.0,1.0,1.3951672315597534,1.657352,-2.9417334,0.9997673,0.8,0.0,1.0,3.0641226768493652,-2.0673363,2.880366,1.0015181,4.898587e-17,0.8,1.0,2.9328832626342773,-0.9432661,-0.37055385,0.9978071,-0.8,9.797174e-17,1.0,0.39729100465774536,-0.91694325,-0.98315674,0.9978548,-1.4695762e-16,-0.8,1.0,0.9350593090057373
2401,-0.029978584498167038,0,1.751930832862854,inf,0.44623497,1.3286474,1.0031993,0.0,0.0,1.0,1.4015847444534302,1.6565505,-2.9535265,0.9997719,0.8,0.0,1.0,3.075223207473755,-2.074732,2.889883,1.001521,4.898587e-17,0.8,1.0,2.944847345352173,-0.9449739,-0.37238756,0.9978115,-0.8,9.797174e-17,1.0,0.3996182084083557,-0.9201198,-0.9842056,0.9978627,-1.4695762e-16,-0.8,1.0,0.9383798837661743
2402,-0.030108172446489334,0,1.75896418094635,inf,0.44788754,1.3348775,1.0031914,0.0,0.0,1.0,1.4080168008804321,1.6557219,-2.9653199,0.9997764,0.8,0.0,1.0,3.0863218307495117,-2.082127,2.899419,1.0015235,4.898587e-17,0.8,1.0,2.9568252563476562,-0.94669217,-0.37422696,0.9978159,-0.8,9.797174e-17,1.0,0.4019566774368286,-0.923296,-0.9852583,0.9978706,-1.4695762e-16,-0.8,1.0,0.9417009353637695
2403,-0.030237898230552673,0,1.766005516052246,inf,0.44954017,1.3411226,1.003183,0.0,0.0,1.0,1.4144631624221802,1.6548662,-2.9771135,0.9997809,0.8,0.0,1.0,3.0974183082580566,-2.089522,2.908975,1.0015262,4.898587e-17,0.8,1.0,2.968817710876465,-0.94842106,-0.37607202,0.99782014,-0.8,9.797174e-17,1.0,0.40430647134780884,-0.92647165,-0.9863149,0.9978786,-1.4695762e-16,-0.8,1.0,0.945022463798523
2404,-0.030367299914360046,0,1.7730547189712524,inf,0.45119283,1.347383,1.0031745,0.0,0.0,1.0,1.4209243059158325,1.6539832,-2.9889069,0.99978524,0.8,0.0,1.0,3.1085126399993896,-2.096916,2.9185498,1.0015289,4.898587e-17,0.8,1.0,2.9808239936828613,-0.95016044,-0.37792274,0.9978243,-0.8,9.797174e-17,1.0,0.406667560338974,-0.92964685,-0.9873755,0.9978867,-1.4695762e-16,-0.8,1.0,0.9483445286750793
2405,-0.030497189611196518,0,1.780111312866211,inf,0.45284554,1.3536587,1.0031658,0.0,0.0,1.0,1.42739999294281,1.6530731,-3.0007,0.9997897,0.8,0.0,1.0,3.1196048259735107,-2.1043096,2.928144,1.0015317,4.898587e-17,0.8,1.0,2.992844581604004,-0.9519104,-0.37977916,0.99782836,-0.8,9.797174e-17,1.0,0.4090399444103241,-0.9328215,-0.9884401,0.9978948,-1.4695762e-16,-0.8,1.0,0.9516670107841492
2406,-0.030626745894551277,0,1.7871755361557007,inf,0.45449826,1.3599495,1.0031571,0.0,0.0,1.0,1.4338902235031128,1.6521358,-3.0124931,0.9997942,0.8,0.0,1.0,3.13069486618042,-2.1117024,2.9377577,1.0015343,4.898587e-17,0.8,1.0,3.0048789978027344,-0.95367086,-0.38164133,0.99783254,-0.8,9.797174e-17,1.0,0.41142377257347107,-0.9359957,-0.98950887,0.99790305,-1.4695762e-16,-0.8,1.0,0.954990029335022
2407,-0.0307573601603508,0,1.7942476272583008,inf,0.45615098,1.3662554,1.0031487,0.0,0.0,1.0,1.4403948783874512,1.6511718,-3.0242858,0.9997987,0.8,0.0,1.0,3.141782522201538,-2.1190946,2.9473908,1.0015371,4.898587e-17,0.8,1.0,3.016927480697632,-0.95544195,-0.38350922,0.9978367,-0.8,9.797174e-17,1.0,0.4138190448284149,-0.93916935,-0.99058175,0.9979111,-1.4695762e-16,-0.8,1.0,0.958313524723053
2408,-0.030887648463249207,0,1.8013269901275635,inf,0.4578037,1.3725767,1.0031401,0.0,0.0,1.0,1.4469143152236938,1.6501808,-3.0360777,0.9998032,0.8,0.0,1.0,3.1528677940368652,-2.1264858,2.9570432,1.0015397,4.898587e-17,0.8,1.0,3.0289900302886963,-0.9572236,-0.38538283,0.99784094,-0.8,9.797174e-17,1.0,0.41622573137283325,-0.94234234,-0.99165887,0.99791926,-1.4695762e-16,-0.8,1.0,0.9616374373435974
2409,-0.031018516048789024,0,1.808414101600647,inf,0.45945638,1.378913,1.0031313,0.0,0.0,1.0,1.4534480571746826,1.6491629,-3.0478685,0.99980754,0.8,0.0,1.0,3.163949966430664,-2.133876,2.966715,1.0015423,4.898587e-17,0.8,1.0,3.0410661697387695,-0.95901585,-0.3872622,0.99784493,-0.8,9.797174e-17,1.0,0.41864386200904846,-0.94551486,-0.9927403,0.9979274,-1.4695762e-16,-0.8,1.0,0.9649618864059448
2410,-0.031148584559559822,0,1.8155086040496826,inf,0.461109,1.3852646,1.0031221,0.0,0.0,1.0,1.4599963426589966,1.6481181,-3.0596585,0.99981195,0.8,0.0,1.0,3.175029754638672,-2.1412654,2.9764066,1.001545,4.898587e-17,0.8,1.0,3.053156614303589,-0.96081865,-0.3891473,0.9978489,-0.8,9.797174e-17,1.0,0.4210734963417053,-0.9486867,-0.9938261,0.9979357,-1.4695762e-16,-0.8,1.0,0.9682867527008057
2411,-0.031279247254133224,0,1.82261061668396,inf,0.46276164,1.3916314,1.0031128,0.0,0.0,1.0,1.4665591716766357,1.6470464,-3.0714476,0.9998163,0.8,0.0,1.0,3.1861071586608887,-2.1486537,2.9861174,1.0015477,4.898587e-17,0.8,1.0,3.065261125564575,-0.96263206,-0.39103824,0.99785274,-0.8,9.797174e-17,1.0,0.4235146939754486,-0.9518579,-0.9949163,0.99794406,-1.4695762e-16,-0.8,1.0,0.9716120958328247
2412,-0.03140980005264282,0,1.8297202587127686,inf,0.46441412,1.3980135,1.0031036,0.0,0.0,1.0,1.4731366634368896,1.6459479,-3.0832353,0.99982077,0.8,0.0,1.0,3.197181224822998,-2.1560407,2.9958477,1.0015503,4.898587e-17,0.8,1.0,3.077378988265991,-0.96445614,-0.39293492,0.99785674,-0.8,9.797174e-17,1.0,0.42596742510795593,-0.9550285,-0.996011,0.9979524,-1.4695762e-16,-0.8,1.0,0.974937915802002
2413,-0.03154095262289047,0,1.8368374109268188,inf,0.46606657,1.4044106,1.0030946,0.0,0.0,1.0,1.4797285795211792,1.644823,-3.0950217,0.9998253,0.8,0.0,1.0,3.2082526683807373,-2.1634264,3.0055974,1.001553,4.898587e-17,0.8,1.0,3.089510679244995,-0.96629083,-0.39483738,0.99786067,-0.8,9.797174e-17,1.0,0.42843174934387207,-0.9581984,-0.99711025,0.9979607,-1.4695762e-16,-0.8,1.0,0.9782642126083374
2414,-0.03167227655649185,0,1.84396231174469,inf,0.4677189,1.4108231,1.0030854,0.0,0.0,1.0,1.4863351583480835,1.6436713,-3.1068065,0.9998297,0.8,0.0,1.0,3.2193210124969482,-2.1708107,3.0153668,1.0015556,4.898587e-17,0.8,1.0,3.101656198501587,-0.96813625,-0.39674565,0.99786466,-0.8,9.797174e-17,1.0,0.4309077262878418,-0.9613676,-0.9982141,0.9979689,-1.4695762e-16,-0.8,1.0,0.9815908670425415
2415,-0.031803276389837265,0,1.8510942459106445,inf,0.46937114,1.4172508,1.003076,0.0,0.0,1.0,1.492956280708313,1.642493,-3.1185894,0.99983406,0.8,0.0,1.0,3.2303860187530518,-2.1781936,3.0251555,1.0015582,4.898587e-17,0.8,1.0,3.1138155460357666,-0.9699923,-0.3986597,0.9978684,-0.8,9.797174e-17,1.0,0.43339529633522034,-0.96453613,-0.9993227,0.99797726,-1.4695762e-16,-0.8,1.0,0.9849180579185486
2416,-0.03193392977118492,0,1.8582336902618408,inf,0.4710232,1.4236935,1.0030662,0.0,0.0,1.0,1.4995918273925781,1.6412882,-3.1303704,0.9998384,0.8,0.0,1.0,3.241447925567627,-2.185575,3.0349638,1.0015607,4.898587e-17,0.8,1.0,3.125988721847534,-0.9718589,-0.40057954,0.99787223,-0.8,9.797174e-17,1.0,0.4358944594860077,-0.96770394,-1.000436,0.9979858,-1.4695762e-16,-0.8,1.0,0.9882456660270691
2417,-0.032065171748399734,0,1.8653805255889893,inf,0.47267517,1.4301516,1.0030563,0.0,0.0,1.0,1.5062419176101685,1.6400567,-3.1421497,0.99984276,0.8,0.0,1.0,3.252506732940674,-2.192955,3.0447917,1.0015634,4.898587e-17,0.8,1.0,3.1381752490997314,-0.97373605,-0.40250522,0.9978758,-0.8,9.797174e-17,1.0,0.43840524554252625,-0.970871,-1.0015541,0.9979942,-1.4695762e-16,-0.8,1.0,0.9915737509727478
2418,-0.0321965217590332,0,1.872534990310669,inf,0.47432694,1.4366249,1.0030465,0.0,0.0,1.0,1.512906551361084,1.6387988,-3.1539266,0.9998472,0.8,0.0,1.0,3.263561964035034,-2.200333,3.0546393,1.0015662,4.898587e-17,0.8,1.0,3.1503758430480957,-0.9756237,-0.40443686,0.9978795,-0.8,9.797174e-17,1.0,0.4409278333187103,-0.9740372,-1.0026771,0.9980027,-1.4695762e-16,-0.8,1.0,0.9949021935462952
2419,-0.03232799842953682,0,1.8796964883804321,inf,0.47597855,1.4431134,1.0030369,0.0,0.0,1.0,1.5195859670639038,1.6375146,-3.1657014,0.99985164,0.8,0.0,1.0,3.274613857269287,-2.2077096,3.0645063,1.0015688,4.898587e-17,0.8,1.0,3.1625895500183105,-0.97752196,-0.40637442,0.99788314,-0.8,9.797174e-17,1.0,0.44346216320991516,-0.97720265,-1.003805,0.9980111,-1.4695762e-16,-0.8,1.0,0.9982311725616455
2420,-0.032459598034620285,0,1.8868656158447266,inf,0.47762996,1.4496171,1.0030271,0.0,0.0,1.0,1.5262795686721802,1.6362041,-3.1774735,0.99985605,0.8,0.0,1.0,3.2856621742248535,-2.215084,3.074393,1.0015712,4.898587e-17,0.8,1.0,3.1748170852661133,-0.9794307,-0.40831792,0.99788684,-0.8,9.797174e-17,1.0,0.44600826501846313,-0.98036724,-1.004938,0.9980196,-1.4695762e-16,-0.8,1.0,1.0015605688095093
2421,-0.032591771334409714,0,1.8940417766571045,inf,0.4792812,1.4561361,1.0030171,0.0,0.0,1.0,1.5329879522323608,1.6348674,-3.189243,0.9998604,0.8,0.0,1.0,3.2967066764831543,-2.2224567,3.084299,1.0015738,4.898587e-17,0.8,1.0,3.1870579719543457,-0.98134977,-0.41026738,0.99789035,-0.8,9.797174e-17,1.0,0.4485660493373871,-0.98353106,-1.006076,0.998028,-1.4695762e-16,-0.8,1.0,1.0048903226852417
2422,-0.03272329643368721,0,1.9012254476547241,inf,0.48093218,1.4626703,1.0030068,0.0,0.0,1.0,1.5397108793258667,1.6335044,-3.2010098,0.99986476,0.8,0.0,1.0,3.3077473640441895,-2.2298272,3.0942252,1.0015763,4.898587e-17,0.8,1.0,3.199312686920166,-0.9832793,-0.41222295,0.9978938,-0.8,9.797174e-17,1.0,0.4511357843875885,-0.98669404,-1.0072192,0.9980365,-1.4695762e-16,-0.8,1.0,1.0082205533981323
2423,-0.03285510092973709,0,1.9084161520004272,inf,0.48258296,1.4692197,1.0029964,0.0,0.0,1.0,1.5464481115341187,1.6321151,-3.2127736,0.99986917,0.8,0.0,1.0,3.318784475326538,-2.2371957,3.1041706,1.001579,4.898587e-17,0.8,1.0,3.211580514907837,-0.98521924,-0.41418454,0.9978971,-0.8,9.797174e-17,1.0,0.45371735095977783,-0.98985606,-1.0083674,0.9980451,-1.4695762e-16,-0.8,1.0,1.0115511417388916
2424,-0.03298702463507652,0,1.9156147241592407,inf,0.48423347,1.4757843,1.0029861,0.0,0.0,1.0,1.5532000064849854,1.6306996,-3.2245345,0.99987364,0.8,0.0,1.0,3.329817533493042,-2.2445621,3.1141357,1.0015815,4.898587e-17,0.8,1.0,3.2238621711730957,-0.9871696,-0.41615224,0.9979004,-0.8,9.797174e-17,1.0,0.45631080865859985,-0.9930172,-1.0095209,0.99805367,-1.4695762e-16,-0.8,1.0,1.014882206916809
2425,-0.033119987696409225,0,1.9228203296661377,inf,0.4858837,1.4823642,1.002976,0.0,0.0,1.0,1.5599664449691772,1.6292583,-3.2362921,0.99987805,0.8,0.0,1.0,3.340846538543701,-2.2519264,3.1241205,1.0015842,4.898587e-17,0.8,1.0,3.236156940460205,-0.98913044,-0.41812602,0.9979037,-0.8,9.797174e-17,1.0,0.45891621708869934,-0.99617743,-1.0106795,0.99806213,-1.4695762e-16,-0.8,1.0,1.0182137489318848
2426,-0.03325197100639343,0,1.93003249168396,inf,0.4875337,1.4889593,1.0029656,0.0,0.0,1.0,1.5667475461959839,1.6277908,-3.2480464,0.9998825,0.8,0.0,1.0,3.3518714904785156,-2.259288,3.134125,1.0015866,4.898587e-17,0.8,1.0,3.248465061187744,-0.9911018,-0.4201058,0.99790704,-0.8,9.797174e-17,1.0,0.46153345704078674,-0.9993366,-1.0118434,0.99807066,-1.4695762e-16,-0.8,1.0,1.0215452909469604
2427,-0.03338451683521271,0,1.937252402305603,inf,0.4891833,1.4955696,1.0029551,0.0,0.0,1.0,1.5735429525375366,1.6262976,-3.259797,0.99988693,0.8,0.0,1.0,3.3628923892974854,-2.2666476,3.144149,1.0015891,4.898587e-17,0.8,1.0,3.260786533355713,-0.9930836,-0.42209148,0.99791026,-0.8,9.797174e-17,1.0,0.46416252851486206,-1.0024949,-1.0130126,0.99807924,-1.4695762e-16,-0.8,1.0,1.024877667427063
2428,-0.033516690135002136,0,1.94447922706604,inf,0.49083248,1.5021951,1.0029441,0.0,0.0,1.0,1.5803529024124146,1.6247783,-3.271544,0.9998914,0.8,0.0,1.0,3.373908519744873,-2.2740045,3.154193,1.0015916,4.898587e-17,0.8,1.0,3.2731213569641113,-0.9950759,-0.42408308,0.99791336,-0.8,9.797174e-17,1.0,0.4668034017086029,-1.0056521,-1.0141872,0.9980879,-1.4695762e-16,-0.8,1.0,1.0282100439071655
2429,-0.03364944085478783,0,1.95171320438385,inf,0.49248117,1.5088359,1.0029333,0.0,0.0,1.0,1.5871773958206177,1.6232331,-3.2832873,0.99989593,0.8,0.0,1.0,3.384920835494995,-2.2813587,3.1642566,1.0015943,4.898587e-17,0.8,1.0,3.2854695320129395,-0.9970786,-0.42608064,0.9979163,-0.8,9.797174e-17,1.0,0.46945610642433167,-1.0088083,-1.0153672,0.99809647,-1.4695762e-16,-0.8,1.0,1.0315428972244263
2430,-0.03378137946128845,0,1.9589542150497437,inf,0.49412927,1.5154917,1.0029223,0.0,0.0,1.0,1.594016194343567,1.621662,-3.2950265,0.99990046,0.8,0.0,1.0,3.395928144454956,-2.2887104,3.17434,1.0015968,4.898587e-17,0.8,1.0,3.297830820083618,-0.9990919,-0.42808405,0.99791926,-0.8,9.797174e-17,1.0,0.47212061285972595,-1.0119634,-1.0165526,0.99810517,-1.4695762e-16,-0.8,1.0,1.0348761081695557
2431,-0.033914100378751755,0,1.966202735900879,inf,0.49577668,1.5221629,1.0029116,0.0,0.0,1.0,1.6008694171905518,1.6200653,-3.306762,0.999905,0.8,0.0,1.0,3.4069314002990723,-2.2960594,3.184443,1.0015993,4.898587e-17,0.8,1.0,3.3102054595947266,-1.0011158,-0.4300932,0.9979222,-0.8,9.797174e-17,1.0,0.4747968316078186,-1.0151174,-1.0177435,0.9981137,-1.4695762e-16,-0.8,1.0,1.0382095575332642
2432,-0.03404736891388893,0,1.9734575748443604,inf,0.49742338,1.5288491,1.0029008,0.0,0.0,1.0,1.6077369451522827,1.618443,-3.318493,0.9999095,0.8,0.0,1.0,3.4179298877716064,-2.3034053,3.1945658,1.0016017,4.898587e-17,0.8,1.0,3.3225929737091064,-1.0031501,-0.43210813,0.99792516,-0.8,9.797174e-17,1.0,0.477484792470932,-1.0182703,-1.0189399,0.9981222,-1.4695762e-16,-0.8,1.0,1.0415433645248413
2433,-0.03418075665831566,0,1.9807195663452148,inf,0.49906927,1.5355506,1.00289,0.0,0.0,1.0,1.6146188974380493,1.6167952,-3.3302195,0.99991405,0.8,0.0,1.0,3.4289233684539795,-2.3107486,3.204708,1.0016043,4.898587e-17,0.8,1.0,3.334993600845337,-1.0051949,-0.43412885,0.99792796,-0.8,9.797174e-17,1.0,0.4801844358444214,-1.021422,-1.0201417,0.9981307,-1.4695762e-16,-0.8,1.0,1.0448774099349976
2434,-0.03431331366300583,0,1.9879884719848633,inf,0.50071424,1.5422671,1.0028787,0.0,0.0,1.0,1.6215150356292725,1.6151216,-3.3419414,0.99991864,0.8,0.0,1.0,3.4399120807647705,-2.3180888,3.2148702,1.0016067,4.898587e-17,0.8,1.0,3.347407579421997,-1.0072503,-0.43615526,0.99793065,-0.8,9.797174e-17,1.0,0.4828958213329315,-1.0245726,-1.0213492,0.9981393,-1.4695762e-16,-0.8,1.0,1.0482118129730225
2435,-0.03444596752524376,0,1.9952640533447266,inf,0.50235826,1.5489987,1.0028675,0.0,0.0,1.0,1.6284252405166626,1.6134225,-3.3536587,0.9999232,0.8,0.0,1.0,3.4508960247039795,-2.325426,3.225052,1.0016094,4.898587e-17,0.8,1.0,3.3598344326019287,-1.0093163,-0.4381873,0.9979332,-0.8,9.797174e-17,1.0,0.4856188893318176,-1.027722,-1.0225624,0.99814796,-1.4695762e-16,-0.8,1.0,1.0515464544296265
2436,-0.03457918390631676,0,2.002546787261963,inf,0.5040012,1.5557456,1.0028563,0.0,0.0,1.0,1.635349988937378,1.6116979,-3.3653712,0.9999278,0.8,0.0,1.0,3.4618747234344482,-2.33276,3.2352536,1.001612,4.898587e-17,0.8,1.0,3.372274160385132,-1.0113928,-0.44022495,0.99793583,-0.8,9.797174e-17,1.0,0.48835355043411255,-1.0308702,-1.0237812,0.9981565,-1.4695762e-16,-0.8,1.0,1.0548814535140991
2437,-0.03471298888325691,0,2.009836196899414,inf,0.50564307,1.5625075,1.0028454,0.0,0.0,1.0,1.6422889232635498,1.609948,-3.377079,0.99993247,0.8,0.0,1.0,3.472848653793335,-2.340091,3.2454748,1.0016147,4.898587e-17,0.8,1.0,3.3847270011901855,-1.01348,-0.44226825,0.99793845,-0.8,9.797174e-17,1.0,0.49109992384910583,-1.0340171,-1.0250057,0.99816495,-1.4695762e-16,-0.8,1.0,1.0582165718078613
2438,-0.03484642878174782,0,2.01713228225708,inf,0.5072837,1.5692846,1.0028344,0.0,0.0,1.0,1.6492419242858887,1.6081729,-3.3887813,0.99993706,0.8,0.0,1.0,3.4838171005249023,-2.3474185,3.2557156,1.0016171,4.898587e-17,0.8,1.0,3.3971924781799316,-1.0155777,-0.4443171,0.9979411,-0.8,9.797174e-17,1.0,0.4938579201698303,-1.0371628,-1.026236,0.99817336,-1.4695762e-16,-0.8,1.0,1.0615520477294922
2439,-0.03497997671365738,0,2.02443528175354,inf,0.50892305,1.5760766,1.0028235,0.0,0.0,1.0,1.6562089920043945,1.6063725,-3.4004786,0.9999417,0.8,0.0,1.0,3.4947805404663086,-2.3547428,3.2659762,1.0016197,4.898587e-17,0.8,1.0,3.409670829772949,-1.017686,-0.44637144,0.9979435,-0.8,9.797174e-17,1.0,0.4966275095939636,-1.0403072,-1.0274721,0.9981818,-1.4695762e-16,-0.8,1.0,1.0648877620697021
2440,-0.03511359915137291,0,2.0317447185516357,inf,0.51056105,1.5828838,1.0028121,0.0,0.0,1.0,1.663190245628357,1.6045468,-3.4121702,0.99994636,0.8,0.0,1.0,3.5057382583618164,-2.3620636,3.2762566,1.0016222,4.898587e-17,0.8,1.0,3.4221622943878174,-1.0198048,-0.44843122,0.99794585,-0.8,9.797174e-17,1.0,0.4994086027145386,-1.0434501,-1.0287141,0.9981902,-1.4695762e-16,-0.8,1.0,1.068223476409912
2441,-0.035247065126895905,0,2.039060592651367,inf,0.5121977,1.589706,1.0028008,0.0,0.0,1.0,1.6701854467391968,1.602696,-3.4238565,0.99995106,0.8,0.0,1.0,3.516690731048584,-2.369381,3.2865565,1.0016251,4.898587e-17,0.8,1.0,3.434666156768799,-1.0219344,-0.4504965,0.997948,-0.8,9.797174e-17,1.0,0.5022013187408447,-1.0465919,-1.0299618,0.9981987,-1.4695762e-16,-0.8,1.0,1.0715596675872803
2442,-0.035380180925130844,0,2.0463833808898926,inf,0.5138328,1.5965433,1.0027895,0.0,0.0,1.0,1.6771948337554932,1.60082,-3.435537,0.99995583,0.8,0.0,1.0,3.5276377201080322,-2.3766947,3.2968762,1.0016279,4.898587e-17,0.8,1.0,3.447183132171631,-1.0240746,-0.4525672,0.9979501,-0.8,9.797174e-17,1.0,0.5050055980682373,-1.0497322,-1.0312155,0.9982071,-1.4695762e-16,-0.8,1.0,1.074895977973938
2443,-0.03551339730620384,0,2.053712844848633,inf,0.5154665,1.6033957,1.0027783,0.0,0.0,1.0,1.6842182874679565,1.5989192,-3.4472125,0.9999606,0.8,0.0,1.0,3.5385794639587402,-2.3840046,3.3072155,1.0016307,4.898587e-17,0.8,1.0,3.459712505340576,-1.0262253,-0.4546432,0.9979522,-0.8,9.797174e-17,1.0,0.5078213810920715,-1.0528711,-1.0324754,0.99821544,-1.4695762e-16,-0.8,1.0,1.0782326459884644
2444,-0.03564763441681862,0,2.061048984527588,inf,0.5170987,1.6102631,1.0027674,0.0,0.0,1.0,1.691255807876587,1.5969938,-3.458882,0.9999654,0.8,0.0,1.0,3.549516201019287,-2.391311,3.3175745,1.0016334,4.898587e-17,0.8,1.0,3.472254753112793,-1.0283868,-0.45672452,0.9979545,-0.8,9.797174e-17,1.0,0.5106486082077026,-1.0560087,-1.033741,0.99822366,-1.4695762e-16,-0.8,1.0,1.0815693140029907
2445,-0.03578244149684906,0,2.068391799926758,inf,0.5187295,1.6171457,1.0027566,0.0,0.0,1.0,1.6983073949813843,1.595044,-3.4705458,0.9999702,0.8,0.0,1.0,3.5604469776153564,-2.3986132,3.3279533,1.0016361,4.898587e-17,0.8,1.0,3.484809398651123,-1.030559,-0.45881122,0.99795663,-0.8,9.797174e-17,1.0,0.5134874582290649,-1.0591447,-1.0350127,0.99823177,-1.4695762e-16,-0.8,1.0,1.0849062204360962
2446,-0.03591686859726906,0,2.0757405757904053,inf,0.5203588,1.6240433,1.0027457,0.0,0.0,1.0,1.7053731679916382,1.5930699,-3.4822032,0.99997497,0.8,0.0,1.0,3.5713722705841064,-2.4059117,3.3383517,1.0016387,4.898587e-17,0.8,1.0,3.4973766803741455,-1.0327417,-0.46090317,0.9979588,-0.8,9.797174e-17,1.0,0.5163376331329346,-1.0622793,-1.0362906,0.9982399,-1.4695762e-16,-0.8,1.0,1.0882433652877808
2447,-0.03605140745639801,0,2.0830960273742676,inf,0.52198666,1.630956,1.0027348,0.0,0.0,1.0,1.712453007698059,1.5910714,-3.4938545,0.9999798,0.8,0.0,1.0,3.582291603088379,-2.4132063,3.3487697,1.0016413,4.898587e-17,0.8,1.0,3.5099565982818604,-1.0349352,-0.4630003,0.99796075,-0.8,9.797174e-17,1.0,0.5191993713378906,-1.0654125,-1.0375745,0.99824804,-1.4695762e-16,-0.8,1.0,1.0915807485580444
2448,-0.03618602082133293,0,2.090458393096924,inf,0.523613,1.6378838,1.0027237,0.0,0.0,1.0,1.7195467948913574,1.5890485,-3.5054994,0.9999846,0.8,0.0,1.0,3.593205213546753,-2.4204967,3.3592074,1.0016439,4.898587e-17,0.8,1.0,3.5225486755371094,-1.0371394,-0.46510258,0.9979626,-0.8,9.797174e-17,1.0,0.522072434425354,-1.0685441,-1.0388647,0.99825615,-1.4695762e-16,-0.8,1.0,1.0949182510375977
2449,-0.03632074221968651,0,2.0978267192840576,inf,0.52523786,1.6448267,1.0027127,0.0,0.0,1.0,1.7266547679901123,1.5870013,-3.5171378,0.99998945,0.8,0.0,1.0,3.6041128635406494,-2.427783,3.3696647,1.0016468,4.898587e-17,0.8,1.0,3.535153388977051,-1.0393542,-0.4672101,0.9979644,-0.8,9.797174e-17,1.0,0.524957001209259,-1.0716742,-1.0401611,0.99826425,-1.4695762e-16,-0.8,1.0,1.0982558727264404
2450,-0.03645554929971695,0,2.1052019596099854,inf,0.52686113,1.6517845,1.0027015,0.0,0.0,1.0,1.7337768077850342,1.5849301,-3.5287697,0.9999944,0.8,0.0,1.0,3.6150145530700684,-2.435065,3.3801417,1.0016497,4.898587e-17,0.8,1.0,3.5477705001831055,-1.04158,-0.46932283,0.9979661,-0.8,9.797174e-17,1.0,0.5278531312942505,-1.0748026,-1.0414637,0.9982723,-1.4695762e-16,-0.8,1.0,1.1015936136245728
2451,-0.036590009927749634,0,2.1125833988189697,inf,0.528483,1.6587576,1.0026907,0.0,0.0,1.0,1.7409130334854126,1.5828347,-3.5403953,0.9999993,0.8,0.0,1.0,3.625910758972168,-2.4423428,3.3906386,1.0016525,4.898587e-17,0.8,1.0,3.5604002475738525,-1.0438168,-0.47144073,0.9979679,-0.8,9.797174e-17,1.0,0.5307608842849731,-1.0779296,-1.0427727,0.99828035,-1.4695762e-16,-0.8,1.0,1.1049315929412842
2452,-0.03672455996274948,0,2.11997127532959,inf,0.5301032,1.6657457,1.00268,0.0,0.0,1.0,1.748063325881958,1.5807159,-3.552014,1.0000043,0.8,0.0,1.0,3.63680100440979,-2.4496162,3.401155,1.0016553,4.898587e-17,0.8,1.0,3.573042154312134,-1.0460647,-0.47356367,0.9979698,-0.8,9.797174e-17,1.0,0.5336801409721375,-1.0810549,-1.0440879,0.9982882,-1.4695762e-16,-0.8,1.0,1.1082696914672852
2453,-0.03685968369245529,0,2.1273655891418457,inf,0.53172195,1.672749,1.0026693,0.0,0.0,1.0,1.75522780418396,1.5785735,-3.5636263,1.0000093,0.8,0.0,1.0,3.6476852893829346,-2.456885,3.411691,1.0016581,4.898587e-17,0.8,1.0,3.585696220397949,-1.0483239,-0.4756916,0.9979716,-0.8,9.797174e-17,1.0,0.5366109609603882,-1.0841786,-1.0454096,0.998296,-1.4695762e-16,-0.8,1.0,1.1116077899932861
2454,-0.03699468821287155,0,2.1347665786743164,inf,0.53333914,1.6797674,1.0026587,0.0,0.0,1.0,1.762406349182129,1.5764076,-3.5752313,1.0000143,0.8,0.0,1.0,3.6585636138916016,-2.4641495,3.4222467,1.0016606,4.898587e-17,0.8,1.0,3.598362684249878,-1.050594,-0.47782448,0.9979734,-0.8,9.797174e-17,1.0,0.5395532250404358,-1.0873007,-1.0467376,0.9983038,-1.4695762e-16,-0.8,1.0,1.1149462461471558
2455,-0.037130244076251984,0,2.1421732902526855,inf,0.5349548,1.6868008,1.0026481,0.0,0.0,1.0,1.7695990800857544,1.5742182,-3.586829,1.0000192,0.8,0.0,1.0,3.6694352626800537,-2.4714093,3.4328218,1.0016633,4.898587e-17,0.8,1.0,3.6110410690307617,-1.052875,-0.47996247,0.997975,-0.8,9.797174e-17,1.0,0.542506992816925,-1.090421,-1.0480721,0.99831146,-1.4695762e-16,-0.8,1.0,1.1182845830917358
2456,-0.037265878170728683,0,2.1495866775512695,inf,0.5365689,1.6938493,1.0026374,0.0,0.0,1.0,1.7768057584762573,1.5720054,-3.5984194,1.0000242,0.8,0.0,1.0,3.6803009510040283,-2.4786646,3.4434166,1.001666,4.898587e-17,0.8,1.0,3.623731851577759,-1.0551672,-0.4821057,0.99797654,-0.8,9.797174e-17,1.0,0.5454725027084351,-1.0935396,-1.0494131,0.99831915,-1.4695762e-16,-0.8,1.0,1.121623158454895
2457,-0.037401147186756134,0,2.1570067405700684,inf,0.53818136,1.700913,1.0026268,0.0,0.0,1.0,1.7840266227722168,1.5697693,-3.6100025,1.0000292,0.8,0.0,1.0,3.691159963607788,-2.485915,3.4540308,1.0016688,4.898587e-17,0.8,1.0,3.636434555053711,-1.0574706,-0.48425433,0.9979781,-0.8,9.797174e-17,1.0,0.5484500527381897,-1.0966564,-1.0507606,0.99832684,-1.4695762e-16,-0.8,1.0,1.1249617338180542
2458,-0.037536490708589554,0,2.1644327640533447,inf,0.5397923,1.7079917,1.002616,0.0,0.0,1.0,1.7912616729736328,1.5675098,-3.6215782,1.0000342,0.8,0.0,1.0,3.7020130157470703,-2.4931605,3.4646645,1.0016717,4.898587e-17,0.8,1.0,3.649149179458618,-1.0597854,-0.48640835,0.9979797,-0.8,9.797174e-17,1.0,0.5514395833015442,-1.0997716,-1.0521148,0.9983345,-1.4695762e-16,-0.8,1.0,1.1283005475997925
2459,-0.03767148405313492,0,2.171865463256836,inf,0.5414016,1.7150856,1.0026056,0.0,0.0,1.0,1.7985107898712158,1.5652274,-3.6331465,1.0000393,0.8,0.0,1.0,3.712859630584717,-2.5004013,3.4753172,1.0016744,4.898587e-17,0.8,1.0,3.6618754863739014,-1.0621119,-0.4885677,0.99798137,-0.8,9.797174e-17,1.0,0.5544412732124329,-1.102885,-1.0534756,0.99834216,-1.4695762e-16,-0.8,1.0,1.1316394805908203
2460,-0.03780655190348625,0,2.179304361343384,inf,0.54300934,1.7221947,1.0025953,0.0,0.0,1.0,1.805774211883545,1.5629221,-3.6447074,1.0000445,0.8,0.0,1.0,3.7237000465393066,-2.507637,3.4859893,1.0016772,4.898587e-17,0.8,1.0,3.6746134757995605,-1.0644499,-0.4907323,0.9979832,-0.8,9.797174e-17,1.0,0.5574549436569214,-1.1059966,-1.0548431,0.9983496,-1.4695762e-16,-0.8,1.0,1.1349785327911377
2461,-0.03794214874505997,0,2.1867496967315674,inf,0.54461545,1.7293187,1.0025852,0.0,0.0,1.0,1.8130515813827515,1.5605943,-3.6562605,1.0000496,0.8,0.0,1.0,3.7345340251922607,-2.514868,3.4966805,1.0016797,4.898587e-17,0.8,1.0,3.687363624572754,-1.0667996,-0.49290207,0.9979849,-0.8,9.797174e-17,1.0,0.5604806542396545,-1.1091064,-1.0562172,0.998357,-1.4695762e-16,-0.8,1.0,1.1383177042007446
2462,-0.03807780519127846,0,2.1942009925842285,inf,0.54621994,1.736458,1.0025752,0.0,0.0,1.0,1.8203431367874146,1.558244,-3.6678057,1.0000547,0.8,0.0,1.0,3.745361566543579,-2.5220938,3.5073907,1.0016822,4.898587e-17,0.8,1.0,3.700124979019165,-1.0691609,-0.49507698,0.9979867,-0.8,9.797174e-17,1.0,0.5635182857513428,-1.1122143,-1.0575981,0.9983643,-1.4695762e-16,-0.8,1.0,1.141656756401062
2463,-0.03821401670575142,0,2.2016587257385254,inf,0.54782283,1.7436123,1.002565,0.0,0.0,1.0,1.8276488780975342,1.5558711,-3.6793425,1.0000598,0.8,0.0,1.0,3.7561817169189453,-2.5293143,3.5181203,1.0016848,4.898587e-17,0.8,1.0,3.712898015975952,-1.0715337,-0.49725717,0.9979882,-0.8,9.797174e-17,1.0,0.5665680170059204,-1.1153206,-1.0589857,0.9983716,-1.4695762e-16,-0.8,1.0,1.144996166229248
2464,-0.03834983706474304,0,2.2091224193573,inf,0.54942405,1.7507818,1.0025548,0.0,0.0,1.0,1.8349686861038208,1.5534759,-3.6908712,1.000065,0.8,0.0,1.0,3.766995668411255,-2.5365298,3.5288684,1.0016873,4.898587e-17,0.8,1.0,3.725682497024536,-1.073918,-0.49944282,0.9979897,-0.8,9.797174e-17,1.0,0.5696299076080322,-1.1184249,-1.0603802,0.9983789,-1.4695762e-16,-0.8,1.0,1.1483356952667236
2465,-0.0384848453104496,0,2.21659255027771,inf,0.55102366,1.7579663,1.0025446,0.0,0.0,1.0,1.842302680015564,1.5510579,-3.7023916,1.0000701,0.8,0.0,1.0,3.7778024673461914,-2.54374,3.5396357,1.0016899,4.898587e-17,0.8,1.0,3.738478422164917,-1.0763141,-0.5016339,0.9979913,-0.8,9.797174e-17,1.0,0.5727041363716125,-1.1215273,-1.0617815,0.9983862,-1.4695762e-16,-0.8,1.0,1.1516752243041992
2466,-0.03861992061138153,0,2.224069118499756,inf,0.5526216,1.765166,1.0025345,0.0,0.0,1.0,1.8496508598327637,1.5486178,-3.713904,1.0000753,0.8,0.0,1.0,3.788602828979492,-2.5509448,3.5504217,1.0016927,4.898587e-17,0.8,1.0,3.7512855529785156,-1.0787216,-0.50383043,0.997993,-0.8,9.797174e-17,1.0,0.5757906436920166,-1.1246281,-1.0631899,0.99839354,-1.4695762e-16,-0.8,1.0,1.1550151109695435
2467,-0.038755547255277634,0,2.2315516471862793,inf,0.5542179,1.7723808,1.0025247,0.0,0.0,1.0,1.8570131063461304,1.5461556,-3.7254078,1.0000803,0.8,0.0,1.0,3.799396276473999,-2.5581443,3.5612264,1.0016953,4.898587e-17,0.8,1.0,3.764103651046753,-1.0811408,-0.50603265,0.9979948,-0.8,9.797174e-17,1.0,0.5788896083831787,-1.1277268,-1.064605,0.9984007,-1.4695762e-16,-0.8,1.0,1.1583548784255981
2468,-0.03889170661568642,0,2.2390403747558594,inf,0.5558125,1.7796109,1.0025151,0.0,0.0,1.0,1.8643896579742432,1.5436715,-3.7369034,1.0000856,0.8,0.0,1.0,3.810183048248291,-2.5653384,3.5720499,1.0016979,4.898587e-17,0.8,1.0,3.776933193206787,-1.0835716,-0.5082405,0.9979967,-0.8,9.797174e-17,1.0,0.5820010900497437,-1.1308237,-1.066027,0.9984076,-1.4695762e-16,-0.8,1.0,1.1616950035095215
2469,-0.03902795538306236,0,2.246535539627075,inf,0.5574054,1.7868559,1.0025055,0.0,0.0,1.0,1.8717801570892334,1.5411657,-3.7483902,1.000091,0.8,0.0,1.0,3.82096266746521,-2.572527,3.582892,1.0017004,4.898587e-17,0.8,1.0,3.789773941040039,-1.086014,-0.5104542,0.9979985,-0.8,9.797174e-17,1.0,0.585125207901001,-1.1339189,-1.0674562,0.99841446,-1.4695762e-16,-0.8,1.0,1.165035367012024
2470,-0.03916427120566368,0,2.2540366649627686,inf,0.5589967,1.7941161,1.0024959,0.0,0.0,1.0,1.8791849613189697,1.5386384,-3.7598684,1.0000962,0.8,0.0,1.0,3.831735372543335,-2.57971,3.5937524,1.0017028,4.898587e-17,0.8,1.0,3.8026251792907715,-1.0884681,-0.5126736,0.99800026,-0.8,9.797174e-17,1.0,0.5882619023323059,-1.1370121,-1.0688924,0.99842125,-1.4695762e-16,-0.8,1.0,1.168375849723816
2471,-0.03930118680000305,0,2.2615442276000977,inf,0.5605862,1.8013915,1.0024863,0.0,0.0,1.0,1.8866039514541626,1.5360894,-3.7713373,1.0001016,0.8,0.0,1.0,3.842500925064087,-2.5868874,3.6046314,1.0017053,4.898587e-17,0.8,1.0,3.8154876232147217,-1.0909337,-0.51489896,0.998002,-0.8,9.797174e-17,1.0,0.591411292552948,-1.1401035,-1.0703356,0.9984281,-1.4695762e-16,-0.8,1.0,1.171716570854187
2472,-0.03943795710802078,0,2.2690577507019043,inf,0.562174,1.808682,1.0024766,0.0,0.0,1.0,1.8940370082855225,1.5335188,-3.782797,1.0001068,0.8,0.0,1.0,3.8532588481903076,-2.594059,3.6155288,1.0017077,4.898587e-17,0.8,1.0,3.8283610343933105,-1.0934108,-0.5171304,0.9980037,-0.8,9.797174e-17,1.0,0.5945735573768616,-1.143193,-1.0717859,0.998435,-1.4695762e-16,-0.8,1.0,1.1750575304031372
2473,-0.039573900401592255,0,2.2765774726867676,inf,0.56376016,1.8159876,1.002467,0.0,0.0,1.0,1.9014842510223389,1.5309267,-3.7942479,1.0001119,0.8,0.0,1.0,3.8640096187591553,-2.601225,3.6264446,1.0017103,4.898587e-17,0.8,1.0,3.84124493598938,-1.0958998,-0.5193678,0.99800557,-0.8,9.797174e-17,1.0,0.5977487564086914,-1.1462806,-1.0732434,0.99844193,-1.4695762e-16,-0.8,1.0,1.178398847579956
2474,-0.0397099032998085,0,2.2841029167175293,inf,0.5653446,1.8233083,1.0024574,0.0,0.0,1.0,1.9089456796646118,1.5283133,-3.8056896,1.0001173,0.8,0.0,1.0,3.87475323677063,-2.608385,3.6373785,1.0017128,4.898587e-17,0.8,1.0,3.854139566421509,-1.0984004,-0.52161133,0.99800754,-0.8,9.797174e-17,1.0,0.6009368896484375,-1.1493664,-1.0747081,0.9984488,-1.4695762e-16,-0.8,1.0,1.181740164756775
2475,-0.039846912026405334,0,2.291635513305664,inf,0.56692725,1.8306442,1.0024481,0.0,0.0,1.0,1.9164214134216309,1.5256786,-3.817122,1.0001225,0.8,0.0,1.0,3.8854897022247314,-2.6155393,3.6483307,1.0017153,4.898587e-17,0.8,1.0,3.8670449256896973,-1.1009125,-0.5238611,0.9980097,-0.8,9.797174e-17,1.0,0.6041380167007446,-1.1524502,-1.07618,0.9984555,-1.4695762e-16,-0.8,1.0,1.185081958770752
2476,-0.03998444974422455,0,2.299173355102539,inf,0.56850815,1.8379953,1.0024388,0.0,0.0,1.0,1.923911213874817,1.5230229,-3.8285453,1.0001279,0.8,0.0,1.0,3.896218776702881,-2.6226876,3.6593008,1.0017178,4.898587e-17,0.8,1.0,3.879960536956787,-1.1034362,-0.5261172,0.9980118,-0.8,9.797174e-17,1.0,0.6073523163795471,-1.1555321,-1.0776591,0.99846214,-1.4695762e-16,-0.8,1.0,1.1884238719940186
2477,-0.04012114554643631,0,2.30671763420105,inf,0.5700873,1.8453615,1.0024296,0.0,0.0,1.0,1.9314152002334595,1.5203462,-3.8399594,1.0001333,0.8,0.0,1.0,3.9069409370422363,-2.62983,3.6702893,1.0017201,4.898587e-17,0.8,1.0,3.8928868770599365,-1.1059717,-0.5283797,0.99801385,-0.8,9.797174e-17,1.0,0.610579788684845,-1.1586123,-1.0791456,0.99846864,-1.4695762e-16,-0.8,1.0,1.1917662620544434
2478,-0.040258366614580154,0,2.314268112182617,inf,0.57166475,1.8527428,1.0024203,0.0,0.0,1.0,1.938933253288269,1.5176485,-3.851364,1.0001385,0.8,0.0,1.0,3.9176552295684814,-2.636966,3.6812954,1.0017225,4.898587e-17,0.8,1.0,3.905823230743408,-1.1085187,-0.5306485,0.9980159,-0.8,9.797174e-17,1.0,0.613820493221283,-1.1616904,-1.0806392,0.9984752,-1.4695762e-16,-0.8,1.0,1.1951088905334473
2479,-0.040395207703113556,0,2.3218250274658203,inf,0.5732404,1.8601393,1.002411,0.0,0.0,1.0,1.9464656114578247,1.5149295,-3.8627589,1.0001439,0.8,0.0,1.0,3.9283623695373535,-2.6440961,3.6923196,1.0017247,4.898587e-17,0.8,1.0,3.9187703132629395,-1.1110774,-0.53292394,0.99801797,-0.8,9.797174e-17,1.0,0.6170745491981506,-1.1647664,-1.0821401,0.9984818,-1.4695762e-16,-0.8,1.0,1.1984516382217407
2480,-0.04053210839629173,0,2.329387903213501,inf,0.57481426,1.8675508,1.0024017,0.0,0.0,1.0,1.954012155532837,1.5121895,-3.8741448,1.000149,0.8,0.0,1.0,3.9390623569488525,-2.65122,3.7033617,1.0017271,4.898587e-17,0.8,1.0,3.931727409362793,-1.1136477,-0.53520596,0.9980202,-0.8,9.797174e-17,1.0,0.6203420162200928,-1.1678406,-1.0836481,0.99848837,-1.4695762e-16,-0.8,1.0,1.2017946243286133
2481,-0.04066820070147514,0,2.33695650100708,inf,0.5763864,1.8749775,1.0023925,0.0,0.0,1.0,1.9615727663040161,1.5094285,-3.8855214,1.0001543,0.8,0.0,1.0,3.9497551918029785,-2.6583376,3.7144215,1.0017295,4.898587e-17,0.8,1.0,3.9446945190429688,-1.1162297,-0.53749466,0.99802256,-0.8,9.797174e-17,1.0,0.6236229538917542,-1.1709127,-1.0851631,0.99849486,-1.4695762e-16,-0.8,1.0,1.2051377296447754
2482,-0.04080481827259064,0,2.344531774520874,inf,0.5779566,1.8824195,1.0023836,0.0,0.0,1.0,1.9691476821899414,1.5066466,-3.896889,1.0001595,0.8,0.0,1.0,3.9604411125183105,-2.665449,3.725499,1.0017319,4.898587e-17,0.8,1.0,3.957671642303467,-1.1188234,-0.5397901,0.99802506,-0.8,9.797174e-17,1.0,0.6269175410270691,-1.1739829,-1.0866852,0.9985013,-1.4695762e-16,-0.8,1.0,1.208480954170227
2483,-0.04094213992357254,0,2.3521132469177246,inf,0.5795251,1.8898765,1.002375,0.0,0.0,1.0,1.9767367839813232,1.5038441,-3.9082472,1.0001647,0.8,0.0,1.0,3.9711198806762695,-2.672554,3.7365942,1.001734,4.898587e-17,0.8,1.0,3.970659017562866,-1.1214286,-0.5420923,0.99802786,-0.8,9.797174e-17,1.0,0.6302255988121033,-1.1770508,-1.0882144,0.99850744,-1.4695762e-16,-0.8,1.0,1.2118244171142578
2484,-0.041087884455919266,0,2.3597006797790527,inf,0.5810918,1.8973488,1.0023663,0.0,0.0,1.0,1.9843400716781616,1.5010211,-3.9195964,1.0001701,0.8,0.0,1.0,3.9817919731140137,-2.6796525,3.747707,1.0017362,4.898587e-17,0.8,1.0,3.983656167984009,-1.1240456,-0.54440147,0.9980305,-0.8,9.797174e-17,1.0,0.6335474848747253,-1.1801168,-1.0897505,0.9985134,-1.4695762e-16,-0.8,1.0,1.2151679992675781
2485,-0.04123470559716225,0,2.3672943115234375,inf,0.5826567,1.904836,1.0023577,0.0,0.0,1.0,1.9919575452804565,1.4981776,-3.9309359,1.0001756,0.8,0.0,1.0,3.9924564361572266,-2.6867445,3.758837,1.0017383,4.898587e-17,0.8,1.0,3.9966630935668945,-1.1266742,-0.5467176,0.99803305,-0.8,9.797174e-17,1.0,0.636883020401001,-1.1831807,-1.0912938,0.9985194,-1.4695762e-16,-0.8,1.0,1.218511700630188
2486,-0.04138196259737015,0,2.3748939037323,inf,0.5842197,1.9123386,1.0023489,0.0,0.0,1.0,1.999589204788208,1.4953138,-3.9422662,1.000181,0.8,0.0,1.0,4.003114223480225,-2.6938298,3.7699845,1.0017403,4.898587e-17,0.8,1.0,4.009679317474365,-1.1293145,-0.5490407,0.99803567,-0.8,9.797174e-17,1.0,0.6402324438095093,-1.1862423,-1.092844,0.99852544,-1.4695762e-16,-0.8,1.0,1.2218554019927979
2487,-0.041534703224897385,0,2.382500171661377,inf,0.5857809,1.9198562,1.0023402,0.0,0.0,1.0,2.007235050201416,1.4924291,-3.9535868,1.0001862,0.8,0.0,1.0,4.01376485824585,-2.7009087,3.7811494,1.0017424,4.898587e-17,0.8,1.0,4.022706031799316,-1.1319664,-0.55137086,0.99803835,-0.8,9.797174e-17,1.0,0.6435956358909607,-1.189302,-1.0944014,0.9985315,-1.4695762e-16,-0.8,1.0,1.2251993417739868
2488,-0.04168790578842163,0,2.3901124000549316,inf,0.58734024,1.927389,1.0023316,0.0,0.0,1.0,2.014894962310791,1.4895241,-3.9648983,1.0001913,0.8,0.0,1.0,4.024408340454102,-2.7079809,3.7923315,1.0017445,4.898587e-17,0.8,1.0,4.035741806030273,-1.13463,-0.55370826,0.99804115,-0.8,9.797174e-17,1.0,0.6469728350639343,-1.1923594,-1.0959656,0.99853754,-1.4695762e-16,-0.8,1.0,1.2285434007644653
2489,-0.04184035584330559,0,2.397730588912964,inf,0.5888977,1.934937,1.0023232,0.0,0.0,1.0,2.022569417953491,1.4865985,-3.9762003,1.0001965,0.8,0.0,1.0,4.035045146942139,-2.7150464,3.803531,1.0017465,4.898587e-17,0.8,1.0,4.048787593841553,-1.1373054,-0.5560529,0.9980442,-0.8,9.797174e-17,1.0,0.6503641605377197,-1.1954147,-1.0975369,0.9985434,-1.4695762e-16,-0.8,1.0,1.2318873405456543
2490,-0.0419933944940567,0,2.4053549766540527,inf,0.5904533,1.9425001,1.0023148,0.0,0.0,1.0,2.0302579402923584,1.4836527,-3.9874935,1.0002017,0.8,0.0,1.0,4.045674800872803,-2.722105,3.8147473,1.0017484,4.898587e-17,0.8,1.0,4.06184196472168,-1.1399925,-0.5584048,0.99804735,-0.8,9.797174e-17,1.0,0.6537695527076721,-1.1984677,-1.099115,0.99854916,-1.4695762e-16,-0.8,1.0,1.2352315187454224
2491,-0.042146600782871246,0,2.4129860401153564,inf,0.5920071,1.9500785,1.0023068,0.0,0.0,1.0,2.0379605293273926,1.4806867,-3.9987774,1.000207,0.8,0.0,1.0,4.05629825592041,-2.7291567,3.825981,1.0017502,4.898587e-17,0.8,1.0,4.074906349182129,-1.1426911,-0.5607641,0.99805075,-0.8,9.797174e-17,1.0,0.6571889519691467,-1.2015185,-1.1007001,0.99855465,-1.4695762e-16,-0.8,1.0,1.2385755777359009
2492,-0.042301323264837265,0,2.4206225872039795,inf,0.59355897,1.9576718,1.0022988,0.0,0.0,1.0,2.045677423477173,1.4777008,-4.0100517,1.0002124,0.8,0.0,1.0,4.0669145584106445,-2.7362018,3.8372316,1.001752,4.898587e-17,0.8,1.0,4.087979793548584,-1.1454016,-0.56313086,0.998054,-0.8,9.797174e-17,1.0,0.6606227159500122,-1.2045671,-1.102292,0.99856,-1.4695762e-16,-0.8,1.0,1.2419196367263794
2493,-0.04245442524552345,0,2.4282660484313965,inf,0.59510905,1.9652802,1.0022908,0.0,0.0,1.0,2.05340838432312,1.474695,-4.021317,1.0002179,0.8,0.0,1.0,4.077524185180664,-2.7432396,3.848499,1.0017537,4.898587e-17,0.8,1.0,4.101062774658203,-1.1481237,-0.56550515,0.99805737,-0.8,9.797174e-17,1.0,0.6640707850456238,-1.2076133,-1.1038905,0.9985653,-1.4695762e-16,-0.8,1.0,1.2452635765075684
2494,-0.042609043419361115,0,2.4359147548675537,inf,0.5966572,1.9729033,1.0022827,0.0,0.0,1.0,2.0611531734466553,1.4716692,-4.0325723,1.0002233,0.8,0.0,1.0,4.0881266593933105,-2.7502704,3.8597834,1.0017554,4.898587e-17,0.8,1.0,4.11415433883667,-1.1508576,-0.567887,0.99806064,-0.8,9.797174e-17,1.0,0.6675330996513367,-1.2106575,-1.1054959,0.99857074,-1.4695762e-16,-0.8,1.0,1.2486077547073364
2495,-0.042762886732816696,0,2.443570375442505,inf,0.5982036,1.9805413,1.0022749,0.0,0.0,1.0,2.0689120292663574,1.4686234,-4.0438185,1.0002285,0.8,0.0,1.0,4.098722457885742,-2.7572942,3.8710845,1.0017569,4.898587e-17,0.8,1.0,4.127254962921143,-1.1536031,-0.57027644,0.9980641,-0.8,9.797174e-17,1.0,0.6710097193717957,-1.2136993,-1.1071081,0.99857605,-1.4695762e-16,-0.8,1.0,1.2519519329071045
2496,-0.04291732236742973,0,2.4512314796447754,inf,0.59974813,1.9881942,1.0022671,0.0,0.0,1.0,2.0766847133636475,1.4655575,-4.055055,1.0002337,0.8,0.0,1.0,4.109311103820801,-2.7643108,3.8824024,1.0017586,4.898587e-17,0.8,1.0,4.140365123748779,-1.1563604,-0.57267374,0.9980676,-0.8,9.797174e-17,1.0,0.6745010614395142,-1.216739,-1.1087267,0.99858123,-1.4695762e-16,-0.8,1.0,1.2552961111068726
2497,-0.04307052865624428,0,2.4588992595672607,inf,0.6012908,1.9958619,1.0022595,0.0,0.0,1.0,2.0844712257385254,1.4624717,-4.0662827,1.0002388,0.8,0.0,1.0,4.119893550872803,-2.7713203,3.8937368,1.0017601,4.898587e-17,0.8,1.0,4.153483867645264,-1.1591294,-0.5750788,0.9980712,-0.8,9.797174e-17,1.0,0.6780068278312683,-1.2197766,-1.1103522,0.99858624,-1.4695762e-16,-0.8,1.0,1.2586404085159302
2498,-0.043224796652793884,0,2.4665729999542236,inf,0.60283154,2.0035446,1.002252,0.0,0.0,1.0,2.0922720432281494,1.4593662,-4.077501,1.000244,0.8,0.0,1.0,4.13046932220459,-2.7783225,3.905088,1.0017616,4.898587e-17,0.8,1.0,4.166611671447754,-1.16191,-0.57749164,0.998075,-0.8,9.797174e-17,1.0,0.6815270781517029,-1.222812,-1.1119839,0.9985911,-1.4695762e-16,-0.8,1.0,1.2619845867156982
2499,-0.04337877407670021,0,2.4742531776428223,inf,0.6043705,2.0112422,1.0022447,0.0,0.0,1.0,2.1000866889953613,1.4562411,-4.08871,1.0002493,0.8,0.0,1.0,4.141038417816162,-2.7853174,3.9164555,1.0017629,4.898587e-17,0.8,1.0,4.179748058319092,-1.1647025,-0.5799125,0.998079,-0.8,9.797174e-17,1.0,0.6850621104240417,-1.2258455,-1.1136223,0.9985957,-1.4695762e-16,-0.8,1.0,1.2653292417526245
2500,-0.043534696102142334,0,2.4819390773773193,inf,0.60590756,2.0189543,1.0022376,0.0,0.0,1.0,2.107914924621582,1.4530966,-4.09991,1.0002548,0.8,0.0,1.0,4.151601791381836,-2.7923048,3.9278395,1.0017642,4.898587e-17,0.8,1.0,4.192893028259277,-1.1675066,-0.5823414,0.99808294,-0.8,9.797174e-17,1.0,0.6886118054389954,-1.2288768,-1.115267,0.99860024,-1.4695762e-16,-0.8,1.0,1.2686738967895508
2501,-0.04368894174695015,0,2.489631175994873,inf,0.60744274,2.0266812,1.0022303,0.0,0.0,1.0,2.1157569885253906,1.4499328,-4.1110997,1.0002601,0.8,0.0,1.0,4.16215705871582,-2.799285,3.9392397,1.0017655,4.898587e-17,0.8,1.0,4.2060465812683105,-1.1703224,-0.5847783,0.99808675,-0.8,9.797174e-17,1.0,0.6921762824058533,-1.231906,-1.1169181,0.9986047,-1.4695762e-16,-0.8,1.0,1.2720186710357666
2502,-0.04384422302246094,0,2.4973294734954834,inf,0.6089761,2.0344226,1.002223,0.0,0.0,1.0,2.123613119125366,1.4467494,-4.1222806,1.0002655,0.8,0.0,1.0,4.172706604003906,-2.8062575,3.9506564,1.0017666,4.898587e-17,0.8,1.0,4.219208717346191,-1.1731501,-0.58722335,0.9980907,-0.8,9.797174e-17,1.0,0.6957556009292603,-1.2349334,-1.1185756,0.9986093,-1.4695762e-16,-0.8,1.0,1.275363802909851
2503,-0.04399828612804413,0,2.5050339698791504,inf,0.6105076,2.0421786,1.0022157,0.0,0.0,1.0,2.1314826011657715,1.4435468,-4.133452,1.0002706,0.8,0.0,1.0,4.183249473571777,-2.8132224,3.9620893,1.0017679,4.898587e-17,0.8,1.0,4.232378959655762,-1.1759893,-0.58967644,0.99809456,-0.8,9.797174e-17,1.0,0.699349582195282,-1.2379588,-1.1202394,0.9986139,-1.4695762e-16,-0.8,1.0,1.2787091732025146
2504,-0.04415338858962059,0,2.512744426727295,inf,0.61203724,2.0499492,1.0022088,0.0,0.0,1.0,2.1393659114837646,1.4403244,-4.1446137,1.0002756,0.8,0.0,1.0,4.193785667419434,-2.8201797,3.9735384,1.001769,4.898587e-17,0.8,1.0,4.245558261871338,-1.1788398,-0.59213775,0.99809855,-0.8,9.797174e-17,1.0,0.7029582858085632,-1.2409822,-1.1219093,0.99861825,-1.4695762e-16,-0.8,1.0,1.2820546627044678
2505,-0.044308070093393326,0,2.520461082458496,inf,0.6135651,2.0577343,1.0022019,0.0,0.0,1.0,2.1472628116607666,1.4370828,-4.155766,1.0002806,0.8,0.0,1.0,4.204315185546875,-2.8271296,3.9850037,1.0017701,4.898587e-17,0.8,1.0,4.2587456703186035,-1.1817018,-0.5946074,0.99810266,-0.8,9.797174e-17,1.0,0.7065817713737488,-1.2440037,-1.1235855,0.99862236,-1.4695762e-16,-0.8,1.0,1.2854005098342896
2506,-0.044463783502578735,0,2.528183937072754,inf,0.61509097,2.0655339,1.0021952,0.0,0.0,1.0,2.1551733016967773,1.4338219,-4.166909,1.0002857,0.8,0.0,1.0,4.21483850479126,-2.8340714,3.9964848,1.0017712,4.898587e-17,0.8,1.0,4.2719407081604,-1.1845751,-0.5970854,0.99810684,-0.8,9.797174e-17,1.0,0.7102200388908386,-1.2470232,-1.1252677,0.99862635,-1.4695762e-16,-0.8,1.0,1.2887465953826904
2507,-0.04461919888854027,0,2.5359129905700684,inf,0.61661506,2.073348,1.0021887,0.0,0.0,1.0,2.163097620010376,1.4305421,-4.1780434,1.000291,0.8,0.0,1.0,4.225355625152588,-2.8410058,4.007982,1.0017722,4.898587e-17,0.8,1.0,4.285144805908203,-1.1874598,-0.59957194,0.99811125,-0.8,9.797174e-17,1.0,0.7138733863830566,-1.250041,-1.1269561,0.9986302,-1.4695762e-16,-0.8,1.0,1.2920931577682495
2508,-0.04477565735578537,0,2.5436477661132812,inf,0.61813724,2.0811765,1.002182,0.0,0.0,1.0,2.1710352897644043,1.4272434,-4.189168,1.0002962,0.8,0.0,1.0,4.235866069793701,-2.847932,4.019495,1.0017731,4.898587e-17,0.8,1.0,4.298356533050537,-1.1903561,-0.6020668,0.99811554,-0.8,9.797174e-17,1.0,0.7175415754318237,-1.253057,-1.1286504,0.99863404,-1.4695762e-16,-0.8,1.0,1.2954399585723877
2509,-0.04493087902665138,0,2.551389217376709,inf,0.6196576,2.0890195,1.0021755,0.0,0.0,1.0,2.1789867877960205,1.4239258,-4.2002835,1.0003016,0.8,0.0,1.0,4.246370792388916,-2.8548505,4.0310235,1.001774,4.898587e-17,0.8,1.0,4.311575889587402,-1.1932639,-0.60457,0.9981199,-0.8,9.797174e-17,1.0,0.7212245464324951,-1.2560711,-1.1303507,0.9986379,-1.4695762e-16,-0.8,1.0,1.2987871170043945
2510,-0.04508713632822037,0,2.559135913848877,inf,0.62117606,2.0968769,1.0021688,0.0,0.0,1.0,2.1869513988494873,1.4205893,-4.211389,1.0003067,0.8,0.0,1.0,4.256868362426758,-2.861761,4.042568,1.0017749,4.898587e-17,0.8,1.0,4.324803829193115,-1.196183,-0.60708123,0.9981241,-0.8,9.797174e-17,1.0,0.7249221205711365,-1.2590834,-1.132057,0.9986418,-1.4695762e-16,-0.8,1.0,1.30213463306427
2511,-0.04524217173457146,0,2.5668892860412598,inf,0.62269264,2.1047485,1.0021623,0.0,0.0,1.0,2.194929838180542,1.4172338,-4.222485,1.0003119,0.8,0.0,1.0,4.267359733581543,-2.8686638,4.0541286,1.0017757,4.898587e-17,0.8,1.0,4.338039875030518,-1.1991132,-0.60960066,0.9981285,-0.8,9.797174e-17,1.0,0.728634238243103,-1.262094,-1.1337692,0.99864566,-1.4695762e-16,-0.8,1.0,1.3054826259613037
2512,-0.045398224145174026,0,2.574648380279541,inf,0.6242074,2.1126344,1.002156,0.0,0.0,1.0,2.2029216289520264,1.4138595,-4.233572,1.0003167,0.8,0.0,1.0,4.2778449058532715,-2.8755581,4.0657043,1.0017767,4.898587e-17,0.8,1.0,4.351283073425293,-1.2020546,-0.6121283,0.9981329,-0.8,9.797174e-17,1.0,0.7323608994483948,-1.265103,-1.1354871,0.9986493,-1.4695762e-16,-0.8,1.0,1.3088310956954956
2513,-0.04555397108197212,0,2.5824131965637207,inf,0.62572026,2.1205347,1.0021498,0.0,0.0,1.0,2.2109270095825195,1.4104663,-4.2446494,1.0003215,0.8,0.0,1.0,4.288323402404785,-2.8824446,4.077296,1.0017776,4.898587e-17,0.8,1.0,4.3645339012146,-1.2050068,-0.6146643,0.99813724,-0.8,9.797174e-17,1.0,0.7361020445823669,-1.2681102,-1.1372107,0.99865276,-1.4695762e-16,-0.8,1.0,1.3121799230575562
2514,-0.04571074619889259,0,2.590184211730957,inf,0.62723124,2.1284492,1.0021437,0.0,0.0,1.0,2.2189457416534424,1.4070544,-4.2557173,1.0003265,0.8,0.0,1.0,4.298795700073242,-2.8893228,4.0889025,1.0017785,4.898587e-17,0.8,1.0,4.377792835235596,-1.2079701,-0.6172088,0.99814177,-0.8,9.797174e-17,1.0,0.7398579120635986,-1.2711157,-1.1389401,0.9986561,-1.4695762e-16,-0.8,1.0,1.315529227256775
2515,-0.045867353677749634,0,2.59796142578125,inf,0.6287404,2.1363778,1.0021378,0.0,0.0,1.0,2.226977586746216,1.403624,-4.2667766,1.0003315,0.8,0.0,1.0,4.309262752532959,-2.8961928,4.100525,1.0017792,4.898587e-17,0.8,1.0,4.391059398651123,-1.2109445,-0.61976177,0.99814636,-0.8,9.797174e-17,1.0,0.7436286211013794,-1.2741196,-1.1406752,0.99865943,-1.4695762e-16,-0.8,1.0,1.3188791275024414
2516,-0.04602498933672905,0,2.6057443618774414,inf,0.6302477,2.1443205,1.0021318,0.0,0.0,1.0,2.235023021697998,1.4001753,-4.277826,1.0003365,0.8,0.0,1.0,4.319722652435303,-2.9030545,4.1121626,1.00178,4.898587e-17,0.8,1.0,4.404333114624023,-1.21393,-0.62232316,0.99815094,-0.8,9.797174e-17,1.0,0.7474139332771301,-1.2771219,-1.1424159,0.9986627,-1.4695762e-16,-0.8,1.0,1.3222295045852661
2517,-0.046181391924619675,0,2.6135334968566895,inf,0.6317532,2.1522775,1.0021259,0.0,0.0,1.0,2.243081569671631,1.3967083,-4.288866,1.0003417,0.8,0.0,1.0,4.330176830291748,-2.9099078,4.123815,1.0017807,4.898587e-17,0.8,1.0,4.417613983154297,-1.2169266,-0.62489283,0.99815553,-0.8,9.797174e-17,1.0,0.751213788986206,-1.2801226,-1.1441622,0.998666,-1.4695762e-16,-0.8,1.0,1.325580358505249
2518,-0.04633883386850357,0,2.621328115463257,inf,0.633257,2.1602485,1.00212,0.0,0.0,1.0,2.2511534690856934,1.3932229,-4.2998967,1.0003467,0.8,0.0,1.0,4.340624809265137,-2.9167528,4.1354833,1.0017815,4.898587e-17,0.8,1.0,4.43090295791626,-1.2199341,-0.62747073,0.9981601,-0.8,9.797174e-17,1.0,0.7550281882286072,-1.2831218,-1.1459138,0.9986693,-1.4695762e-16,-0.8,1.0,1.3289318084716797
2519,-0.046495020389556885,0,2.629128932952881,inf,0.6347591,2.1682336,1.0021142,0.0,0.0,1.0,2.2592389583587646,1.3897191,-4.3109174,1.0003514,0.8,0.0,1.0,4.3510661125183105,-2.9235895,4.1471663,1.0017823,4.898587e-17,0.8,1.0,4.4441986083984375,-1.2229525,-0.6300568,0.99816465,-0.8,9.797174e-17,1.0,0.7588568925857544,-1.2861195,-1.1476711,0.99867266,-1.4695762e-16,-0.8,1.0,1.332283854484558
2520,-0.04665224626660347,0,2.6369357109069824,inf,0.63625956,2.1762328,1.0021085,0.0,0.0,1.0,2.2673375606536865,1.3861969,-4.321929,1.0003561,0.8,0.0,1.0,4.361501693725586,-2.9304175,4.1588645,1.0017831,4.898587e-17,0.8,1.0,4.4575018882751465,-1.2259815,-0.63265115,0.99816924,-0.8,9.797174e-17,1.0,0.7626997828483582,-1.2891155,-1.1494337,0.9986758,-1.4695762e-16,-0.8,1.0,1.3356363773345947
2521,-0.046809181571006775,0,2.644747734069824,inf,0.6377584,2.1842458,1.0021029,0.0,0.0,1.0,2.275449514389038,1.3826565,-4.332931,1.0003606,0.8,0.0,1.0,4.3719305992126465,-2.937237,4.1705775,1.001784,4.898587e-17,0.8,1.0,4.47081184387207,-1.2290211,-0.63525385,0.99817383,-0.8,9.797174e-17,1.0,0.7665570974349976,-1.2921102,-1.1512017,0.99867886,-1.4695762e-16,-0.8,1.0,1.3389896154403687
2522,-0.046967145055532455,0,2.6525659561157227,inf,0.63925564,2.1922731,1.0020974,0.0,0.0,1.0,2.2835748195648193,1.3790977,-4.343924,1.0003654,0.8,0.0,1.0,4.382354259490967,-2.944048,4.182306,1.0017848,4.898587e-17,0.8,1.0,4.484129428863525,-1.2320713,-0.6378651,0.99817854,-0.8,9.797174e-17,1.0,0.7704289555549622,-1.2951034,-1.152975,0.9986818,-1.4695762e-16,-0.8,1.0,1.3423434495925903
2523,-0.04712481051683426,0,2.6603903770446777,inf,0.64075136,2.200314,1.002092,0.0,0.0,1.0,2.291712999343872,1.3755211,-4.354908,1.0003701,0.8,0.0,1.0,4.392772197723389,-2.9508502,4.194049,1.0017855,4.898587e-17,0.8,1.0,4.497453689575195,-1.2351321,-0.64048487,0.9981833,-0.8,9.797174e-17,1.0,0.7743152379989624,-1.2980952,-1.1547536,0.99868476,-1.4695762e-16,-0.8,1.0,1.3456979990005493
2524,-0.047283485531806946,0,2.6682205200195312,inf,0.64224565,2.2083693,1.0020866,0.0,0.0,1.0,2.2998650074005127,1.3719267,-4.365882,1.0003752,0.8,0.0,1.0,4.403183460235596,-2.9576437,4.2058063,1.0017864,4.898587e-17,0.8,1.0,4.51078462600708,-1.2382038,-0.64311314,0.9981881,-0.8,9.797174e-17,1.0,0.7782161235809326,-1.3010856,-1.1565373,0.9986877,-1.4695762e-16,-0.8,1.0,1.349053144454956
2525,-0.04744093492627144,0,2.676056385040283,inf,0.64373845,2.216438,1.0020813,0.0,0.0,1.0,2.3080296516418457,1.3683145,-4.376847,1.0003799,0.8,0.0,1.0,4.413589000701904,-2.9644287,4.217579,1.0017871,4.898587e-17,0.8,1.0,4.524122714996338,-1.241286,-0.6457497,0.9981929,-0.8,9.797174e-17,1.0,0.7821312546730042,-1.3040745,-1.1583261,0.99869066,-1.4695762e-16,-0.8,1.0,1.3524088859558105
2526,-0.04759940132498741,0,2.6838979721069336,inf,0.6452299,2.224521,1.002076,0.0,0.0,1.0,2.3162078857421875,1.3646845,-4.387802,1.0003848,0.8,0.0,1.0,4.4239888191223145,-2.9712045,4.229366,1.0017878,4.898587e-17,0.8,1.0,4.5374674797058105,-1.244379,-0.64839447,0.9981977,-0.8,9.797174e-17,1.0,0.786060631275177,-1.307062,-1.1601202,0.9986937,-1.4695762e-16,-0.8,1.0,1.3557652235031128
2527,-0.04775707423686981,0,2.6917452812194824,inf,0.64672,2.2326176,1.0020707,0.0,0.0,1.0,2.324399471282959,1.3610365,-4.398748,1.0003893,0.8,0.0,1.0,4.434382438659668,-2.9779718,4.2411675,1.0017886,4.898587e-17,0.8,1.0,4.550818920135498,-1.2474824,-0.65104747,0.99820244,-0.8,9.797174e-17,1.0,0.7900041341781616,-1.3100482,-1.1619194,0.99869674,-1.4695762e-16,-0.8,1.0,1.359122395515442
2528,-0.04791489243507385,0,2.6995983123779297,inf,0.64820874,2.2407281,1.0020657,0.0,0.0,1.0,2.332603931427002,1.3573706,-4.4096837,1.000394,0.8,0.0,1.0,4.444768905639648,-2.98473,4.2529836,1.0017895,4.898587e-17,0.8,1.0,4.5641770362854,-1.250596,-0.6537088,0.9982073,-0.8,9.797174e-17,1.0,0.7939617037773132,-1.3130331,-1.1637233,0.99869967,-1.4695762e-16,-0.8,1.0,1.3624801635742188
2529,-0.04807282239198685,0,2.7074573040008545,inf,0.64969623,2.2488525,1.0020605,0.0,0.0,1.0,2.3408217430114746,1.353687,-4.420611,1.0003985,0.8,0.0,1.0,4.455151081085205,-2.9914796,4.264814,1.0017904,4.898587e-17,0.8,1.0,4.577541828155518,-1.2537198,-0.6563785,0.998212,-0.8,9.797174e-17,1.0,0.7979333400726318,-1.3160166,-1.1655325,0.9987024,-1.4695762e-16,-0.8,1.0,1.365838646888733
2530,-0.048231784254312515,0,2.7153220176696777,inf,0.65118253,2.2569904,1.0020555,0.0,0.0,1.0,2.349052667617798,1.3499858,-4.4315286,1.000403,0.8,0.0,1.0,4.465526580810547,-2.9982204,4.2766585,1.0017912,4.898587e-17,0.8,1.0,4.59091329574585,-1.2568538,-0.6590568,0.99821687,-0.8,9.797174e-17,1.0,0.8019192218780518,-1.3189988,-1.1673465,0.99870527,-1.4695762e-16,-0.8,1.0,1.369197964668274
2531,-0.04839044436812401,0,2.7231924533843994,inf,0.65266764,2.2651422,1.0020506,0.0,0.0,1.0,2.357296943664551,1.3462672,-4.4424367,1.0004077,0.8,0.0,1.0,4.475896835327148,-3.0049524,4.2885175,1.0017922,4.898587e-17,0.8,1.0,4.604290962219238,-1.2599981,-0.6617436,0.9982219,-0.8,9.797174e-17,1.0,0.805919349193573,-1.3219798,-1.1691654,0.9987081,-1.4695762e-16,-0.8,1.0,1.3725578784942627
2532,-0.048550140112638474,0,2.7310683727264404,inf,0.6541516,2.2733078,1.0020456,0.0,0.0,1.0,2.3655543327331543,1.3425312,-4.453336,1.0004125,0.8,0.0,1.0,4.486261367797852,-3.0116754,4.3003902,1.0017931,4.898587e-17,0.8,1.0,4.617675304412842,-1.2631528,-0.6644389,0.9982268,-0.8,9.797174e-17,1.0,0.8099337816238403,-1.3249593,-1.170989,0.99871093,-1.4695762e-16,-0.8,1.0,1.3759185075759888
2533,-0.04870887100696564,0,2.738950490951538,inf,0.65563446,2.281487,1.0020407,0.0,0.0,1.0,2.3738245964050293,1.338778,-4.4642253,1.0004172,0.8,0.0,1.0,4.496619701385498,-3.0183895,4.3122773,1.001794,4.898587e-17,0.8,1.0,4.631065845489502,-1.2663178,-0.6671426,0.9982319,-0.8,9.797174e-17,1.0,0.8139623403549194,-1.3279377,-1.1728175,0.9987139,-1.4695762e-16,-0.8,1.0,1.3792799711227417
2534,-0.04886866360902786,0,2.746837854385376,inf,0.6571163,2.2896798,1.0020359,0.0,0.0,1.0,2.382108211517334,1.3350075,-4.4751053,1.0004219,0.8,0.0,1.0,4.506972312927246,-3.0250943,4.324178,1.0017949,4.898587e-17,0.8,1.0,4.644462585449219,-1.2694931,-0.6698545,0.99823695,-0.8,9.797174e-17,1.0,0.818004846572876,-1.3309149,-1.1746508,0.9987169,-1.4695762e-16,-0.8,1.0,1.382642149925232
2535,-0.04902813211083412,0,2.7547314167022705,inf,0.6585971,2.2978861,1.002031,0.0,0.0,1.0,2.39040470123291,1.3312197,-4.4859757,1.0004263,0.8,0.0,1.0,4.517319202423096,-3.0317903,4.336093,1.0017958,4.898587e-17,0.8,1.0,4.657865524291992,-1.2726784,-0.6725747,0.99824196,-0.8,9.797174e-17,1.0,0.8220612406730652,-1.3338907,-1.1764888,0.9987199,-1.4695762e-16,-0.8,1.0,1.38600492477417
2536,-0.04918818548321724,0,2.762629985809326,inf,0.660077,2.3061063,1.0020262,0.0,0.0,1.0,2.398714780807495,1.3274143,-4.4968367,1.0004307,0.8,0.0,1.0,4.527660369873047,-3.038477,4.3480215,1.0017968,4.898587e-17,0.8,1.0,4.671274185180664,-1.2758735,-0.67530316,0.9982469,-0.8,9.797174e-17,1.0,0.8261314034461975,-1.3368653,-1.1783315,0.99872285,-1.4695762e-16,-0.8,1.0,1.3893686532974243
2537,-0.0493478961288929,0,2.770534038543701,inf,0.66155595,2.3143399,1.0020216,0.0,0.0,1.0,2.4070374965667725,1.3235914,-4.5076885,1.0004349,0.8,0.0,1.0,4.537995338439941,-3.0451548,4.359964,1.0017978,4.898587e-17,0.8,1.0,4.684689521789551,-1.2790786,-0.6780401,0.998252,-0.8,9.797174e-17,1.0,0.8302154541015625,-1.3398386,-1.180179,0.99872583,-1.4695762e-16,-0.8,1.0,1.3927329778671265
2538,-0.049508191645145416,0,2.778444290161133,inf,0.66303396,2.322587,1.0020168,0.0,0.0,1.0,2.4153733253479004,1.3197509,-4.5185313,1.0004392,0.8,0.0,1.0,4.548325538635254,-3.0518231,4.37192,1.0017989,4.898587e-17,0.8,1.0,4.698110580444336,-1.2822933,-0.68078554,0.99825686,-0.8,9.797174e-17,1.0,0.8343133926391602,-1.3428104,-1.1820314,0.99872863,-1.4695762e-16,-0.8,1.0,1.3960978984832764
2539,-0.049668148159980774,0,2.786360025405884,inf,0.6645112,2.3308477,1.0020123,0.0,0.0,1.0,2.423722267150879,1.315893,-4.529365,1.0004435,0.8,0.0,1.0,4.558650493621826,-3.0584824,4.3838897,1.0018,4.898587e-17,0.8,1.0,4.7115373611450195,-1.285518,-0.6835396,0.99826205,-0.8,9.797174e-17,1.0,0.8384254574775696,-1.3457808,-1.1838886,0.9987316,-1.4695762e-16,-0.8,1.0,1.3994635343551636
2540,-0.04982822388410568,0,2.794281244277954,inf,0.6659876,2.3391218,1.0020076,0.0,0.0,1.0,2.432084321975708,1.3120179,-4.54019,1.000448,0.8,0.0,1.0,4.568970203399658,-3.0651326,4.395873,1.0018011,4.898587e-17,0.8,1.0,4.72497034072876,-1.2887528,-0.6863022,0.99826723,-0.8,9.797174e-17,1.0,0.8425514101982117,-1.3487499,-1.1857505,0.9987345,-1.4695762e-16,-0.8,1.0,1.4028297662734985
2541,-0.049987517297267914,0,2.802208423614502,inf,0.66746324,2.3474095,1.0020031,0.0,0.0,1.0,2.4404594898223877,1.3081257,-4.551007,1.0004524,0.8,0.0,1.0,4.579285144805908,-3.0717733,4.40787,1.0018022,4.898587e-17,0.8,1.0,4.738409042358398,-1.2919974,-0.68907315,0.9982726,-0.8,9.797174e-17,1.0,0.8466913104057312,-1.3517174,-1.1876173,0.9987374,-1.4695762e-16,-0.8,1.0,1.4061964750289917
2542,-0.050148289650678635,0,2.810141086578369,inf,0.6689382,2.3557105,1.0019985,0.0,0.0,1.0,2.448847532272339,1.3042166,-4.5618143,1.0004569,0.8,0.0,1.0,4.589595317840576,-3.0784047,4.4198804,1.0018034,4.898587e-17,0.8,1.0,4.7518534660339355,-1.295252,-0.6918524,0.99827796,-0.8,9.797174e-17,1.0,0.8508449792861938,-1.3546834,-1.1894889,0.9987403,-1.4695762e-16,-0.8,1.0,1.4095638990402222
2543,-0.05030827596783638,0,2.8180792331695557,inf,0.67041254,2.364025,1.001994,0.0,0.0,1.0,2.4572486877441406,1.3002907,-4.572613,1.0004615,0.8,0.0,1.0,4.599899768829346,-3.0850267,4.431904,1.0018046,4.898587e-17,0.8,1.0,4.765303611755371,-1.2985162,-0.69463986,0.99828345,-0.8,9.797174e-17,1.0,0.8550121784210205,-1.3576479,-1.1913654,0.99874336,-1.4695762e-16,-0.8,1.0,1.4129317998886108
2544,-0.05046973377466202,0,2.8260226249694824,inf,0.67188615,2.3723528,1.0019896,0.0,0.0,1.0,2.465662717819214,1.2963477,-4.5834017,1.0004658,0.8,0.0,1.0,4.610198974609375,-3.0916395,4.4439406,1.0018058,4.898587e-17,0.8,1.0,4.778759479522705,-1.3017899,-0.6974356,0.9982888,-0.8,9.797174e-17,1.0,0.8591929078102112,-1.3606111,-1.1932465,0.9987463,-1.4695762e-16,-0.8,1.0,1.4163005352020264
2545,-0.05062754452228546,0,2.833970785140991,inf,0.6733593,2.3806942,1.0019852,0.0,0.0,1.0,2.4740898609161377,1.292388,-4.594182,1.00047,0.8,0.0,1.0,4.620492935180664,-3.0982428,4.455991,1.001807,4.898587e-17,0.8,1.0,4.792220592498779,-1.3050712,-0.7002253,0.9982942,-0.8,9.797174e-17,1.0,0.8633744120597839,-1.3635746,-1.1951469,0.9987494,-1.4695762e-16,-0.8,1.0,1.419675588607788
2546,-0.05078153684735298,0,2.8419229984283447,inf,0.6748318,2.3890486,1.0019815,0.0,0.0,1.0,2.482529878616333,1.288411,-4.6049533,1.0004735,0.8,0.0,1.0,4.630781650543213,-3.1048367,4.4680543,1.0018084,4.898587e-17,0.8,1.0,4.80568790435791,-1.3083605,-0.70301104,0.99830014,-0.8,9.797174e-17,1.0,0.867558479309082,-1.3665383,-1.197065,0.9987523,-1.4695762e-16,-0.8,1.0,1.4230562448501587
2547,-0.050969548523426056,0,2.849879741668701,inf,0.67630386,2.3974166,1.0019789,0.0,0.0,1.0,2.490983247756958,1.2844169,-4.615716,1.0004762,0.8,0.0,1.0,4.641066074371338,-3.111421,4.4801307,1.0018106,4.898587e-17,0.8,1.0,4.819160461425781,-1.3116577,-0.7057963,0.9983062,-0.8,9.797174e-17,1.0,0.871748149394989,-1.3695016,-1.1989973,0.9987546,-1.4695762e-16,-0.8,1.0,1.4264414310455322
2548,-0.051184650510549545,0,2.857842445373535,inf,0.67777544,2.4057982,1.0019773,0.0,0.0,1.0,2.4994494915008545,1.2804059,-4.62647,1.0004783,0.8,0.0,1.0,4.651345729827881,-3.1179962,4.4922204,1.0018137,4.898587e-17,0.8,1.0,4.832638740539551,-1.3149629,-0.7085863,0.9983116,-0.8,9.797174e-17,1.0,0.8759475350379944,-1.3724643,-1.2009393,0.9987557,-1.4695762e-16,-0.8,1.0,1.4298293590545654
2549,-0.05141337215900421,0,2.8658106327056885,inf,0.6792466,2.414193,1.0019768,0.0,0.0,1.0,2.5079288482666016,1.2763778,-4.637216,1.0004791,0.8,0.0,1.0,4.66162109375,-3.1245618,4.5043235,1.0018173,4.898587e-17,0.8,1.0,4.846122741699219,-1.3182757,-0.7113877,0.99831635,-0.8,9.797174e-17,1.0,0.8801618814468384,-1.3754253,-1.2028849,0.9987557,-1.4695762e-16,-0.8,1.0,1.4332176446914673
2550,-0.05165913328528404,0,2.8737852573394775,inf,0.68071735,2.4226015,1.0019772,0.0,0.0,1.0,2.5164215564727783,1.272333,-4.6479535,1.0004795,0.8,0.0,1.0,4.671891689300537,-3.1311183,4.5164394,1.0018222,4.898587e-17,0.8,1.0,4.859611988067627,-1.3215951,-0.7142089,0.99832,-0.8,9.797174e-17,1.0,0.8843972682952881,-1.3783832,-1.204827,0.9987545,-1.4695762e-16,-0.8,1.0,1.4366024732589722
2551,-0.051921993494033813,0,2.8817663192749023,inf,0.68218774,2.4310234,1.0019777,0.0,0.0,1.0,2.5249273777008057,1.2682714,-4.658683,1.0004798,0.8,0.0,1.0,4.68215799331665,-3.1376653,4.5285687,1.0018281,4.898587e-17,0.8,1.0,4.873106956481934,-1.3249191,-0.71706,0.99832124,-0.8,9.797174e-17,1.0,0.888660728931427,-1.3813353,-1.2067562,0.9987518,-1.4695762e-16,-0.8,1.0,1.4399789571762085
2552,-0.05220426246523857,0,2.8897547721862793,inf,0.6836577,2.4394586,1.0019785,0.0,0.0,1.0,2.5334463119506836,1.2641929,-4.6694036,1.0004798,0.8,0.0,1.0,4.69242000579834,-3.1442032,4.540711,1.0018338,4.898587e-17,0.8,1.0,4.886608123779297,-1.328244,-0.7199532,0.9983188,-0.8,9.797174e-17,1.0,0.892959713935852,-1.3842773,-1.2086626,0.99874604,-1.4695762e-16,-0.8,1.0,1.4433400630950928
2553,-0.05250772461295128,0,2.897749423980713,inf,0.6851274,2.4479074,1.001979,0.0,0.0,1.0,2.541978359222412,1.2600976,-4.680116,1.0004793,0.8,0.0,1.0,4.7026777267456055,-3.1507316,4.552866,1.0018399,4.898587e-17,0.8,1.0,4.900114059448242,-1.3315631,-0.72290224,0.9983098,-0.8,9.797174e-17,1.0,0.897301435470581,-1.3872027,-1.2105347,0.99873513,-1.4695762e-16,-0.8,1.0,1.4466761350631714
2554,-0.052834510803222656,0,2.905749797821045,inf,0.68659675,2.45637,1.00198,0.0,0.0,1.0,2.5505239963531494,1.2559854,-4.6908207,1.0004781,0.8,0.0,1.0,4.712931156158447,-3.157251,4.5650344,1.0018455,4.898587e-17,0.8,1.0,4.913626194000244,-1.3348663,-0.72592384,0.99829096,-0.8,9.797174e-17,1.0,0.9016929864883423,-1.3901013,-1.2123597,0.99871564,-1.4695762e-16,-0.8,1.0,1.449973702430725
2555,-0.05318738520145416,0,2.9137520790100098,inf,0.6880658,2.4648464,1.0019816,0.0,0.0,1.0,2.5590829849243164,1.251856,-4.701517,1.0004765,0.8,0.0,1.0,4.723180770874023,-3.1637611,4.5772157,1.0018512,4.898587e-17,0.8,1.0,4.9271440505981445,-1.3381366,-0.72903645,0.99825686,-0.8,9.797174e-17,1.0,0.9061391353607178,-1.3929577,-1.2141236,0.9986829,-1.4695762e-16,-0.8,1.0,1.4532140493392944
2556,-0.05356895923614502,0,2.9217519760131836,inf,0.6895346,2.4733362,1.001982,0.0,0.0,1.0,2.567655324935913,1.2477094,-4.712206,1.000475,0.8,0.0,1.0,4.733426570892334,-3.170262,4.58941,1.0018576,4.898587e-17,0.8,1.0,4.940667152404785,-1.3413476,-0.7322617,0.9982001,-0.8,9.797174e-17,1.0,0.9106413125991821,-1.3957474,-1.2158114,0.99863213,-1.4695762e-16,-0.8,1.0,1.456369400024414
2557,-0.053978171199560165,0,2.9297401905059814,inf,0.6910032,2.48184,1.0019816,0.0,0.0,1.0,2.5762412548065186,1.243546,-4.722887,1.0004736,0.8,0.0,1.0,4.743669033050537,-3.1767545,4.6016173,1.0018642,4.898587e-17,0.8,1.0,4.954196929931641,-1.3444561,-0.73562354,0.9981103,-0.8,9.797174e-17,1.0,0.9151929020881653,-1.3984342,-1.2174104,0.99855334,-1.4695762e-16,-0.8,1.0,1.4594011306762695
2558,-0.0543987862765789,0,2.937699794769287,inf,0.69247156,2.490357,1.0019798,0.0,0.0,1.0,2.5848400592803955,1.2393659,-4.733561,1.000472,0.8,0.0,1.0,4.753908157348633,-3.183238,4.6138372,1.0018696,4.898587e-17,0.8,1.0,4.9677324295043945,-1.3473941,-0.7391386,0.9979681,-0.8,9.797174e-17,1.0,0.9197664260864258,-1.40096,-1.2189132,0.9984334,-1.4695762e-16,-0.8,1.0,1.4622515439987183
2559,-0.13469472527503967,1,2.9456019401550293,inf,0.0,0.0,1.0,0.0,0.0,1.0,0.0,0.8,0.0,1.0,0.8,0.0,1.0,0.0,4.898587e-17,0.8,1.0,4.898587e-17,0.8,1.0,0.0,-0.8,9.797174e-17,1.0,-0.8,9.797174e-17,1.0,0.0,-1.4695762e-16,-0.8,1.0,-1.4695762e-16,-0.8,1.0,0.0
2560,-0.0023238614667207003,0,2.511739694455173e-05,inf,0.0,0.0,1.0000288,0.0,0.0,1.0,2.8848648071289062e-05,0.8,0.0,1.0000018,0.8,0.0,1.0,1.7881393432617188e-06,4.898587e-17,0.8,0.999974,4.898587e-17,0.8,1.0,2.5987625122070312e-05,-0.8,9.797174e-17,1.0000681,-0.8,9.797174e-17,1.0,6.80685043334961e-05,-1.4695762e-16,-0.8,0.9999991,-1.4695762e-16,-0.8,1.0,8.940696716308594e-07
2561,-0.0023262992035597563,0,3.42493258358445e-05,inf,-7.5363474e-08,-7.535432e-08,1.0000519,0.0,0.0,1.0,5.1856150093954057e-05,0.79999995,-8.065184e-08,1.0000092,0.8,0.0,1.0,9.179662811220624e-06,8.856685e-08,0.79999995,0.999971,4.898587e-17,0.8,1.0,2.9027658456470817e-05,-0.79999995,-5.1456276e-08,1.0000782,-0.8,9.797174e-17,1.0,7.820133032510057e-05,-7.750692e-08,-0.79999995,0.999997,-1.4695762e-16,-0.8,1.0,2.981835677928757e-06
2562,-0.0023299010936170816,0,5.2206993132131174e-05,inf,-2.2650764e-07,-3.7801266e-07,1.0000699,0.0,0.0,1.0,6.985803338466212e-05,0.79999965,-3.820321e-07,1.0000068,0.8,0.0,1.0,6.815050710429205e-06,2.4538323e-07,0.79999965,0.9999468,4.898587e-17,0.8,1.0,5.3228715842124075e-05,-0.79999965,-3.528587e-07,1.0000998,-0.8,9.797174e-17,1.0,9.977944137062877e-05,-2.2100328e-07,-0.7999998,0.99996865,-1.4695762e-16,-0.8,1.0,3.135372753604315e-05
2563,-0.002334313467144966,0,6.159387703519315e-05,inf,-3.7763695e-07,-1.14733e-06,1.0000874,0.0,0.0,1.0,8.738876204006374e-05,0.799999,-1.0137135e-06,1.0000143,0.8,0.0,1.0,1.4376740182342473e-05,4.018834e-07,0.7999988,0.9999386,4.898587e-17,0.8,1.0,6.140566983958706e-05,-0.79999894,-1.0823683e-06,1.0001066,-0.8,9.797174e-17,1.0,0.00010658400424290448,-5.402934e-07,-0.7999995,0.9999618,-1.4695762e-16,-0.8,1.0,3.821416248683818e-05
2564,-0.0023396164178848267,0,7.566834392491728e-05,inf,-3.7529486e-07,-2.5299312e-06,1.0001019,0.0,0.0,1.0,0.00010195602953899652,0.7999981,-2.0792713e-06,1.0000093,0.8,0.0,1.0,9.717005013953894e-06,4.180785e-07,0.7999973,0.9999125,4.898587e-17,0.8,1.0,8.75417172210291e-05,-0.7999974,-2.6164369e-06,1.0001187,-0.8,9.797174e-17,1.0,0.00011879023077199236,-1.0016992e-06,-0.799999,0.9999397,-1.4695762e-16,-0.8,1.0,6.033672616467811e-05
2565,-0.002344591310247779,0,8.622977475170046e-05,inf,-1.3864488e-07,-4.6145005e-06,1.0001166,0.0,0.0,1.0,0.00011667804938042536,0.7999969,-3.89255e-06,1.0000154,0.8,0.0,1.0,1.6162961401278153e-05,1.4128864e-08,0.7999946,0.9998988,4.898587e-17,0.8,1.0,0.00010135392949450761,-0.7999947,-5.134163e-06,1.0001254,-0.8,9.797174e-17,1.0,0.00012562527263071388,-1.7125144e-06,-0.7999983,0.9999287,-1.4695762e-16,-0.8,1.0,7.132867176551372e-05
2566,-0.002348823007196188,0,9.673428576206788e-05,inf,3.304315e-07,-7.5495664e-06,1.0001298,0.0,0.0,1.0,0.00013003866479266435,0.79999554,-6.5071727e-06,1.0000103,0.8,0.0,1.0,1.2939504813402891e-05,-1.0609198e-06,0.79999024,0.99987686,4.898587e-17,0.8,1.0,0.00012353512283880264,-0.79999065,-8.943018e-06,1.0001274,-0.8,9.797174e-17,1.0,0.00012809042527806014,-2.6482658e-06,-0.7999974,0.999911,-1.4695762e-16,-0.8,1.0,8.906774746719748e-05
2567,-0.0023534621577709913,0,0.00010717417899286374,inf,9.549981e-07,-1.1414308e-05,1.0001421,0.0,0.0,1.0,0.0001425583759555593,0.799994,-1.0243629e-05,1.0000099,0.8,0.0,1.0,1.5461944713024423e-05,-3.1152015e-06,0.7999838,0.9998618,4.898587e-17,0.8,1.0,0.00013920558558311313,-0.7999847,-1.43032385e-05,1.0001281,-0.8,9.797174e-17,1.0,0.0001298524293815717,-3.738565e-06,-0.79999614,0.99989134,-1.4695762e-16,-0.8,1.0,0.00010879257024498656
2568,-0.0023586309980601072,0,0.00011595252726692706,inf,1.7370241e-06,-1.6219383e-05,1.0001554,0.0,0.0,1.0,0.00015630242705810815,0.79999244,-1.5166348e-05,1.0000012,0.8,0.0,1.0,1.6992378732538782e-05,-6.416779e-06,0.7999751,0.99984574,4.898587e-17,0.8,1.0,0.000156387613969855,-0.7999765,-2.1435719e-05,1.0001192,-0.8,9.797174e-17,1.0,0.00012337687076069415,-4.987503e-06,-0.7999944,0.9998735,-1.4695762e-16,-0.8,1.0,0.00012670329306274652
2569,-0.002363300183787942,0,0.00012596992019098252,inf,2.5949234e-06,-2.1853946e-05,1.0001634,0.0,0.0,1.0,0.0001649109908612445,0.79999113,-2.1567072e-05,0.99999255,0.8,0.0,1.0,2.4485168978571892e-05,-1.14317345e-05,0.79996365,0.99983656,4.898587e-17,0.8,1.0,0.00016782119928393513,-0.7999656,-3.068943e-05,1.0001109,-0.8,9.797174e-17,1.0,0.00012006502947770059,-6.4610185e-06,-0.7999922,0.99984777,-1.4695762e-16,-0.8,1.0,0.00015256725600920618
2570,-0.002367950277402997,0,0.0001380410831188783,inf,3.5335652e-06,-2.821455e-05,1.0001779,0.0,0.0,1.0,0.00018011890642810613,0.79999024,-2.9524477e-05,0.99997586,0.8,0.0,1.0,3.936981374863535e-05,-1.8568027e-05,0.7999495,0.99982774,4.898587e-17,0.8,1.0,0.00018046092009171844,-0.7999517,-4.2150034e-05,1.0000976,-0.8,9.797174e-17,1.0,0.00011681355681503192,-8.178486e-06,-0.7999892,0.9998271,-1.4695762e-16,-0.8,1.0,0.00017344224033877254
2571,-0.0023725428618490696,0,0.0001515343610662967,inf,4.4708518e-06,-3.502156e-05,1.0001853,0.0,0.0,1.0,0.00018858557450585067,0.79998994,-3.939362e-05,0.99996346,0.8,0.0,1.0,5.466558286570944e-05,-2.8460136e-05,0.79993254,0.9998247,4.898587e-17,0.8,1.0,0.0001899780036183074,-0.7999339,-5.6003035e-05,1.000087,-0.8,9.797174e-17,1.0,0.00012279543443582952,-1.0198159e-05,-0.7999855,0.99979913,-1.4695762e-16,-0.8,1.0,0.00020164721354376525
2572,-0.0023776439484208822,0,0.00016905521624721587,inf,5.40446e-06,-4.1990388e-05,1.0002018,0.0,0.0,1.0,0.0002062140847556293,0.7999906,-5.1164792e-05,0.99994135,0.8,0.0,1.0,7.839937461540103e-05,-4.144919e-05,0.79991275,0.99981976,4.898587e-17,0.8,1.0,0.00020450088777579367,-0.79991215,-7.23257e-05,1.0000734,-0.8,9.797174e-17,1.0,0.00013543374370783567,-1.2717375e-05,-0.7999808,0.9997805,-1.4695762e-16,-0.8,1.0,0.0002207279612775892
2573,-0.0023849981371313334,0,0.00018783802806865424,inf,6.4061196e-06,-4.88822e-05,1.0002095,0.0,0.0,1.0,0.00021517461573239416,0.7999926,-6.531608e-05,0.99992913,0.8,0.0,1.0,9.666107507655397e-05,-5.8229547e-05,0.7998902,0.99982005,4.898587e-17,0.8,1.0,0.00021869070769753307,-0.7998858,-9.132715e-05,1.0000653,-0.8,9.797174e-17,1.0,0.00016015753499232233,-1.5761396e-05,-0.7999752,0.99975324,-1.4695762e-16,-0.8,1.0,0.00024850619956851006
2574,-0.0023915108758956194,0,0.00021169660612940788,inf,7.480764e-06,-5.5352175e-05,1.0002295,0.0,0.0,1.0,0.00023617774422746152,0.7999963,-8.167921e-05,0.9999036,0.8,0.0,1.0,0.0001263898448087275,-7.923679e-05,0.79986507,0.9998173,4.898587e-17,0.8,1.0,0.00024054852838162333,-0.7998548,-0.000112938294,1.000048,-0.8,9.797174e-17,1.0,0.00019011883705388755,-1.956431e-05,-0.7999683,0.9997374,-1.4695762e-16,-0.8,1.0,0.00026524803251959383
2575,-0.002398882294073701,0,0.0002369629219174385,inf,8.687664e-06,-6.123819e-05,1.0002375,0.0,0.0,1.0,0.0002453878114465624,0.8000026,-0.00010089537,0.9998926,0.8,0.0,1.0,0.00014738667232450098,-0.00010523875,0.79983723,0.9998197,4.898587e-17,0.8,1.0,0.0002647303626872599,-0.79981834,-0.00013752333,1.000039,-0.8,9.797174e-17,1.0,0.00023116661759559065,-2.4092542e-05,-0.7999603,0.9997075,-1.4695762e-16,-0.8,1.0,0.0002961432619486004
2576,-0.002404948929324746,0,0.00026792814605869353,inf,1.0210727e-05,-6.6109125e-05,1.0002588,0.0,0.0,1.0,0.0002673085546121001,0.8000114,-0.00012262544,0.9998652,0.8,0.0,1.0,0.00018260497017763555,-0.00013658838,0.799807,0.9998182,4.898587e-17,0.8,1.0,0.00029825232923030853,-0.7997767,-0.00016486486,1.0000161,-0.8,9.797174e-17,1.0,0.000278063933365047,-2.9648938e-05,-0.7999508,0.9996919,-1.4695762e-16,-0.8,1.0,0.00031341088470071554
2577,-0.002411437686532736,0,0.00030090639484114945,inf,1.2074465e-05,-6.9885726e-05,1.0002683,0.0,0.0,1.0,0.00027755400515161455,0.8000239,-0.00014764848,0.9998538,0.8,0.0,1.0,0.00020916206995025277,-0.00017418047,0.7997745,0.9998233,4.898587e-17,0.8,1.0,0.0003352830826770514,-0.79972863,-0.0001954668,1.0000031,-0.8,9.797174e-17,1.0,0.0003344606957398355,-3.6129422e-05,-0.79993993,0.99965906,-1.4695762e-16,-0.8,1.0,0.00034807214979082346
2578,-0.0024171913973987103,0,0.0003391200734768063,inf,1.4484902e-05,-7.208296e-05,1.000288,0.0,0.0,1.0,0.0002972462389152497,0.80003995,-0.00017567533,0.9998262,0.8,0.0,1.0,0.00025033089332282543,-0.00021823311,0.7997402,0.99982387,4.898587e-17,0.8,1.0,0.00038229930214583874,-0.79967487,-0.00022891049,0.99997675,-0.8,9.797174e-17,1.0,0.00039831968024373055,-4.3910797e-05,-0.7999273,0.99964255,-1.4695762e-16,-0.8,1.0,0.0003674041945487261
2579,-0.0024230252020061016,0,0.00038085837149992585,inf,1.7454262e-05,-7.248404e-05,1.0003,0.0,0.0,1.0,0.0003091738326475024,0.80006063,-0.00020769089,0.99981165,0.8,0.0,1.0,0.00028685538563877344,-0.0002696995,0.7997044,0.9998301,4.898587e-17,0.8,1.0,0.0004347380599938333,-0.7996143,-0.00026551707,0.9999591,-0.8,9.797174e-17,1.0,0.0004700393183156848,-5.28358e-05,-0.79991317,0.99960953,-1.4695762e-16,-0.8,1.0,0.00040348523180000484
2580,-0.002428027568385005,0,0.00042771283187903464,inf,2.1025096e-05,-7.060064e-05,1.0003192,0.0,0.0,1.0,0.0003276313073001802,0.800086,-0.00024342332,0.99978447,0.8,0.0,1.0,0.00033631219412200153,-0.00032864406,0.7996674,0.99983245,4.898587e-17,0.8,1.0,0.0004966871929354966,-0.7995475,-0.00030496955,0.99993217,-0.8,9.797174e-17,1.0,0.0005498912069015205,-6.329289e-05,-0.799897,0.9995894,-1.4695762e-16,-0.8,1.0,0.0004280422581359744
2581,-0.002433495596051216,0,0.0004788282385561615,inf,2.5072812e-05,-6.620194e-05,1.000334,0.0,0.0,1.0,0.00034144349046982825,0.80011725,-0.0002838136,0.99976724,0.8,0.0,1.0,0.00038531978498212993,-0.00039605176,0.79962975,0.99984,4.898587e-17,0.8,1.0,0.0005652837571687996,-0.79947394,-0.00034744476,0.99991035,-0.8,9.797174e-17,1.0,0.0006367922760546207,-7.514584e-05,-0.7998791,0.999557,-1.4695762e-16,-0.8,1.0,0.00046530168037861586
2582,-0.0024397429078817368,0,0.0005349955754354596,inf,2.9612342e-05,-5.8841113e-05,1.000353,0.0,0.0,1.0,0.00035907261190004647,0.8001543,-0.00032866315,0.9997409,0.8,0.0,1.0,0.0004460566851776093,-0.00047200735,0.7995918,0.9998448,4.898587e-17,0.8,1.0,0.000643066712655127,-0.79939383,-0.00039277767,0.999884,-0.8,9.797174e-17,1.0,0.0007315609254874289,-8.874944e-05,-0.799859,0.99953365,-1.4695762e-16,-0.8,1.0,0.0004952208255417645
2583,-0.0024480882566422224,0,0.0005960025009699166,inf,3.469199e-05,-4.8239737e-05,1.0003698,0.0,0.0,1.0,0.0003745306166820228,0.8001984,-0.0003788129,0.99972117,0.8,0.0,1.0,0.0005104841548018157,-0.00055742357,0.7995541,0.9998535,4.898587e-17,0.8,1.0,0.0007287075277417898,-0.79930687,-0.00044100994,0.99986005,-0.8,9.797174e-17,1.0,0.0008333802688866854,-0.00010402466,-0.79983675,0.9995035,-1.4695762e-16,-0.8,1.0,0.0005329098203219473
2584,-0.002456935588270426,0,0.000662552542053163,inf,4.031705e-05,-3.3987697e-05,1.0003892,0.0,0.0,1.0,0.00039277414907701313,0.80024964,-0.0004342097,0.9996962,0.8,0.0,1.0,0.0005857881624251604,-0.0006524582,0.7995172,0.99986035,4.898587e-17,0.8,1.0,0.0008235887507908046,-0.7992131,-0.0004920675,0.999834,-0.8,9.797174e-17,1.0,0.000942814105655998,-0.000121251534,-0.79981226,0.99947804,-1.4695762e-16,-0.8,1.0,0.000567797280382365
2585,-0.0024644446093589067,0,0.0007345714839175344,inf,4.6539273e-05,-1.5788639e-05,1.0004072,0.0,0.0,1.0,0.0004101736703887582,0.8003089,-0.00049554737,0.99967515,0.8,0.0,1.0,0.0006682014209218323,-0.00075791485,0.79948163,0.9998695,4.898587e-17,0.8,1.0,0.0009274578187614679,-0.7991125,-0.00054591766,0.9998085,-0.8,9.797174e-17,1.0,0.0010594251798465848,-0.00014057152,-0.7997853,0.99944925,-1.4695762e-16,-0.8,1.0,0.0006075992714613676
2586,-0.002473044442012906,0,0.0008129446650855243,inf,5.3361535e-05,6.7658893e-06,1.0004275,0.0,0.0,1.0,0.0004308552306611091,0.80037653,-0.00056291826,0.99965173,0.8,0.0,1.0,0.0007615367067046463,-0.0008740679,0.79944783,0.99987763,4.898587e-17,0.8,1.0,0.001041090115904808,-0.79900503,-0.0006025453,0.99978256,-0.8,9.797174e-17,1.0,0.0011833537137135863,-0.00016220497,-0.79975605,0.99942213,-1.4695762e-16,-0.8,1.0,0.0006478874129243195
2587,-0.0024812151677906513,0,0.000897597405128181,inf,6.0836534e-05,3.3977853e-05,1.0004468,0.0,0.0,1.0,0.0004521975351963192,0.80045336,-0.00063688477,0.99963033,0.8,0.0,1.0,0.0008647575159557164,-0.0010016202,0.79941636,0.99988693,4.898587e-17,0.8,1.0,0.0011647633509710431,-0.7988907,-0.0006618734,0.9997562,-0.8,9.797174e-17,1.0,0.0013145559933036566,-0.00018633968,-0.79972446,0.9993935,-1.4695762e-16,-0.8,1.0,0.0006917124846950173
2588,-0.0024889635387808084,0,0.0009893469978123903,inf,6.896368e-05,6.624297e-05,1.000468,0.0,0.0,1.0,0.00047768480726517737,0.8005398,-0.000717652,0.99960816,0.8,0.0,1.0,0.0009797579841688275,-0.001140953,0.79938793,0.9998959,4.898587e-17,0.8,1.0,0.0012989452807232738,-0.79876953,-0.0007237643,0.9997306,-0.8,9.797174e-17,1.0,0.0014527542516589165,-0.00021331945,-0.7996905,0.9993654,-1.4695762e-16,-0.8,1.0,0.0007375925779342651
2589,-0.0024967442732304335,0,0.0010883704526349902,inf,7.7802404e-05,0.00010373242,1.0004891,0.0,0.0,1.0,0.0005060116527602077,0.80063653,-0.0008056846,0.9995867,0.8,0.0,1.0,0.0011068417225033045,-0.0012925401,0.79936296,0.99990547,4.898587e-17,0.8,1.0,0.001444103429093957,-0.7986415,-0.0007881201,0.9997042,-0.8,9.797174e-17,1.0,0.0015981828328222036,-0.0002433566,-0.7996542,0.9993366,-1.4695762e-16,-0.8,1.0,0.0007867129752412438
2590,-0.0025041005574166775,0,0.0011952599743381143,inf,8.734626e-05,0.00014680329,1.0005116,0.0,0.0,1.0,0.0005394094041548669,0.8007439,-0.00090127345,0.99956536,0.8,0.0,1.0,0.0012468118220567703,-0.0014568508,0.79934216,0.9999155,4.898587e-17,0.8,1.0,0.0016007288359105587,-0.7985066,-0.0008548067,0.9996787,-0.8,9.797174e-17,1.0,0.0017504780553281307,-0.0002767748,-0.79961544,0.99930775,-1.4695762e-16,-0.8,1.0,0.0008388715796172619
2591,-0.002511476632207632,0,0.0013101756339892745,inf,9.765804e-05,0.00019565439,1.0005342,0.0,0.0,1.0,0.0005772024160251021,0.80086243,-0.0010048312,0.99954426,0.8,0.0,1.0,0.0014004105469211936,-0.0016342916,0.79932606,0.9999259,4.898587e-17,0.8,1.0,0.0017693518893793225,-0.79836506,-0.00092373294,0.99965286,-0.8,9.797174e-17,1.0,0.0019096769392490387,-0.00031380812,-0.79957443,0.99927884,-1.4695762e-16,-0.8,1.0,0.0008942361455410719
2592,-0.0025188797153532505,0,0.0014336915919557214,inf,0.00010872792,0.0002506212,1.0005578,0.0,0.0,1.0,0.0006210890132933855,0.80099267,-0.0011166716,0.9995232,0.8,0.0,1.0,0.0015683232340961695,-0.0018251865,0.7993153,0.99993664,4.898587e-17,0.8,1.0,0.0019504324300214648,-0.7982168,-0.0009947602,0.99962807,-0.8,9.797174e-17,1.0,0.002075489377602935,-0.00035476702,-0.799531,0.99924994,-1.4695762e-16,-0.8,1.0,0.0009531238465569913
2593,-0.0025262769777327776,0,0.0015660354401916265,inf,0.0001206194,0.0003119109,1.0005815,0.0,0.0,1.0,0.0006708077853545547,0.8011351,-0.0012372187,0.9995026,0.8,0.0,1.0,0.0017511694459244609,-0.0020299726,0.7993103,0.9999481,4.898587e-17,0.8,1.0,0.002144562778994441,-0.7980621,-0.0010677946,0.999603,-0.8,9.797174e-17,1.0,0.002247970551252365,-0.0003998875,-0.79948527,0.9992211,-1.4695762e-16,-0.8,1.0,0.0010156669886782765
2594,-0.0025337031111121178,0,0.0017078241799026728,inf,0.00013346653,0.00037987318,1.0006064,0.0,0.0,1.0,0.0007279143901541829,0.8012902,-0.0013667891,0.99948215,0.8,0.0,1.0,0.0019495891174301505,-0.0022489333,0.79931176,0.9999595,4.898587e-17,0.8,1.0,0.002352240262553096,-0.7979008,-0.0011428532,0.9995787,-0.8,9.797174e-17,1.0,0.0024269947316497564,-0.00044947132,-0.7994373,0.999192,-1.4695762e-16,-0.8,1.0,0.0010823822813108563
2595,-0.00254071201197803,0,0.0018591845873743296,inf,0.00014731594,0.00045470215,1.0006313,0.0,0.0,1.0,0.0007918564369902015,0.8014585,-0.0015058042,0.99946207,0.8,0.0,1.0,0.0021642413921654224,-0.002482511,0.79932004,0.9999714,4.898587e-17,0.8,1.0,0.0025741092395037413,-0.79773325,-0.0012198479,0.9995544,-0.8,9.797174e-17,1.0,0.00261243456043303,-0.0005037626,-0.7993871,0.999163,-1.4695762e-16,-0.8,1.0,0.001153280958533287
2596,-0.0025477830786257982,0,0.0020206805784255266,inf,0.00016230496,0.0005365872,1.0006572,0.0,0.0,1.0,0.000863818044308573,0.8016404,-0.0016545999,0.9994422,0.8,0.0,1.0,0.002395759802311659,-0.0027310164,0.79933566,0.9999834,4.898587e-17,0.8,1.0,0.0028107103426009417,-0.7975593,-0.0012987911,0.9995309,-0.8,9.797174e-17,1.0,0.0028042602352797985,-0.00056306174,-0.7993348,0.99913365,-1.4695762e-16,-0.8,1.0,0.001228853827342391
2597,-0.002555066952481866,0,0.0021924255415797234,inf,0.00017847963,0.0006257251,1.0006831,0.0,0.0,1.0,0.0009433824452571571,0.8018365,-0.0018135866,0.9994225,0.8,0.0,1.0,0.0026448566932231188,-0.0029947083,0.79935914,0.9999955,4.898587e-17,0.8,1.0,0.0030625169165432453,-0.79737926,-0.001379599,0.9995075,-0.8,9.797174e-17,1.0,0.003002370474860072,-0.000627614,-0.7992805,0.9991045,-1.4695762e-16,-0.8,1.0,0.0013090005377307534
2598,-0.0025619755033403635,0,0.002374937292188406,inf,0.00019597834,0.00072230987,1.0007099,0.0,0.0,1.0,0.0010315447580069304,0.80204713,-0.001983127,0.9994031,0.8,0.0,1.0,0.002912003779783845,-0.0032739453,0.7993909,1.0000081,4.898587e-17,0.8,1.0,0.003330133156850934,-0.79719305,-0.0014622764,0.9994845,-0.8,9.797174e-17,1.0,0.003206718945875764,-0.0006977164,-0.7992243,0.99907506,-1.4695762e-16,-0.8,1.0,0.0013942861696705222
2599,-0.002569417702034116,0,0.0025683282874524593,inf,0.00021484452,0.0008265288,1.0007365,0.0,0.0,1.0,0.0011276983423158526,0.8022729,-0.0021636384,0.9993839,0.8,0.0,1.0,0.00319796334952116,-0.0035689613,0.79943144,1.0000207,4.898587e-17,0.8,1.0,0.0036140261217951775,-0.7970008,-0.0015467451,0.9994615,-0.8,9.797174e-17,1.0,0.003417243482545018,-0.0007736149,-0.79916626,0.99904567,-1.4695762e-16,-0.8,1.0,0.0014847101410850883
2600,-0.00257555628195405,0,0.002773038577288389,inf,0.00023521658,0.0009385752,1.0007638,0.0,0.0,1.0,0.0012327209115028381,0.80251426,-0.0023554643,0.9993649,0.8,0.0,1.0,0.0035032795276492834,-0.003880064,0.79948115,1.0000334,4.898587e-17,0.8,1.0,0.003914744593203068,-0.79680264,-0.0016330127,0.999439,-0.8,9.797174e-17,1.0,0.0036338185891509056,-0.0008556191,-0.79910636,0.9990163,-1.4695762e-16,-0.8,1.0,0.0015806308947503567
2601,-0.0025831491220742464,0,0.0029892537277191877,inf,0.00025714462,0.0010584989,1.0007911,0.0,0.0,1.0,0.001346231554634869,0.80277157,-0.0025590456,0.99934614,0.8,0.0,1.0,0.003828547429293394,-0.004207538,0.7995404,1.000046,4.898587e-17,0.8,1.0,0.004232816398143768,-0.7965987,-0.0017209976,0.99941653,-0.8,9.797174e-17,1.0,0.0038563425187021494,-0.0009439575,-0.7990447,0.9989868,-1.4695762e-16,-0.8,1.0,0.0016823305049911141
2602,-0.002589442301541567,0,0.0032173071522265673,inf,0.00028076486,0.0011864798,1.0008188,0.0,0.0,1.0,0.001468698843382299,0.80304515,-0.0027747161,0.99932736,0.8,0.0,1.0,0.004174252040684223,-0.0045516994,0.7996096,1.0000587,4.898587e-17,0.8,1.0,0.004568788222968578,-0.7963889,-0.0018107074,0.9993944,-0.8,9.797174e-17,1.0,0.004084770102053881,-0.0010389431,-0.7989815,0.9989572,-1.4695762e-16,-0.8,1.0,0.0017900255043059587
2603,-0.0025967282708734274,0,0.0034574251621961594,inf,0.00030612678,0.0013225682,1.0008467,0.0,0.0,1.0,0.0015999609604477882,0.8033355,-0.0030029393,0.99930906,0.8,0.0,1.0,0.004540972877293825,-0.0049128286,0.79968923,1.0000713,4.898587e-17,0.8,1.0,0.0049231648445129395,-0.7961735,-0.0019020633,0.99937224,-0.8,9.797174e-17,1.0,0.004319029860198498,-0.0011408109,-0.79891664,0.9989276,-1.4695762e-16,-0.8,1.0,0.0019039971521124244
2604,-0.0026032922323793173,0,0.0037098689936101437,inf,0.00033336497,0.0014669363,1.0008749,0.0,0.0,1.0,0.001740242587402463,0.8036429,-0.0032440508,0.9992909,0.8,0.0,1.0,0.00492925476282835,-0.005291068,0.7997797,1.0000837,4.898587e-17,0.8,1.0,0.00529631320387125,-0.79595244,-0.0019950715,0.9993505,-0.8,9.797174e-17,1.0,0.004559059161692858,-0.0012498747,-0.7988503,0.99889797,-1.4695762e-16,-0.8,1.0,0.0020244752522557974
2605,-0.0026096231304109097,0,0.003974881488829851,inf,0.00036252858,0.0016196355,1.0009029,0.0,0.0,1.0,0.0018894069362431765,0.80396795,-0.003498518,0.9992732,0.8,0.0,1.0,0.00533970445394516,-0.0056867395,0.7998814,1.0000964,4.898587e-17,0.8,1.0,0.005688793957233429,-0.795726,-0.0020896876,0.99932814,-0.8,9.797174e-17,1.0,0.004804722964763641,-0.0013663677,-0.79878247,0.9988683,-1.4695762e-16,-0.8,1.0,0.0021517782006412745
2606,-0.0026165011804550886,0,0.004252729006111622,inf,0.00039375472,0.0017808492,1.0009313,0.0,0.0,1.0,0.00204785680398345,0.80431074,-0.003766694,0.99925596,0.8,0.0,1.0,0.005772690288722515,-0.0060999934,0.79999465,1.0001092,4.898587e-17,0.8,1.0,0.0061009731143713,-0.7954941,-0.00218596,0.999306,-0.8,9.797174e-17,1.0,0.005056031513959169,-0.0014904372,-0.79871327,0.9988385,-1.4695762e-16,-0.8,1.0,0.0022860958706587553
2607,-0.0026230057701468468,0,0.00454359408468008,inf,0.00042709048,0.0019506223,1.0009593,0.0,0.0,1.0,0.0022152981255203485,0.80467176,-0.0040490204,0.99923915,0.8,0.0,1.0,0.006228863261640072,-0.0065311273,0.8001198,1.0001223,4.898587e-17,0.8,1.0,0.006533370818942785,-0.7952569,-0.0022838458,0.99928343,-0.8,9.797174e-17,1.0,0.005312853492796421,-0.001622328,-0.7986428,0.9988087,-1.4695762e-16,-0.8,1.0,0.0024275858886539936
2608,-0.0026296002324670553,0,0.004847793374210596,inf,0.0004626734,0.0021291396,1.0009876,0.0,0.0,1.0,0.002392227528616786,0.8050514,-0.0043458594,0.9992227,0.8,0.0,1.0,0.006708731409162283,-0.006980273,0.80025715,1.0001352,4.898587e-17,0.8,1.0,0.0069863153621554375,-0.79501444,-0.002383393,0.99926114,-0.8,9.797174e-17,1.0,0.005575158633291721,-0.0017621892,-0.79857105,0.9987788,-1.4695762e-16,-0.8,1.0,0.002576533006504178
2609,-0.0026362857315689325,0,0.005165445618331432,inf,0.0005005503,0.0023164477,1.0010157,0.0,0.0,1.0,0.0025783816818147898,0.8054497,-0.004657655,0.99920666,0.8,0.0,1.0,0.0072126626037061214,-0.0074477335,0.8004071,1.0001485,4.898587e-17,0.8,1.0,0.007460330612957478,-0.7947669,-0.0024845595,0.99923843,-0.8,9.797174e-17,1.0,0.005842812359333038,-0.0019102651,-0.79849815,0.9987491,-1.4695762e-16,-0.8,1.0,0.0027330382727086544
2610,-0.0026430643629282713,0,0.005496825557202101,inf,0.0005408578,0.0025127267,1.0010438,0.0,0.0,1.0,0.002774136606603861,0.8058671,-0.0049847555,0.999191,0.8,0.0,1.0,0.007741106674075127,-0.007933636,0.80056995,1.0001615,4.898587e-17,0.8,1.0,0.007955721579492092,-0.7945143,-0.0025873913,0.9992158,-0.8,9.797174e-17,1.0,0.0061157699674367905,-0.002066699,-0.7984242,0.9987192,-1.4695762e-16,-0.8,1.0,0.0028973931912332773
2611,-0.002649940550327301,0,0.005842165555804968,inf,0.0005836432,0.0027180277,1.0010717,0.0,0.0,1.0,0.0029794019646942616,0.8063038,-0.005327624,0.9991757,0.8,0.0,1.0,0.008294620551168919,-0.008438293,0.800746,1.0001748,4.898587e-17,0.8,1.0,0.008473007939755917,-0.7942567,-0.0026918487,0.9991927,-0.8,9.797174e-17,1.0,0.006394024007022381,-0.0022317388,-0.79834914,0.9986895,-1.4695762e-16,-0.8,1.0,0.003069773782044649
2612,-0.0026555336080491543,0,0.0062016588635742664,inf,0.00062904175,0.002932526,1.0010996,0.0,0.0,1.0,0.0031944471411406994,0.80676013,-0.0056866067,0.99916077,0.8,0.0,1.0,0.008873614482581615,-0.00896183,0.8009357,1.0001876,4.898587e-17,0.8,1.0,0.009012497030198574,-0.79399425,-0.0027979775,0.99916977,-0.8,9.797174e-17,1.0,0.006677362602204084,-0.002405532,-0.7982732,0.9986597,-1.4695762e-16,-0.8,1.0,0.003250373527407646
2613,-0.0026626023463904858,0,0.006575469858944416,inf,0.0006771073,0.003156297,1.0011274,0.0,0.0,1.0,0.003419302636757493,0.80723625,-0.0060620024,0.99914616,0.8,0.0,1.0,0.009478402324020863,-0.0095043825,0.80113906,1.0002005,4.898587e-17,0.8,1.0,0.00957449246197939,-0.793727,-0.0029057413,0.99914676,-0.8,9.797174e-17,1.0,0.006965793203562498,-0.0025883277,-0.7981963,0.99863017,-1.4695762e-16,-0.8,1.0,0.003439360996708274
2614,-0.002668390516191721,0,0.006963829044252634,inf,0.00072796195,0.0033894705,1.0011548,0.0,0.0,1.0,0.0036540329456329346,0.8077325,-0.006454184,0.9991319,0.8,0.0,1.0,0.010109489783644676,-0.010066126,0.80135655,1.0002134,4.898587e-17,0.8,1.0,0.01015936117619276,-0.793455,-0.0030151797,0.9991234,-0.8,9.797174e-17,1.0,0.00725926086306572,-0.0027802675,-0.7981186,0.99860066,-1.4695762e-16,-0.8,1.0,0.003637001384049654
2615,-0.0026747395750135183,0,0.007366888225078583,inf,0.00078166684,0.0036321476,1.0011822,0.0,0.0,1.0,0.0038988578598946333,0.8082492,-0.0068634376,0.99911803,0.8,0.0,1.0,0.010767234489321709,-0.010647153,0.8015883,1.000226,4.898587e-17,0.8,1.0,0.010767338797450066,-0.79317844,-0.0031262627,0.99910027,-0.8,9.797174e-17,1.0,0.007557571865618229,-0.0029816062,-0.7980401,0.99857146,-1.4695762e-16,-0.8,1.0,0.0038434360176324844
2616,-0.002680947072803974,0,0.007784822024405003,inf,0.0008383473,0.003884471,1.0012094,0.0,0.0,1.0,0.004153858404606581,0.8087863,-0.0072901123,0.99910444,0.8,0.0,1.0,0.011451906524598598,-0.011247654,0.80183464,1.0002385,4.898587e-17,0.8,1.0,0.011398793198168278,-0.79289746,-0.0032390344,0.9990772,-0.8,9.797174e-17,1.0,0.007860604673624039,-0.0031924816,-0.7979609,0.99854225,-1.4695762e-16,-0.8,1.0,0.004058946389704943
2617,-0.002687939442694187,0,0.008217768743634224,inf,0.0008980603,0.004146527,1.0012363,0.0,0.0,1.0,0.0044191270135343075,0.8093441,-0.007734499,0.999091,0.8,0.0,1.0,0.0121639184653759,-0.011867717,0.80209583,1.0002508,4.898587e-17,0.8,1.0,0.012053964659571648,-0.7926122,-0.0033534626,0.9990543,-0.8,9.797174e-17,1.0,0.008168223313987255,-0.0034131494,-0.79788107,0.99851346,-1.4695762e-16,-0.8,1.0,0.004283610265702009
2618,-0.0026945960707962513,0,0.008665937930345535,inf,0.0009609323,0.0044184634,1.0012631,0.0,0.0,1.0,0.004694862756878138,0.80992275,-0.0081969565,0.9990778,0.8,0.0,1.0,0.012903541326522827,-0.012507573,0.8023721,1.0002632,4.898587e-17,0.8,1.0,0.01273324154317379,-0.7923229,-0.0034695899,0.9990314,-0.8,9.797174e-17,1.0,0.008480249904096127,-0.00364375,-0.79780054,0.9984848,-1.4695762e-16,-0.8,1.0,0.004517792258411646
2619,-0.0027018291875720024,0,0.009129460901021957,inf,0.0010270186,0.0047003627,1.0012897,0.0,0.0,1.0,0.004981121048331261,0.81052244,-0.008677772,0.9990648,0.8,0.0,1.0,0.013671129010617733,-0.013167286,0.8026636,1.0002754,4.898587e-17,0.8,1.0,0.0134368184953928,-0.79202956,-0.003587385,0.99900866,-0.8,9.797174e-17,1.0,0.008796601556241512,-0.003884531,-0.7977194,0.9984565,-1.4695762e-16,-0.8,1.0,0.004761632531881332
2620,-0.002708729589357972,0,0.009608554653823376,inf,0.0010964478,0.004992378,1.0013162,0.0,0.0,1.0,0.005278104916214943,0.81114334,-0.009177312,0.99905187,0.8,0.0,1.0,0.014467057771980762,-0.013847081,0.8029709,1.0002877,4.898587e-17,0.8,1.0,0.014165115542709827,-0.79173255,-0.0037068927,0.9989859,-0.8,9.797174e-17,1.0,0.00911703985184431,-0.0041356306,-0.7976376,0.9984283,-1.4695762e-16,-0.8,1.0,0.005015456583350897
2621,-0.0027162106707692146,0,0.010103333741426468,inf,0.0011692725,0.005294584,1.0013424,0.0,0.0,1.0,0.0055858660489320755,0.81178564,-0.009695873,0.9990392,0.8,0.0,1.0,0.015291635878384113,-0.014547021,0.8032939,1.0002998,4.898587e-17,0.8,1.0,0.01491828728467226,-0.7914319,-0.003828082,0.9989633,-0.8,9.797174e-17,1.0,0.009441474452614784,-0.004397301,-0.7975551,0.99840057,-1.4695762e-16,-0.8,1.0,0.005279401782900095
2622,-0.002722521312534809,0,0.01061400305479765,inf,0.0012456226,0.0056071416,1.0013685,0.0,0.0,1.0,0.005904613994061947,0.8124494,-0.010233815,0.9990266,0.8,0.0,1.0,0.016145143657922745,-0.01526733,0.8036331,1.000312,4.898587e-17,0.8,1.0,0.015696750953793526,-0.79112786,-0.0039509987,0.99894065,-0.8,9.797174e-17,1.0,0.009769733063876629,-0.0046696775,-0.79747194,0.9983729,-1.4695762e-16,-0.8,1.0,0.0055537777952849865
2623,-0.0027291502337902784,0,0.011140679940581322,inf,0.0013255493,0.0059301197,1.0013944,0.0,0.0,1.0,0.006234398577362299,0.81313497,-0.010791443,0.9990142,0.8,0.0,1.0,0.017028039321303368,-0.01600807,0.80398864,1.0003238,4.898587e-17,0.8,1.0,0.016500674188137054,-0.7908205,-0.0040756124,0.9989183,-0.8,9.797174e-17,1.0,0.010101708583533764,-0.0049528577,-0.7973882,0.99834573,-1.4695762e-16,-0.8,1.0,0.0058385771699249744
2624,-0.0027354462072253227,0,0.011683463118970394,inf,0.0014091834,0.0062636817,1.00142,0.0,0.0,1.0,0.006575406063348055,0.81384236,-0.01136896,0.9990019,0.8,0.0,1.0,0.017940456047654152,-0.016769348,0.8043606,1.0003356,4.898587e-17,0.8,1.0,0.01733027957379818,-0.79051006,-0.0042019715,0.9988961,-0.8,9.797174e-17,1.0,0.010437161661684513,-0.005247001,-0.79730386,0.998319,-1.4695762e-16,-0.8,1.0,0.006134015042334795
2625,-0.002742793643847108,0,0.012242523953318596,inf,0.001496577,0.0066079013,1.0014455,0.0,0.0,1.0,0.006927746348083019,0.8145717,-0.011966652,0.9989898,0.8,0.0,1.0,0.01888265646994114,-0.017551357,0.80474937,1.0003474,4.898587e-17,0.8,1.0,0.01818590611219406,-0.7901966,-0.0043300427,0.9988741,-0.8,9.797174e-17,1.0,0.010776074603199959,-0.005552164,-0.797219,0.9982924,-1.4695762e-16,-0.8,1.0,0.006440233904868364
2626,-0.002749878913164139,0,0.012817944400012493,inf,0.0015878599,0.006962768,1.0014707,0.0,0.0,1.0,0.00729138869792223,0.81532305,-0.012584864,0.9989778,0.8,0.0,1.0,0.019854959100484848,-0.018354148,0.8051549,1.0003588,4.898587e-17,0.8,1.0,0.019067684188485146,-0.7898803,-0.004459867,0.99885195,-0.8,9.797174e-17,1.0,0.01111834030598402,-0.005868505,-0.7971337,0.99826604,-1.4695762e-16,-0.8,1.0,0.006757351104170084
2627,-0.0027572261169552803,0,0.013409847393631935,inf,0.001683091,0.007328375,1.0014958,0.0,0.0,1.0,0.007666511926800013,0.8160966,-0.013223904,0.99896574,0.8,0.0,1.0,0.02085765078663826,-0.019177755,0.8055775,1.00037,4.898587e-17,0.8,1.0,0.019975779578089714,-0.78956115,-0.0045914184,0.9988302,-0.8,9.797174e-17,1.0,0.011463827453553677,-0.0061961175,-0.797048,0.99824005,-1.4695762e-16,-0.8,1.0,0.007085465360432863
2628,-0.002764251083135605,0,0.014018381014466286,inf,0.001782403,0.0077047194,1.0015208,0.0,0.0,1.0,0.008053096011281013,0.81689256,-0.013883979,0.99895376,0.8,0.0,1.0,0.021891044452786446,-0.020022294,0.80601734,1.000381,4.898587e-17,0.8,1.0,0.020910419523715973,-0.7892392,-0.0047247396,0.99880856,-0.8,9.797174e-17,1.0,0.011812585406005383,-0.0065351585,-0.7969618,0.99821454,-1.4695762e-16,-0.8,1.0,0.007424754556268454
2629,-0.002771619940176606,0,0.014643589965999126,inf,0.00188585,0.008091883,1.0015457,0.0,0.0,1.0,0.008451277390122414,0.8177109,-0.014565364,0.9989417,0.8,0.0,1.0,0.022955272346735,-0.020887798,0.8064745,1.0003917,4.898587e-17,0.8,1.0,0.02187173068523407,-0.78891474,-0.0048597986,0.99878716,-0.8,9.797174e-17,1.0,0.01216436829417944,-0.0068856864,-0.79687536,0.99818915,-1.4695762e-16,-0.8,1.0,0.007775301579385996
2630,-0.0027791273314505816,0,0.015285630710422993,inf,0.001993473,0.008489843,1.0015703,0.0,0.0,1.0,0.008861002512276173,0.8185518,-0.01526829,0.99892986,0.8,0.0,1.0,0.024050652980804443,-0.021774381,0.80694926,1.0004023,4.898587e-17,0.8,1.0,0.022859957069158554,-0.7885876,-0.004996639,0.9987658,-0.8,9.797174e-17,1.0,0.012519266456365585,-0.0072478787,-0.7967886,0.9981642,-1.4695762e-16,-0.8,1.0,0.008137280121445656
2631,-0.00278677511960268,0,0.01594456657767296,inf,0.0021054042,0.008898704,1.0015949,0.0,0.0,1.0,0.009282423183321953,0.8194152,-0.015993018,0.9989179,0.8,0.0,1.0,0.025177322328090668,-0.022682063,0.8074418,1.0004126,4.898587e-17,0.8,1.0,0.023875216022133827,-0.7882581,-0.0051352326,0.99874467,-0.8,9.797174e-17,1.0,0.012877093628048897,-0.007621794,-0.79670155,0.99813944,-1.4695762e-16,-0.8,1.0,0.008510774001479149
2632,-0.0027944378089159727,0,0.016620513051748276,inf,0.0022216816,0.009318437,1.0016192,0.0,0.0,1.0,0.009715504013001919,0.82030135,-0.016739782,0.998906,0.8,0.0,1.0,0.02633555792272091,-0.023610972,0.80795217,1.0004228,4.898587e-17,0.8,1.0,0.024917734786868095,-0.78792614,-0.005275622,0.9987237,-0.8,9.797174e-17,1.0,0.013237809762358665,-0.008007608,-0.7966142,0.9981151,-1.4695762e-16,-0.8,1.0,0.008895957842469215
2633,-0.0028022436890751123,0,0.01731356605887413,inf,0.0023423964,0.009749148,1.0016437,0.0,0.0,1.0,0.010160429403185844,0.8212102,-0.017508846,0.99889416,0.8,0.0,1.0,0.027525531128048897,-0.02456112,0.8084807,1.0004327,4.898587e-17,0.8,1.0,0.025987643748521805,-0.7875919,-0.0054177786,0.9987029,-0.8,9.797174e-17,1.0,0.013601348735392094,-0.008405381,-0.79652685,0.998091,-1.4695762e-16,-0.8,1.0,0.00929288100451231
2634,-0.002810194157063961,0,0.018023822456598282,inf,0.002467542,0.0101908045,1.0016677,0.0,0.0,1.0,0.0106170903891325,0.8221419,-0.018300442,0.9988824,0.8,0.0,1.0,0.02874748222529888,-0.025532642,0.80902743,1.0004426,4.898587e-17,0.8,1.0,0.027085164561867714,-0.7872554,-0.005561746,0.9986822,-0.8,9.797174e-17,1.0,0.013967626728117466,-0.008815289,-0.79643923,0.99806726,-1.4695762e-16,-0.8,1.0,0.009701750241219997
2635,-0.002817833563312888,0,0.018751392140984535,inf,0.002597211,0.010643516,1.0016919,0.0,0.0,1.0,0.011085692793130875,0.8230965,-0.019114831,0.9988706,0.8,0.0,1.0,0.030001677572727203,-0.026525544,0.80959266,1.0004522,4.898587e-17,0.8,1.0,0.02821042202413082,-0.7869168,-0.0057074963,0.99866176,-0.8,9.797174e-17,1.0,0.01433656271547079,-0.00923739,-0.7963516,0.9980438,-1.4695762e-16,-0.8,1.0,0.010122599080204964
2636,-0.002825720002874732,0,0.019496332854032516,inf,0.002731396,0.011107248,1.0017159,0.0,0.0,1.0,0.01156614813953638,0.82407415,-0.019952249,0.99885887,0.8,0.0,1.0,0.03128831461071968,-0.027539963,0.81017655,1.0004616,4.898587e-17,0.8,1.0,0.029363660141825676,-0.78657615,-0.005855073,0.99864143,-0.8,9.797174e-17,1.0,0.014708079397678375,-0.009671703,-0.7962639,0.99802077,-1.4695762e-16,-0.8,1.0,0.010555468499660492
2637,-0.0028337552212178707,0,0.02025872841477394,inf,0.002870186,0.011582102,1.00174,0.0,0.0,1.0,0.012058630585670471,0.82507473,-0.020812958,0.9988471,0.8,0.0,1.0,0.032607514411211014,-0.028575903,0.8107791,1.0004709,4.898587e-17,0.8,1.0,0.030544927343726158,-0.78623354,-0.006004448,0.9986212,-0.8,9.797174e-17,1.0,0.015082110650837421,-0.01011829,-0.79617614,0.99799794,-1.4695762e-16,-0.8,1.0,0.011000457219779491
2638,-0.0028419343288987875,0,0.021038666367530823,inf,0.0030135808,0.012068061,1.0017638,0.0,0.0,1.0,0.012563074938952923,0.82609856,-0.021697193,0.9988354,0.8,0.0,1.0,0.03395966440439224,-0.029633498,0.81140053,1.0004799,4.898587e-17,0.8,1.0,0.031754471361637115,-0.785889,-0.0061556674,0.9986014,-0.8,9.797174e-17,1.0,0.015458596870303154,-0.01057717,-0.79608846,0.99797565,-1.4695762e-16,-0.8,1.0,0.011457521468400955
2639,-0.0028498771134763956,0,0.021836217492818832,inf,0.0031616641,0.012565214,1.0017879,0.0,0.0,1.0,0.013079652562737465,0.8271455,-0.022605216,0.9988236,0.8,0.0,1.0,0.03534484654664993,-0.030712754,0.81204087,1.0004889,4.898587e-17,0.8,1.0,0.03299234062433243,-0.7855427,-0.006308701,0.9985816,-0.8,9.797174e-17,1.0,0.015837445855140686,-0.011048404,-0.79600084,0.99795353,-1.4695762e-16,-0.8,1.0,0.0119268037378788
2640,-0.002858430612832308,0,0.02265143021941185,inf,0.0033144413,0.013073558,1.001812,0.0,0.0,1.0,0.013608332723379135,0.8282156,-0.023537232,0.99881184,0.8,0.0,1.0,0.03676319494843483,-0.031813793,0.8127004,1.0004976,4.898587e-17,0.8,1.0,0.03425878658890724,-0.7851947,-0.006463598,0.9985623,-0.8,9.797174e-17,1.0,0.016218585893511772,-0.011532009,-0.79591334,0.99793196,-1.4695762e-16,-0.8,1.0,0.012408260256052017
2641,-0.002866686088964343,0,0.023484405130147934,inf,0.003471984,0.013593152,1.0018358,0.0,0.0,1.0,0.01414915919303894,0.8293089,-0.024493534,0.9988001,0.8,0.0,1.0,0.03821498900651932,-0.032936662,0.81337917,1.0005063,4.898587e-17,0.8,1.0,0.03555392846465111,-0.78484505,-0.006620325,0.9985429,-0.8,9.797174e-17,1.0,0.016601944342255592,-0.012028045,-0.795826,0.99791056,-1.4695762e-16,-0.8,1.0,0.012902009300887585
2642,-0.0028755534440279007,0,0.024335168302059174,inf,0.0036343057,0.0141240135,1.0018599,0.0,0.0,1.0,0.01470221672207117,0.8304254,-0.025474308,0.9987883,0.8,0.0,1.0,0.03970027342438698,-0.034081437,0.8140773,1.0005147,4.898587e-17,0.8,1.0,0.03687790408730507,-0.78449386,-0.0067789345,0.998524,-0.8,9.797174e-17,1.0,0.01698743924498558,-0.012536531,-0.79573894,0.9978897,-1.4695762e-16,-0.8,1.0,0.013408011756837368
2643,-0.002884125569835305,0,0.02520383521914482,inf,0.003801477,0.014666199,1.0018839,0.0,0.0,1.0,0.015267533250153065,0.8315651,-0.026479851,0.9987766,0.8,0.0,1.0,0.041219327598810196,-0.03524819,0.81479496,1.0005232,4.898587e-17,0.8,1.0,0.03823086619377136,-0.7841412,-0.006939392,0.9985051,-0.8,9.797174e-17,1.0,0.017375048249959946,-0.013057529,-0.7956521,0.997869,-1.4695762e-16,-0.8,1.0,0.013926398009061813
2644,-0.002893312368541956,0,0.026090413331985474,inf,0.0039735087,0.01521972,1.0019078,0.0,0.0,1.0,0.01584514044225216,0.83272797,-0.027510354,0.998765,0.8,0.0,1.0,0.04277223348617554,-0.03643699,0.8155322,1.0005313,4.898587e-17,0.8,1.0,0.03961294889450073,-0.7837872,-0.007101749,0.9984866,-0.8,9.797174e-17,1.0,0.01776459440588951,-0.013591052,-0.79556555,0.99784875,-1.4695762e-16,-0.8,1.0,0.014457146637141705
2645,-0.0029022085946053267,0,0.02699502930045128,inf,0.0041504726,0.015784636,1.0019317,0.0,0.0,1.0,0.01643509976565838,0.8339141,-0.028566118,0.9987534,0.8,0.0,1.0,0.0443592444062233,-0.037647918,0.8162893,1.0005397,4.898587e-17,0.8,1.0,0.04102436080574989,-0.7834319,-0.007265973,0.998468,-0.8,9.797174e-17,1.0,0.018156105652451515,-0.014137164,-0.79547936,0.9978288,-1.4695762e-16,-0.8,1.0,0.015000330284237862
2646,-0.0029117227531969547,0,0.027917707338929176,inf,0.0043323794,0.01636096,1.0019555,0.0,0.0,1.0,0.017037445679306984,0.8351234,-0.029647317,0.9987419,0.8,0.0,1.0,0.04598043113946915,-0.03888103,0.81706625,1.0005476,4.898587e-17,0.8,1.0,0.042465172708034515,-0.78307533,-0.0074321157,0.9984498,-0.8,9.797174e-17,1.0,0.01854950748383999,-0.01469588,-0.7953935,0.9978092,-1.4695762e-16,-0.8,1.0,0.0155559740960598
2647,-0.002920948900282383,0,0.02885853685438633,inf,0.004519301,0.016948752,1.0019792,0.0,0.0,1.0,0.01765224151313305,0.836356,-0.03075426,0.99873054,0.8,0.0,1.0,0.04763604700565338,-0.040136408,0.8178633,1.0005558,4.898587e-17,0.8,1.0,0.04393559694290161,-0.7827177,-0.007600146,0.99843156,-0.8,9.797174e-17,1.0,0.018944665789604187,-0.015267266,-0.7953082,0.9977898,-1.4695762e-16,-0.8,1.0,0.01612413488328457
2648,-0.0029307969380170107,0,0.029817555099725723,inf,0.0047112475,0.017548019,1.002003,0.0,0.0,1.0,0.018279513344168663,0.83761173,-0.03188712,0.9987192,0.8,0.0,1.0,0.04932616651058197,-0.04141412,0.8186804,1.0005635,4.898587e-17,0.8,1.0,0.04543571174144745,-0.782359,-0.007770115,0.9984136,-0.8,9.797174e-17,1.0,0.019341573119163513,-0.015851334,-0.7952233,0.99777085,-1.4695762e-16,-0.8,1.0,0.016704818233847618
2649,-0.002940354635939002,0,0.030794858932495117,inf,0.0049082916,0.018158827,1.0020264,0.0,0.0,1.0,0.01891932263970375,0.83889073,-0.033046205,0.998708,0.8,0.0,1.0,0.05105104297399521,-0.04271423,0.8195179,1.0005715,4.898587e-17,0.8,1.0,0.04696573689579964,-0.7819994,-0.007941992,0.99839574,-0.8,9.797174e-17,1.0,0.01974007673561573,-0.016448153,-0.7951389,0.99775213,-1.4695762e-16,-0.8,1.0,0.017298124730587006
2650,-0.002950545633211732,0,0.031790487468242645,inf,0.0051104417,0.018781181,1.0020499,0.0,0.0,1.0,0.019571702927350998,0.8401929,-0.034231685,0.9986968,0.8,0.0,1.0,0.052810754626989365,-0.044036817,0.82037574,1.0005791,4.898587e-17,0.8,1.0,0.04852573201060295,-0.78163886,-0.008115828,0.99837816,-0.8,9.797174e-17,1.0,0.020140230655670166,-0.017057728,-0.7950551,0.9977337,-1.4695762e-16,-0.8,1.0,0.01790403388440609
2651,-0.002960419515147805,0,0.032804541289806366,inf,0.0053177723,0.01941515,1.0020733,0.0,0.0,1.0,0.020236730575561523,0.84151834,-0.035443876,0.99868584,0.8,0.0,1.0,0.05460556223988533,-0.04538195,0.8212542,1.0005869,4.898587e-17,0.8,1.0,0.0501159243285656,-0.7812776,-0.008291595,0.99836063,-0.8,9.797174e-17,1.0,0.020541833713650703,-0.017680138,-0.7949718,0.9977156,-1.4695762e-16,-0.8,1.0,0.01852264814078808
2652,-0.002970930887386203,0,0.033837027847766876,inf,0.00553029,0.020060733,1.0020965,0.0,0.0,1.0,0.020914411172270775,0.84286696,-0.036682934,0.9986748,0.8,0.0,1.0,0.05643552914261818,-0.046749692,0.82215333,1.0005944,4.898587e-17,0.8,1.0,0.051736414432525635,-0.7809156,-0.008469342,0.9983434,-0.8,9.797174e-17,1.0,0.020944884046912193,-0.018315382,-0.7948893,0.99769783,-1.4695762e-16,-0.8,1.0,0.019153926521539688
2653,-0.002981156576424837,0,0.034888070076704025,inf,0.0057480703,0.020718,1.0021197,0.0,0.0,1.0,0.021604834124445915,0.84423876,-0.037949182,0.998664,0.8,0.0,1.0,0.05830087512731552,-0.048140123,0.8230732,1.000602,4.898587e-17,0.8,1.0,0.05338732525706291,-0.780553,-0.008649042,0.99832624,-0.8,9.797174e-17,1.0,0.021349340677261353,-0.01896354,-0.7948074,0.9976803,-1.4695762e-16,-0.8,1.0,0.01979798637330532
2654,-0.0029918754007667303,0,0.0359576940536499,inf,0.0059711197,0.021386959,1.0021427,0.0,0.0,1.0,0.02230800874531269,0.84563375,-0.039242785,0.99865323,0.8,0.0,1.0,0.060201723128557205,-0.049553305,0.824014,1.0006094,4.898587e-17,0.8,1.0,0.05506880581378937,-0.7801898,-0.008830745,0.9983094,-0.8,9.797174e-17,1.0,0.021755099296569824,-0.01962461,-0.7947262,0.997663,-1.4695762e-16,-0.8,1.0,0.020454825833439827
2655,-0.0030020379927009344,0,0.03704597055912018,inf,0.006199514,0.022067675,1.0021654,0.0,0.0,1.0,0.023024016991257668,0.8470519,-0.040564034,0.9986426,0.8,0.0,1.0,0.06213827431201935,-0.050989304,0.82497585,1.0006168,4.898587e-17,0.8,1.0,0.05678100138902664,-0.7798262,-0.009014424,0.99829257,-0.8,9.797174e-17,1.0,0.0221620611846447,-0.020298675,-0.79464585,0.99764603,-1.4695762e-16,-0.8,1.0,0.021124498918652534
2656,-0.003012839239090681,0,0.03815292567014694,inf,0.0064332574,0.022760147,1.0021882,0.0,0.0,1.0,0.023752881214022636,0.8484931,-0.0419131,0.998632,0.8,0.0,1.0,0.06411051750183105,-0.052448194,0.8259587,1.0006241,4.898587e-17,0.8,1.0,0.058523990213871,-0.7794623,-0.009200128,0.99827605,-0.8,9.797174e-17,1.0,0.022570176050066948,-0.02098573,-0.7945662,0.9976293,-1.4695762e-16,-0.8,1.0,0.021807046607136726
2657,-0.003023371798917651,0,0.03927861154079437,inf,0.006672431,0.023464456,1.0022109,0.0,0.0,1.0,0.02449469082057476,0.8499573,-0.04329027,0.99862164,0.8,0.0,1.0,0.06611865758895874,-0.053930037,0.8269629,1.0006313,4.898587e-17,0.8,1.0,0.06029796227812767,-0.77909803,-0.009387833,0.99825966,-0.8,9.797174e-17,1.0,0.02297940105199814,-0.021685703,-0.79448754,0.9976128,-1.4695762e-16,-0.8,1.0,0.02250235341489315
2658,-0.0030345413833856583,0,0.040423061698675156,inf,0.006917032,0.02418059,1.0022333,0.0,0.0,1.0,0.025249429047107697,0.8514444,-0.044695698,0.9986113,0.8,0.0,1.0,0.06816276162862778,-0.055434927,0.82798827,1.0006385,4.898587e-17,0.8,1.0,0.06210298836231232,-0.77873355,-0.009577587,0.99824345,-0.8,9.797174e-17,1.0,0.023389697074890137,-0.022398591,-0.79440975,0.99759656,-1.4695762e-16,-0.8,1.0,0.0232104379683733
2659,-0.003045551246032119,0,0.04158630594611168,inf,0.007167144,0.024908632,1.0022556,0.0,0.0,1.0,0.026017215102910995,0.85295445,-0.046129692,0.9986011,0.8,0.0,1.0,0.0702429935336113,-0.056962885,0.82903504,1.0006455,4.898587e-17,0.8,1.0,0.06393919140100479,-0.778369,-0.009769367,0.9982274,-0.8,9.797174e-17,1.0,0.02380090020596981,-0.02312432,-0.7943329,0.9975805,-1.4695762e-16,-0.8,1.0,0.0239312332123518
2660,-0.0030578342266380787,0,0.04276838153600693,inf,0.007422767,0.025648572,1.0022776,0.0,0.0,1.0,0.026798026636242867,0.8544872,-0.047592394,0.99859095,0.8,0.0,1.0,0.07235933095216751,-0.058514044,0.8301034,1.0006526,4.898587e-17,0.8,1.0,0.0658067837357521,-0.7780044,-0.00996322,0.99821156,-0.8,9.797174e-17,1.0,0.0242130309343338,-0.023862889,-0.7942571,0.9975648,-1.4695762e-16,-0.8,1.0,0.024664726108312607
2661,-0.0030693996232002974,0,0.04396933689713478,inf,0.007683982,0.026400493,1.0022997,0.0,0.0,1.0,0.027591992169618607,0.85604274,-0.049084105,0.998581,0.8,0.0,1.0,0.07451208680868149,-0.0600884,0.83119327,1.0006595,4.898587e-17,0.8,1.0,0.06770575791597366,-0.77763987,-0.010159124,0.99819595,-0.8,9.797174e-17,1.0,0.024625973775982857,-0.024614222,-0.7941823,0.99754924,-1.4695762e-16,-0.8,1.0,0.025410864502191544
2662,-0.0030819333624094725,0,0.04518919438123703,inf,0.007950788,0.027164383,1.0023215,0.0,0.0,1.0,0.028399083763360977,0.85762095,-0.050604977,0.9985711,0.8,0.0,1.0,0.07670123130083084,-0.061686095,0.8323049,1.0006664,4.898587e-17,0.8,1.0,0.06963636726140976,-0.77727544,-0.010357127,0.99818045,-0.8,9.797174e-17,1.0,0.025039706379175186,-0.025378319,-0.7941087,0.9975339,-1.4695762e-16,-0.8,1.0,0.026169605553150177
2663,-0.0030937527772039175,0,0.04642799124121666,inf,0.008223268,0.027940327,1.0023433,0.0,0.0,1.0,0.029219429939985275,0.8592217,-0.052155305,0.9985614,0.8,0.0,1.0,0.07892688363790512,-0.06330713,0.8334383,1.0006732,4.898587e-17,0.8,1.0,0.07159862667322159,-0.77691126,-0.010557207,0.9981652,-0.8,9.797174e-17,1.0,0.02545410767197609,-0.026155103,-0.79403615,0.9975188,-1.4695762e-16,-0.8,1.0,0.026940926909446716
2664,-0.0031062201596796513,0,0.04768577218055725,inf,0.008501421,0.028728312,1.0023648,0.0,0.0,1.0,0.030052989721298218,0.86084497,-0.05373524,0.9985517,0.8,0.0,1.0,0.08118917793035507,-0.06495163,0.8345935,1.00068,4.898587e-17,0.8,1.0,0.07359268516302109,-0.7765473,-0.010759413,0.99815005,-0.8,9.797174e-17,1.0,0.0258692167699337,-0.026944574,-0.79396486,0.9975039,-1.4695762e-16,-0.8,1.0,0.02772478573024273
2665,-0.003118431894108653,0,0.048962533473968506,inf,0.008785329,0.029528428,1.0023862,0.0,0.0,1.0,0.030899904668331146,0.8624908,-0.055344917,0.9985422,0.8,0.0,1.0,0.08348820358514786,-0.06661958,0.83577055,1.0006865,4.898587e-17,0.8,1.0,0.07561858743429184,-0.7761838,-0.010963724,0.99813527,-0.8,9.797174e-17,1.0,0.026284845545887947,-0.02774666,-0.7938948,0.9974892,-1.4695762e-16,-0.8,1.0,0.02852112427353859
2666,-0.0031317591201514006,0,0.05025831609964371,inf,0.009074991,0.030340659,1.0024076,0.0,0.0,1.0,0.03176015242934227,0.8641589,-0.0569845,0.9985328,0.8,0.0,1.0,0.08582396060228348,-0.068311155,0.83696955,1.0006932,4.898587e-17,0.8,1.0,0.07767651975154877,-0.77582073,-0.011170188,0.9981206,-0.8,9.797174e-17,1.0,0.02670098841190338,-0.028561363,-0.7938261,0.99747473,-1.4695762e-16,-0.8,1.0,0.029329944401979446
2667,-0.0031443799380213022,0,0.05157313868403435,inf,0.009370487,0.031165088,1.0024287,0.0,0.0,1.0,0.03263383358716965,0.8658494,-0.058654256,0.99852353,0.8,0.0,1.0,0.08819659799337387,-0.07002633,0.83819056,1.0006998,4.898587e-17,0.8,1.0,0.07976650446653366,-0.7754582,-0.011378782,0.9981061,-0.8,9.797174e-17,1.0,0.02711758017539978,-0.029388601,-0.7937587,0.99746037,-1.4695762e-16,-0.8,1.0,0.030151180922985077
2668,-0.0031576587352901697,0,0.05290704965591431,inf,0.0096718175,0.032001704,1.0024496,0.0,0.0,1.0,0.03352094814181328,0.86756206,-0.06035435,0.99851435,0.8,0.0,1.0,0.0906062051653862,-0.07176525,0.83943355,1.0007063,4.898587e-17,0.8,1.0,0.08188866823911667,-0.7750963,-0.011589557,0.99809176,-0.8,9.797174e-17,1.0,0.027534600347280502,-0.030228378,-0.7936927,0.99744624,-1.4695762e-16,-0.8,1.0,0.03098481334745884
2669,-0.0031702276319265366,0,0.05426003411412239,inf,0.0099790655,0.032850593,1.0024706,0.0,0.0,1.0,0.03442160785198212,0.86929697,-0.062084906,0.9985053,0.8,0.0,1.0,0.09305287897586823,-0.07352788,0.84069866,1.0007128,4.898587e-17,0.8,1.0,0.08404306322336197,-0.77473515,-0.011802493,0.9980777,-0.8,9.797174e-17,1.0,0.02795187383890152,-0.031080622,-0.7936282,0.99743235,-1.4695762e-16,-0.8,1.0,0.031830765306949615
2670,-0.0031835816334933043,0,0.055632151663303375,inf,0.010292232,0.03371175,1.0024915,0.0,0.0,1.0,0.03533581271767616,0.871054,-0.0638461,0.9984964,0.8,0.0,1.0,0.09553665667772293,-0.07531422,0.84198594,1.0007191,4.898587e-17,0.8,1.0,0.08622972667217255,-0.7743747,-0.012017638,0.9980638,-0.8,9.797174e-17,1.0,0.028369488194584846,-0.031945325,-0.79356515,0.9974185,-1.4695762e-16,-0.8,1.0,0.03268906846642494
2671,-0.003197155427187681,0,0.057023338973522186,inf,0.010611391,0.034585245,1.0025121,0.0,0.0,1.0,0.036263637244701385,0.872833,-0.065638,0.99848765,0.8,0.0,1.0,0.09805753827095032,-0.07712426,0.8432954,1.0007254,4.898587e-17,0.8,1.0,0.0884486734867096,-0.77401525,-0.012234974,0.9980501,-0.8,9.797174e-17,1.0,0.02878723107278347,-0.03282243,-0.7935037,0.997405,-1.4695762e-16,-0.8,1.0,0.03355962038040161
2672,-0.003210933180525899,0,0.058433663100004196,inf,0.010936545,0.03547107,1.0025325,0.0,0.0,1.0,0.037205085158348083,0.87463385,-0.06746079,0.998479,0.8,0.0,1.0,0.10061550885438919,-0.07895817,0.84462714,1.000732,4.898587e-17,0.8,1.0,0.09070010483264923,-0.77365667,-0.012454547,0.9980366,-0.8,9.797174e-17,1.0,0.02920517884194851,-0.033711925,-0.7934438,0.9973916,-1.4695762e-16,-0.8,1.0,0.034442439675331116
2673,-0.0032244687899947166,0,0.059863120317459106,inf,0.011267777,0.03636932,1.002553,0.0,0.0,1.0,0.0381602942943573,0.87645656,-0.06931455,0.9984705,0.8,0.0,1.0,0.1032107025384903,-0.08081588,0.8459812,1.000738,4.898587e-17,0.8,1.0,0.09298397600650787,-0.77329916,-0.0126763405,0.99802333,-0.8,9.797174e-17,1.0,0.02962317503988743,-0.03461374,-0.79338557,0.9973784,-1.4695762e-16,-0.8,1.0,0.03533743694424629
2674,-0.0032384602818638086,0,0.061311691999435425,inf,0.011605086,0.037279975,1.0025733,0.0,0.0,1.0,0.03912922367453575,0.8783009,-0.07119947,0.9984622,0.8,0.0,1.0,0.10584308952093124,-0.082697414,0.8473576,1.0007443,4.898587e-17,0.8,1.0,0.0953003391623497,-0.7729428,-0.012900405,0.99801034,-0.8,9.797174e-17,1.0,0.03004118613898754,-0.03552787,-0.793329,0.9973653,-1.4695762e-16,-0.8,1.0,0.03624463453888893
2675,-0.003253047587350011,0,0.06277940422296524,inf,0.011948476,0.038203113,1.0025934,0.0,0.0,1.0,0.0401119627058506,0.8801668,-0.0731156,0.99845403,0.8,0.0,1.0,0.10851266980171204,-0.08460275,0.84875643,1.0007504,4.898587e-17,0.8,1.0,0.09764926135540009,-0.7725876,-0.013126718,0.99799746,-0.8,9.797174e-17,1.0,0.030459174886345863,-0.036454257,-0.79327416,0.9973525,-1.4695762e-16,-0.8,1.0,0.03716395050287247
2676,-0.0032673117239028215,0,0.06426627933979034,inf,0.012298018,0.03913873,1.0026133,0.0,0.0,1.0,0.04110852628946304,0.8820542,-0.07506314,0.998446,0.8,0.0,1.0,0.11121951788663864,-0.086532034,0.85017776,1.0007567,4.898587e-17,0.8,1.0,0.10003086179494858,-0.77223366,-0.0133553315,0.9979848,-0.8,9.797174e-17,1.0,0.03087710775434971,-0.03739289,-0.7932212,0.99733984,-1.4695762e-16,-0.8,1.0,0.038095369935035706
2677,-0.003282264806330204,0,0.06577228009700775,inf,0.01265371,0.040086903,1.0026332,0.0,0.0,1.0,0.04211900010704994,0.883963,-0.077042155,0.9984381,0.8,0.0,1.0,0.11396365612745285,-0.08848518,0.8516216,1.0007628,4.898587e-17,0.8,1.0,0.10244511067867279,-0.77188116,-0.013586228,0.99797237,-0.8,9.797174e-17,1.0,0.03129483014345169,-0.038343694,-0.79317,0.9973274,-1.4695762e-16,-0.8,1.0,0.03903884068131447
2678,-0.003296976676210761,0,0.06729751080274582,inf,0.013015622,0.041047625,1.0026529,0.0,0.0,1.0,0.043143387883901596,0.88589305,-0.079052836,0.9984304,0.8,0.0,1.0,0.11674513667821884,-0.09046237,0.85308814,1.0007691,4.898587e-17,0.8,1.0,0.10489223897457123,-0.77153003,-0.013819456,0.99796015,-0.8,9.797174e-17,1.0,0.03171243146061897,-0.03930667,-0.7931206,0.99731505,-1.4695762e-16,-0.8,1.0,0.039994366466999054
2679,-0.003311916720122099,0,0.06884187459945679,inf,0.013383749,0.042020977,1.0026724,0.0,0.0,1.0,0.04418177157640457,0.8878442,-0.08109523,0.9984228,0.8,0.0,1.0,0.11956389993429184,-0.09246353,0.85457724,1.0007751,4.898587e-17,0.8,1.0,0.10737215727567673,-0.7711805,-0.014054999,0.9979481,-0.8,9.797174e-17,1.0,0.032129690051078796,-0.040281747,-0.7930731,0.99730295,-1.4695762e-16,-0.8,1.0,0.04096187278628349
2680,-0.0033270837739109993,0,0.07040543854236603,inf,0.013758161,0.04300695,1.0026917,0.0,0.0,1.0,0.04523416981101036,0.88981634,-0.0831695,0.9984154,0.8,0.0,1.0,0.12241997569799423,-0.0944888,0.856089,1.0007812,4.898587e-17,0.8,1.0,0.10988502204418182,-0.77083254,-0.014292906,0.9979363,-0.8,9.797174e-17,1.0,0.032546695321798325,-0.041268915,-0.7930275,0.997291,-1.4695762e-16,-0.8,1.0,0.04194135591387749
2681,-0.0033429511822760105,0,0.07198820263147354,inf,0.014138853,0.044005617,1.0027109,0.0,0.0,1.0,0.04630065709352493,0.89180917,-0.08527584,0.9984082,0.8,0.0,1.0,0.12531329691410065,-0.09653815,0.8576236,1.0007871,4.898587e-17,0.8,1.0,0.11243090778589249,-0.7704862,-0.014533145,0.9979247,-0.8,9.797174e-17,1.0,0.03296339884400368,-0.042268105,-0.79298383,0.9972793,-1.4695762e-16,-0.8,1.0,0.04293275624513626
2682,-0.003358582267537713,0,0.0735902339220047,inf,0.014525898,0.045016978,1.00273,0.0,0.0,1.0,0.04738124832510948,0.89382267,-0.08741443,0.9984011,0.8,0.0,1.0,0.12824402749538422,-0.09861172,0.8591809,1.0007933,4.898587e-17,0.8,1.0,0.11500991880893707,-0.77014136,-0.014775767,0.9979132,-0.8,9.797174e-17,1.0,0.03337989002466202,-0.043279313,-0.79294205,0.9972677,-1.4695762e-16,-0.8,1.0,0.04393608123064041
2683,-0.003374402178451419,0,0.07521147280931473,inf,0.014919289,0.046041112,1.002749,0.0,0.0,1.0,0.04847603291273117,0.8958566,-0.08958535,0.99839413,0.8,0.0,1.0,0.131212055683136,-0.10070943,0.86076117,1.0007992,4.898587e-17,0.8,1.0,0.11762204766273499,-0.7697983,-0.015020754,0.9979019,-0.8,9.797174e-17,1.0,0.033796001225709915,-0.044302467,-0.79290223,0.99725646,-1.4695762e-16,-0.8,1.0,0.044951241463422775
2684,-0.003390456782653928,0,0.07685196399688721,inf,0.015319096,0.047078006,1.0027677,0.0,0.0,1.0,0.04958501085639,0.8979109,-0.09178872,0.9983874,0.8,0.0,1.0,0.13421739637851715,-0.10283142,0.8623643,1.0008051,4.898587e-17,0.8,1.0,0.12026742845773697,-0.769457,-0.015268157,0.9978908,-0.8,9.797174e-17,1.0,0.03421172499656677,-0.04533756,-0.7928644,0.99724525,-1.4695762e-16,-0.8,1.0,0.04597825929522514
2685,-0.0034072163980454206,0,0.07851171493530273,inf,0.015725313,0.048127733,1.0027863,0.0,0.0,1.0,0.05070825666189194,0.89998525,-0.09402476,0.99838084,0.8,0.0,1.0,0.1372600793838501,-0.104977645,0.86399037,1.000811,4.898587e-17,0.8,1.0,0.12294603884220123,-0.7691174,-0.015517944,0.99787986,-0.8,9.797174e-17,1.0,0.03462710604071617,-0.046384525,-0.79282856,0.9972343,-1.4695762e-16,-0.8,1.0,0.04701705276966095
2686,-0.0034237054642289877,0,0.0801907628774643,inf,0.016138013,0.049190305,1.0028046,0.0,0.0,1.0,0.05184580758213997,0.90207964,-0.09629364,0.9983744,0.8,0.0,1.0,0.1403401643037796,-0.10714821,0.8656395,1.0008171,4.898587e-17,0.8,1.0,0.1256580650806427,-0.76877964,-0.015770163,0.99786913,-0.8,9.797174e-17,1.0,0.03504212573170662,-0.04744336,-0.79279476,0.99722356,-1.4695762e-16,-0.8,1.0,0.04806762561202049
2687,-0.0034403332974761724,0,0.0818890780210495,inf,0.016557192,0.05026579,1.0028229,0.0,0.0,1.0,0.05299772322177887,0.9041939,-0.09859543,0.9983682,0.8,0.0,1.0,0.14345760643482208,-0.10934302,0.86731166,1.0008228,4.898587e-17,0.8,1.0,0.12840339541435242,-0.7684437,-0.016024802,0.9978587,-0.8,9.797174e-17,1.0,0.035456735640764236,-0.048513986,-0.792763,0.99721307,-1.4695762e-16,-0.8,1.0,0.0491299107670784
2688,-0.0034576673060655594,0,0.08360669016838074,inf,0.016982878,0.05135417,1.0028409,0.0,0.0,1.0,0.05416400358080864,0.9063277,-0.10093026,0.9983622,0.8,0.0,1.0,0.14661234617233276,-0.11156222,0.869007,1.0008286,4.898587e-17,0.8,1.0,0.1311822384595871,-0.7681097,-0.016281907,0.9978483,-0.8,9.797174e-17,1.0,0.035870932042598724,-0.049596403,-0.7927333,0.99720275,-1.4695762e-16,-0.8,1.0,0.05020390823483467
2689,-0.0034752541687339544,0,0.08534359186887741,inf,0.01741503,0.052455522,1.0028585,0.0,0.0,1.0,0.055344704538583755,0.90848106,-0.103298336,0.9983564,0.8,0.0,1.0,0.14980448782444,-0.11380578,0.8707255,1.0008345,4.898587e-17,0.8,1.0,0.13399457931518555,-0.7677776,-0.016541459,0.9978381,-0.8,9.797174e-17,1.0,0.03628465533256531,-0.050690543,-0.7927058,0.99719274,-1.4695762e-16,-0.8,1.0,0.051289547234773636
2690,-0.0034926263615489006,0,0.08709981292486191,inf,0.017853688,0.053569853,1.0028762,0.0,0.0,1.0,0.056539859622716904,0.9106537,-0.105699815,0.99835074,0.8,0.0,1.0,0.1530340164899826,-0.11607377,0.8724672,1.0008404,4.898587e-17,0.8,1.0,0.13684050738811493,-0.76744765,-0.01680351,0.99782807,-0.8,9.797174e-17,1.0,0.036697838455438614,-0.051796395,-0.79268026,0.9971829,-1.4695762e-16,-0.8,1.0,0.05238684266805649
2691,-0.003510252572596073,0,0.08887531608343124,inf,0.01829881,0.05469723,1.0028936,0.0,0.0,1.0,0.057749513536691666,0.91284555,-0.10813477,0.9983453,0.8,0.0,1.0,0.15630093216896057,-0.11836613,0.87423223,1.0008461,4.898587e-17,0.8,1.0,0.13971999287605286,-0.7671198,-0.017068045,0.9978183,-0.8,9.797174e-17,1.0,0.03711044043302536,-0.052913893,-0.79265696,0.9971733,-1.4695762e-16,-0.8,1.0,0.05349570885300636
2692,-0.003528593573719263,0,0.0906701534986496,inf,0.018750422,0.055837635,1.0029107,0.0,0.0,1.0,0.058973658829927444,0.9150564,-0.110603325,0.99834013,0.8,0.0,1.0,0.1596052199602127,-0.12068299,0.8760206,1.000852,4.898587e-17,0.8,1.0,0.14263324439525604,-0.76679415,-0.017335111,0.9978086,-0.8,9.797174e-17,1.0,0.03752250224351883,-0.054043032,-0.7926358,0.9971639,-1.4695762e-16,-0.8,1.0,0.054616156965494156
2693,-0.0035471979063004255,0,0.09248428046703339,inf,0.019208482,0.05699114,1.0029275,0.0,0.0,1.0,0.06021234393119812,0.91728604,-0.11310569,0.9983352,0.8,0.0,1.0,0.16294686496257782,-0.123024315,0.87783235,1.0008577,4.898587e-17,0.8,1.0,0.14558018743991852,-0.76647073,-0.017604694,0.9977991,-0.8,9.797174e-17,1.0,0.037933915853500366,-0.055183742,-0.79261684,0.99715483,-1.4695762e-16,-0.8,1.0,0.0557481087744236
2694,-0.0035655975807458162,0,0.09431775659322739,inf,0.019673035,0.05815776,1.0029442,0.0,0.0,1.0,0.06146561726927757,0.9195343,-0.11564201,0.99833035,0.8,0.0,1.0,0.16632592678070068,-0.12539019,0.8796676,1.0008637,4.898587e-17,0.8,1.0,0.14856098592281342,-0.76614964,-0.017876841,0.9977897,-0.8,9.797174e-17,1.0,0.03834468126296997,-0.05633602,-0.7926001,0.997146,-1.4695762e-16,-0.8,1.0,0.05689157545566559
2695,-0.0035842598881572485,0,0.09617053717374802,inf,0.020144032,0.059337556,1.0029607,0.0,0.0,1.0,0.06273350864648819,0.92180115,-0.11821235,0.99832577,0.8,0.0,1.0,0.1697423905134201,-0.12778053,0.8815263,1.0008693,4.898587e-17,0.8,1.0,0.15157556533813477,-0.76583093,-0.01815154,0.99778056,-0.8,9.797174e-17,1.0,0.038754742592573166,-0.057499792,-0.7925856,0.9971374,-1.4695762e-16,-0.8,1.0,0.058046478778123856
2696,-0.003603508695960045,0,0.09804265201091766,inf,0.020621506,0.060530514,1.0029769,0.0,0.0,1.0,0.06401602923870087,0.9240863,-0.12081684,0.9983215,0.8,0.0,1.0,0.1731962114572525,-0.13019547,0.88340855,1.0008751,4.898587e-17,0.8,1.0,0.1546240895986557,-0.7655147,-0.01842884,0.9977715,-0.8,9.797174e-17,1.0,0.03916410356760025,-0.05867505,-0.79257333,0.9971291,-1.4695762e-16,-0.8,1.0,0.059212829917669296
2697,-0.0036225675139576197,0,0.09993407875299454,inf,0.021105412,0.06173671,1.0029927,0.0,0.0,1.0,0.06531322002410889,0.9263895,-0.1234556,0.9983174,0.8,0.0,1.0,0.1766873598098755,-0.13263498,0.8853144,1.000881,4.898587e-17,0.8,1.0,0.15770655870437622,-0.765201,-0.018708756,0.9977626,-0.8,9.797174e-17,1.0,0.03957267478108406,-0.05986173,-0.7925634,0.997121,-1.4695762e-16,-0.8,1.0,0.06039055436849594
2698,-0.0036423541605472565,0,0.10184482485055923,inf,0.021595797,0.06295615,1.0030085,0.0,0.0,1.0,0.06662511825561523,0.92871064,-0.12612864,0.9983135,0.8,0.0,1.0,0.1802157163619995,-0.13509913,0.8872439,1.0008867,4.898587e-17,0.8,1.0,0.16082307696342468,-0.7648898,-0.018991368,0.9977538,-0.8,9.797174e-17,1.0,0.03998057171702385,-0.06105983,-0.79255575,0.9971131,-1.4695762e-16,-0.8,1.0,0.06157965585589409
2699,-0.003661954076960683,0,0.10377489030361176,inf,0.022092603,0.06418889,1.003024,0.0,0.0,1.0,0.0679517611861229,0.9310495,-0.12883613,0.99830985,0.8,0.0,1.0,0.18378134071826935,-0.13758789,0.8891972,1.0008924,4.898587e-17,0.8,1.0,0.1639736443758011,-0.76458126,-0.019276697,0.9977454,-0.8,9.797174e-17,1.0,0.04038764908909798,-0.062269267,-0.79255044,0.9971055,-1.4695762e-16,-0.8,1.0,0.06278005987405777
2700,-0.0036822876427322626,0,0.10572425276041031,inf,0.022595879,0.06543493,1.0030392,0.0,0.0,1.0,0.06929315626621246,0.9334059,-0.13157803,0.99830633,0.8,0.0,1.0,0.18738402426242828,-0.14010134,0.89117414,1.0008982,4.898587e-17,0.8,1.0,0.1671583503484726,-0.76427543,-0.019564817,0.9977369,-0.8,9.797174e-17,1.0,0.04079398885369301,-0.06349004,-0.79254746,0.9970981,-1.4695762e-16,-0.8,1.0,0.06399177014827728
2701,-0.0037023129407316446,0,0.10769293457269669,inf,0.023105567,0.06669435,1.0030543,0.0,0.0,1.0,0.07064936310052872,0.9357796,-0.1343545,0.99830306,0.8,0.0,1.0,0.1910238265991211,-0.14263944,0.89317495,1.0009038,4.898587e-17,0.8,1.0,0.1703772246837616,-0.7639724,-0.019855749,0.9977287,-0.8,9.797174e-17,1.0,0.041199494153261185,-0.06472208,-0.7925469,0.9970908,-1.4695762e-16,-0.8,1.0,0.06521472334861755
2702,-0.003723075846210122,0,0.1096809059381485,inf,0.023621717,0.06796714,1.003069,0.0,0.0,1.0,0.07202038913965225,0.9381704,-0.13716556,0.9982999,0.8,0.0,1.0,0.19470061361789703,-0.14520225,0.89519954,1.0009094,4.898587e-17,0.8,1.0,0.1736302673816681,-0.7636721,-0.020149572,0.99772054,-0.8,9.797174e-17,1.0,0.04160429537296295,-0.06596539,-0.7925487,0.9970838,-1.4695762e-16,-0.8,1.0,0.06644891947507858
2703,-0.003743661567568779,0,0.11168815940618515,inf,0.024144275,0.06925337,1.0030836,0.0,0.0,1.0,0.07340628653764725,0.9405781,-0.14001136,0.9982969,0.8,0.0,1.0,0.1984144151210785,-0.14778967,0.89724815,1.0009149,4.898587e-17,0.8,1.0,0.17691756784915924,-0.76337475,-0.020446308,0.99771273,-0.8,9.797174e-17,1.0,0.04200825095176697,-0.06721988,-0.792553,0.99707687,-1.4695762e-16,-0.8,1.0,0.0676942765712738
2704,-0.0037645320408046246,0,0.11371469497680664,inf,0.024673283,0.070553035,1.003098,0.0,0.0,1.0,0.0748070776462555,0.9430025,-0.14289185,0.99829406,0.8,0.0,1.0,0.20216505229473114,-0.15040176,0.89932066,1.0009205,4.898587e-17,0.8,1.0,0.18023908138275146,-0.7630803,-0.020746028,0.99770486,-0.8,9.797174e-17,1.0,0.0424114428460598,-0.068485565,-0.79255974,0.9970702,-1.4695762e-16,-0.8,1.0,0.06895080953836441
2705,-0.0037856895942240953,0,0.11576048284769058,inf,0.025208691,0.07186621,1.0031121,0.0,0.0,1.0,0.07622279971837997,0.9454435,-0.14580724,0.99829143,0.8,0.0,1.0,0.20595262944698334,-0.15303843,0.901417,1.0009259,4.898587e-17,0.8,1.0,0.1835947334766388,-0.7627889,-0.02104876,0.9976973,-0.8,9.797174e-17,1.0,0.04281378537416458,-0.06976236,-0.7925689,0.99706364,-1.4695762e-16,-0.8,1.0,0.07021844387054443
2706,-0.003807483008131385,0,0.11782549321651459,inf,0.025750544,0.07319289,1.003126,0.0,0.0,1.0,0.07765346765518188,0.9479008,-0.14875747,0.99828887,0.8,0.0,1.0,0.2097768932580948,-0.15569972,0.90353733,1.0009314,4.898587e-17,0.8,1.0,0.1869846135377884,-0.7625005,-0.02135458,0.9976897,-0.8,9.797174e-17,1.0,0.04321535676717758,-0.071050264,-0.7925806,0.9970572,-1.4695762e-16,-0.8,1.0,0.07149718701839447
2707,-0.0038291090168058872,0,0.11990976333618164,inf,0.026298787,0.07453314,1.0031399,0.0,0.0,1.0,0.079099141061306,0.9503741,-0.1517427,0.9982865,0.8,0.0,1.0,0.21363790333271027,-0.15838553,0.9056816,1.0009366,4.898587e-17,0.8,1.0,0.1904086470603943,-0.76221526,-0.021663504,0.9976825,-0.8,9.797174e-17,1.0,0.043616119772195816,-0.07234921,-0.79259485,0.99705094,-1.4695762e-16,-0.8,1.0,0.07278696447610855
2708,-0.0038510302547365427,0,0.12201324850320816,inf,0.026853465,0.075886965,1.0031534,0.0,0.0,1.0,0.08055981993675232,0.9528634,-0.15476292,0.9982842,0.8,0.0,1.0,0.21753555536270142,-0.16109595,0.90784985,1.000942,4.898587e-17,0.8,1.0,0.19386690855026245,-0.7619331,-0.021975603,0.99767524,-0.8,9.797174e-17,1.0,0.04401616007089615,-0.0736592,-0.7926116,0.9970449,-1.4695762e-16,-0.8,1.0,0.07408777624368668
2709,-0.003873248351737857,0,0.12413594871759415,inf,0.027414527,0.07725443,1.0031668,0.0,0.0,1.0,0.08203554898500443,0.9553684,-0.15781827,0.9982821,0.8,0.0,1.0,0.22146984934806824,-0.16383085,0.91004205,1.0009471,4.898587e-17,0.8,1.0,0.19735929369926453,-0.7616541,-0.022290895,0.9976683,-0.8,9.797174e-17,1.0,0.044415440410375595,-0.07498015,-0.792631,0.9970389,-1.4695762e-16,-0.8,1.0,0.07539955526590347
2710,-0.003896021982654929,0,0.1262778639793396,inf,0.027982013,0.07863554,1.0031801,0.0,0.0,1.0,0.0835263729095459,0.9578889,-0.16090876,0.99828005,0.8,0.0,1.0,0.22544065117835999,-0.16659029,0.9122582,1.0009524,4.898587e-17,0.8,1.0,0.2008858621120453,-0.76137817,-0.022609452,0.9976614,-0.8,9.797174e-17,1.0,0.0448140949010849,-0.07631206,-0.7926529,0.9970331,-1.4695762e-16,-0.8,1.0,0.07672230899333954
2711,-0.00391863938421011,0,0.12843894958496094,inf,0.028555876,0.08003035,1.0031931,0.0,0.0,1.0,0.08503229916095734,0.9604247,-0.1640345,0.99827814,0.8,0.0,1.0,0.22944797575473785,-0.16937417,0.91449827,1.0009574,4.898587e-17,0.8,1.0,0.20444650948047638,-0.7611055,-0.02293129,0.9976548,-0.8,9.797174e-17,1.0,0.0452120415866375,-0.07765486,-0.7926775,0.99702734,-1.4695762e-16,-0.8,1.0,0.0780559629201889
2712,-0.003942021168768406,0,0.13061925768852234,inf,0.029136155,0.08143887,1.0032061,0.0,0.0,1.0,0.08655335754156113,0.9629756,-0.16719548,0.9982763,0.8,0.0,1.0,0.2334916591644287,-0.17218256,0.9167623,1.0009625,4.898587e-17,0.8,1.0,0.20804132521152496,-0.76083595,-0.023256484,0.9976481,-0.8,9.797174e-17,1.0,0.045609425753355026,-0.07900855,-0.79270476,0.9970218,-1.4695762e-16,-0.8,1.0,0.07940050959587097
2713,-0.003965250216424465,0,0.13281869888305664,inf,0.0297228,0.08286116,1.0032189,0.0,0.0,1.0,0.08808960765600204,0.9655414,-0.17039184,0.9982746,0.8,0.0,1.0,0.23757170140743256,-0.17501535,0.91905016,1.0009674,4.898587e-17,0.8,1.0,0.2116701304912567,-0.7605697,-0.02358505,0.9976418,-0.8,9.797174e-17,1.0,0.04600615054368973,-0.080373056,-0.7927346,0.9970163,-1.4695762e-16,-0.8,1.0,0.08075590431690216
2714,-0.0039892494678497314,0,0.1350373476743698,inf,0.030315854,0.08429723,1.0032316,0.0,0.0,1.0,0.08964104950428009,0.96812195,-0.17362359,0.998273,0.8,0.0,1.0,0.241688072681427,-0.1778726,0.921362,1.0009723,4.898587e-17,0.8,1.0,0.21533307433128357,-0.7603066,-0.023917057,0.9976354,-0.8,9.797174e-17,1.0,0.04640241339802742,-0.081748374,-0.7927672,0.997011,-1.4695762e-16,-0.8,1.0,0.08212212473154068
2715,-0.004013096448034048,0,0.1372751146554947,inf,0.030915262,0.08574713,1.003244,0.0,0.0,1.0,0.09120772033929825,0.97071695,-0.1768908,0.99827147,0.8,0.0,1.0,0.2458406388759613,-0.1807542,0.92369765,1.000977,4.898587e-17,0.8,1.0,0.2190299928188324,-0.76004684,-0.024252528,0.9976294,-0.8,9.797174e-17,1.0,0.046798087656497955,-0.083134435,-0.7928026,0.9970057,-1.4695762e-16,-0.8,1.0,0.08349911868572235
2716,-0.0040377238765358925,0,0.13953202962875366,inf,0.03152107,0.08721087,1.0032564,0.0,0.0,1.0,0.09278964251279831,0.9733262,-0.18019353,0.9982701,0.8,0.0,1.0,0.2500293254852295,-0.18366021,0.9260571,1.0009818,4.898587e-17,0.8,1.0,0.22276091575622559,-0.7597903,-0.02459153,0.9976233,-0.8,9.797174e-17,1.0,0.04719335213303566,-0.08453124,-0.7928406,0.9970006,-1.4695762e-16,-0.8,1.0,0.08488689363002777
2717,-0.004062205087393522,0,0.14180807769298553,inf,0.03213322,0.088688515,1.0032687,0.0,0.0,1.0,0.09438686817884445,0.9759496,-0.18353185,0.9982687,0.8,0.0,1.0,0.25425416231155396,-0.18659054,0.92844045,1.0009865,4.898587e-17,0.8,1.0,0.22652582824230194,-0.7595371,-0.024934083,0.99761754,-0.8,9.797174e-17,1.0,0.04758814722299576,-0.08593871,-0.7928815,0.99699545,-1.4695762e-16,-0.8,1.0,0.08628535270690918
2718,-0.0040874723345041275,0,0.1441032439470291,inf,0.032751765,0.09018006,1.0032808,0.0,0.0,1.0,0.09599939733743668,0.97858685,-0.18690579,0.99826753,0.8,0.0,1.0,0.25851505994796753,-0.18954523,0.9308476,1.0009911,4.898587e-17,0.8,1.0,0.23032468557357788,-0.75928724,-0.025280258,0.9976117,-0.8,9.797174e-17,1.0,0.04798255115747452,-0.08735685,-0.79292506,0.99699056,-1.4695762e-16,-0.8,1.0,0.08769453316926956
2719,-0.0041126674041152,0,0.1464175134897232,inf,0.033376645,0.09168558,1.0032927,0.0,0.0,1.0,0.09762728959321976,0.98123777,-0.19031541,0.99826634,0.8,0.0,1.0,0.2628118693828583,-0.19252418,0.9332785,1.0009955,4.898587e-17,0.8,1.0,0.23415744304656982,-0.7590407,-0.025630075,0.9976062,-0.8,9.797174e-17,1.0,0.048376597464084625,-0.08878558,-0.79297155,0.9969857,-1.4695762e-16,-0.8,1.0,0.08911433070898056
2720,-0.004138654563575983,0,0.14875087141990662,inf,0.034007903,0.093205065,1.0033046,0.0,0.0,1.0,0.0992705449461937,0.98390216,-0.19376077,0.9982653,0.8,0.0,1.0,0.2671446204185486,-0.19552745,0.9357332,1.001,4.898587e-17,0.8,1.0,0.23802411556243896,-0.7587976,-0.025983604,0.9976007,-0.8,9.797174e-17,1.0,0.048770323395729065,-0.09022491,-0.79302084,0.99698097,-1.4695762e-16,-0.8,1.0,0.09054478257894516
2721,-0.004164168145507574,0,0.15110334753990173,inf,0.034645487,0.09473859,1.0033163,0.0,0.0,1.0,0.10092922300100327,0.9865799,-0.19724195,0.9982643,0.8,0.0,1.0,0.2715132534503937,-0.19855495,0.9382117,1.0010043,4.898587e-17,0.8,1.0,0.24192467331886292,-0.7585578,-0.026340863,0.9975954,-0.8,9.797174e-17,1.0,0.049163807183504105,-0.09167475,-0.793073,0.9969762,-1.4695762e-16,-0.8,1.0,0.0919857993721962
2722,-0.004190938081592321,0,0.15347488224506378,inf,0.03528944,0.09628614,1.0033278,0.0,0.0,1.0,0.10260330885648727,0.98927075,-0.20075898,0.9982634,0.8,0.0,1.0,0.27591773867607117,-0.2016067,0.9407138,1.0010087,4.898587e-17,0.8,1.0,0.24585901200771332,-0.75832146,-0.026701808,0.9975901,-0.8,9.797174e-17,1.0,0.04955698922276497,-0.093135126,-0.7931281,0.9969717,-1.4695762e-16,-0.8,1.0,0.09343738853931427
2723,-0.004217120818793774,0,0.15586550533771515,inf,0.035939712,0.09784779,1.0033393,0.0,0.0,1.0,0.10429287701845169,0.99197453,-0.20431197,0.9982625,0.8,0.0,1.0,0.2803580164909363,-0.20468265,0.94323975,1.0010129,4.898587e-17,0.8,1.0,0.24982720613479614,-0.7580886,-0.027066503,0.9975851,-0.8,9.797174e-17,1.0,0.049949921667575836,-0.094605945,-0.79318607,0.99696714,-1.4695762e-16,-0.8,1.0,0.0948994904756546
2724,-0.004244565032422543,0,0.15827517211437225,inf,0.03659634,0.09942354,1.0033506,0.0,0.0,1.0,0.10599792003631592,0.9946911,-0.20790091,0.9982618,0.8,0.0,1.0,0.28483402729034424,-0.20778282,0.94578934,1.0010171,4.898587e-17,0.8,1.0,0.2538291811943054,-0.7578592,-0.0274349,0.99758,-0.8,9.797174e-17,1.0,0.050342634320259094,-0.09608722,-0.7932469,0.99696285,-1.4695762e-16,-0.8,1.0,0.0963720977306366
2725,-0.004271429032087326,0,0.1607038825750351,inf,0.037259273,0.10101345,1.0033618,0.0,0.0,1.0,0.10771849006414413,0.9974202,-0.21152592,0.9982611,0.8,0.0,1.0,0.28934577107429504,-0.21090712,0.9483626,1.0010211,4.898587e-17,0.8,1.0,0.25786489248275757,-0.75763327,-0.027807062,0.9975752,-0.8,9.797174e-17,1.0,0.05073512718081474,-0.09757885,-0.7933109,0.9969584,-1.4695762e-16,-0.8,1.0,0.09785514324903488
2726,-0.0042995610274374485,0,0.16315163671970367,inf,0.037928555,0.10261753,1.0033729,0.0,0.0,1.0,0.10945460200309753,1.0001616,-0.215187,0.9982605,0.8,0.0,1.0,0.29389309883117676,-0.2140556,0.9509595,1.0010252,4.898587e-17,0.8,1.0,0.261934369802475,-0.7574109,-0.028182944,0.99757034,-0.8,9.797174e-17,1.0,0.051127444952726364,-0.09908088,-0.79337776,0.99695426,-1.4695762e-16,-0.8,1.0,0.09934864193201065
2727,-0.004327118396759033,0,0.1656184047460556,inf,0.038604133,0.10423583,1.0033839,0.0,0.0,1.0,0.1112062856554985,1.0029154,-0.21888426,0.99825996,0.8,0.0,1.0,0.29847612977027893,-0.21722817,0.9535801,1.0010291,4.898587e-17,0.8,1.0,0.26603755354881287,-0.7571921,-0.02856261,0.99756575,-0.8,9.797174e-17,1.0,0.05151958391070366,-0.100593194,-0.7934476,0.99695,-1.4695762e-16,-0.8,1.0,0.10085250437259674
2728,-0.004355685785412788,0,0.16810420155525208,inf,0.039286047,0.10586836,1.0033948,0.0,0.0,1.0,0.11297357827425003,1.0056812,-0.2226177,0.9982595,0.8,0.0,1.0,0.3030947148799896,-0.22042486,0.9562242,1.0010331,4.898587e-17,0.8,1.0,0.2701743543148041,-0.75697684,-0.02894601,0.9975611,-0.8,9.797174e-17,1.0,0.05191158503293991,-0.10211583,-0.79352057,0.996946,-1.4695762e-16,-0.8,1.0,0.10236676037311554
2729,-0.0043841456063091755,0,0.17060895264148712,inf,0.03997425,0.10751509,1.0034055,0.0,0.0,1.0,0.11475639790296555,1.0084586,-0.22638743,0.99825907,0.8,0.0,1.0,0.3077487349510193,-0.2236456,0.958892,1.0010369,4.898587e-17,0.8,1.0,0.2743448317050934,-0.7567652,-0.029333211,0.9975567,-0.8,9.797174e-17,1.0,0.052303511649370193,-0.103648685,-0.7935966,0.9969418,-1.4695762e-16,-0.8,1.0,0.10389131307601929
2730,-0.0044134254567325115,0,0.1731327474117279,inf,0.04066878,0.10917609,1.0034162,0.0,0.0,1.0,0.1165548786520958,1.0112479,-0.23019345,0.99825877,0.8,0.0,1.0,0.31243833899497986,-0.22689041,0.9615833,1.0010407,4.898587e-17,0.8,1.0,0.278548926115036,-0.75655717,-0.029724168,0.9975522,-0.8,9.797174e-17,1.0,0.05269533768296242,-0.10519178,-0.7936757,0.996938,-1.4695762e-16,-0.8,1.0,0.10542619973421097
2731,-0.004442605655640364,0,0.17567548155784607,inf,0.0413696,0.11085133,1.0034266,0.0,0.0,1.0,0.11836892366409302,1.0140486,-0.23403586,0.99825853,0.8,0.0,1.0,0.3171633780002594,-0.23015924,0.96429825,1.0010444,4.898587e-17,0.8,1.0,0.28278660774230957,-0.75635284,-0.03011894,0.997548,-0.8,9.797174e-17,1.0,0.053087085485458374,-0.10674503,-0.7937579,0.996934,-1.4695762e-16,-0.8,1.0,0.10697133094072342
2732,-0.004472610540688038,0,0.17823714017868042,inf,0.04207673,0.112540886,1.003437,0.0,0.0,1.0,0.12019865214824677,1.0168605,-0.23791465,0.99825835,0.8,0.0,1.0,0.32192370295524597,-0.23345208,0.96703666,1.001048,4.898587e-17,0.8,1.0,0.2870578467845917,-0.7561522,-0.030517487,0.9975437,-0.8,9.797174e-17,1.0,0.05347878113389015,-0.10830844,-0.7938433,0.9969303,-1.4695762e-16,-0.8,1.0,0.10852670669555664
2733,-0.0045025222934782505,0,0.18081776797771454,inf,0.042790134,0.11424472,1.0034472,0.0,0.0,1.0,0.12204398959875107,1.0196835,-0.24182993,0.99825823,0.8,0.0,1.0,0.3267194330692291,-0.2367689,0.9697986,1.0010515,4.898587e-17,0.8,1.0,0.2913626432418823,-0.7559553,-0.030919867,0.99753964,-0.8,9.797174e-17,1.0,0.053870491683483124,-0.10988193,-0.79393184,0.9969265,-1.4695762e-16,-0.8,1.0,0.11009226739406586
2734,-0.004533266648650169,0,0.18341732025146484,inf,0.043509845,0.115962915,1.0034574,0.0,0.0,1.0,0.12390503287315369,1.0225174,-0.2457817,0.99825823,0.8,0.0,1.0,0.3315504193305969,-0.24010968,0.97258407,1.0010551,4.898587e-17,0.8,1.0,0.29570090770721436,-0.7557621,-0.031326037,0.99753547,-0.8,9.797174e-17,1.0,0.05426220968365669,-0.11146553,-0.7940236,0.9969229,-1.4695762e-16,-0.8,1.0,0.11166803538799286
2735,-0.004563922993838787,0,0.18603578209877014,inf,0.044235818,0.11769543,1.0034674,0.0,0.0,1.0,0.12578172981739044,1.025362,-0.24977005,0.99825823,0.8,0.0,1.0,0.336416631937027,-0.24347438,0.975393,1.0010586,4.898587e-17,0.8,1.0,0.30007264018058777,-0.7555727,-0.03173606,0.9975316,-0.8,9.797174e-17,1.0,0.054653991013765335,-0.11305912,-0.7941185,0.9969192,-1.4695762e-16,-0.8,1.0,0.11325390636920929
2736,-0.004595419391989708,0,0.18867316842079163,inf,0.04496809,0.119442336,1.0034773,0.0,0.0,1.0,0.1276741623878479,1.0282172,-0.25379497,0.9982584,0.8,0.0,1.0,0.3413180410861969,-0.246863,0.97822535,1.0010619,4.898587e-17,0.8,1.0,0.3044778108596802,-0.755387,-0.032149892,0.9975276,-0.8,9.797174e-17,1.0,0.055045876652002335,-0.114662744,-0.7942167,0.9969158,-1.4695762e-16,-0.8,1.0,0.11484991759061813
2737,-0.00462683429941535,0,0.19132943451404572,inf,0.04570662,0.12120361,1.0034871,0.0,0.0,1.0,0.12958228588104248,1.0310827,-0.25785658,0.99825853,0.8,0.0,1.0,0.3462546467781067,-0.2502755,0.9810812,1.0010653,4.898587e-17,0.8,1.0,0.3089164197444916,-0.7552052,-0.032567594,0.9975238,-0.8,9.797174e-17,1.0,0.0554378367960453,-0.1162763,-0.7943182,0.9969122,-1.4695762e-16,-0.8,1.0,0.11645598709583282
2738,-0.00465909531340003,0,0.1940045803785324,inf,0.04645143,0.12297933,1.0034968,0.0,0.0,1.0,0.13150618970394135,1.0339584,-0.26195484,0.9982588,0.8,0.0,1.0,0.3512263000011444,-0.25371185,0.98396045,1.0010685,4.898587e-17,0.8,1.0,0.3133884072303772,-0.75502723,-0.032989126,0.9975199,-0.8,9.797174e-17,1.0,0.055829957127571106,-0.11789982,-0.7944229,0.99690896,-1.4695762e-16,-0.8,1.0,0.11807212233543396
2739,-0.004691096488386393,0,0.19669859111309052,inf,0.047202483,0.124769434,1.0035062,0.0,0.0,1.0,0.13344579935073853,1.036844,-0.26608986,0.9982591,0.8,0.0,1.0,0.35623297095298767,-0.25717205,0.9868631,1.0010717,4.898587e-17,0.8,1.0,0.31789371371269226,-0.7548531,-0.033414546,0.9975162,-0.8,9.797174e-17,1.0,0.056222252547740936,-0.119533196,-0.79453105,0.99690545,-1.4695762e-16,-0.8,1.0,0.11969824880361557
2740,-0.004723949823528528,0,0.19941145181655884,inf,0.047959752,0.12657402,1.0035156,0.0,0.0,1.0,0.1354011744260788,1.0397394,-0.27026162,0.9982596,0.8,0.0,1.0,0.3612746000289917,-0.2606561,0.98978907,1.0010748,4.898587e-17,0.8,1.0,0.32243236899375916,-0.7546829,-0.03384381,0.99751246,-0.8,9.797174e-17,1.0,0.056614771485328674,-0.12117646,-0.79464245,0.99690235,-1.4695762e-16,-0.8,1.0,0.12133438885211945
2741,-0.004756737034767866,0,0.20214314758777618,inf,0.04872312,0.12839304,1.0035248,0.0,0.0,1.0,0.13737225532531738,1.0426444,-0.2744702,0.99826,0.8,0.0,1.0,0.3663512170314789,-0.26416388,0.9927384,1.0010779,4.898587e-17,0.8,1.0,0.3270043134689331,-0.75451666,-0.03427699,0.9975089,-0.8,9.797174e-17,1.0,0.057007480412721634,-0.122829504,-0.79475725,0.99689895,-1.4695762e-16,-0.8,1.0,0.12298044562339783
2742,-0.004790437873452902,0,0.20489367842674255,inf,0.049492568,0.13022657,1.003534,0.0,0.0,1.0,0.13935911655426025,1.0455588,-0.27871567,0.9982607,0.8,0.0,1.0,0.37146276235580444,-0.26769546,0.9957111,1.001081,4.898587e-17,0.8,1.0,0.33160948753356934,-0.7543543,-0.03471403,0.9975052,-0.8,9.797174e-17,1.0,0.05740051344037056,-0.12449238,-0.7948754,0.99689597,-1.4695762e-16,-0.8,1.0,0.12463647127151489
2743,-0.0048240781761705875,0,0.20766296982765198,inf,0.050267994,0.13207455,1.0035428,0.0,0.0,1.0,0.14136162400245667,1.0484824,-0.282998,0.9982613,0.8,0.0,1.0,0.37660905718803406,-0.27125075,0.9987071,1.001084,4.898587e-17,0.8,1.0,0.33624792098999023,-0.7541959,-0.035155,0.9975017,-0.8,9.797174e-17,1.0,0.05779385566711426,-0.12616496,-0.79499704,0.9968927,-1.4695762e-16,-0.8,1.0,0.1263023465871811
2744,-0.004858586937189102,0,0.21045103669166565,inf,0.051049396,0.13393708,1.0035517,0.0,0.0,1.0,0.14337989687919617,1.051415,-0.28731728,0.9982621,0.8,0.0,1.0,0.3817901611328125,-0.27482978,1.0017264,1.0010868,4.898587e-17,0.8,1.0,0.34091952443122864,-0.7540416,-0.035599854,0.9974981,-0.8,9.797174e-17,1.0,0.05818748474121094,-0.12784728,-0.795122,0.99688977,-1.4695762e-16,-0.8,1.0,0.1279781013727188
2745,-0.004893043078482151,0,0.21325786411762238,inf,0.051836677,0.13581409,1.0035603,0.0,0.0,1.0,0.1454138308763504,1.0543565,-0.2916735,0.9982629,0.8,0.0,1.0,0.387006014585495,-0.2784325,1.004769,1.0010897,4.898587e-17,0.8,1.0,0.34562429785728455,-0.7538913,-0.036048654,0.99749464,-0.8,9.797174e-17,1.0,0.05858153849840164,-0.12953927,-0.7952506,0.9968866,-1.4695762e-16,-0.8,1.0,0.12966369092464447
2746,-0.0049283746629953384,0,0.21608348190784454,inf,0.052629832,0.13770568,1.0035689,0.0,0.0,1.0,0.14746353030204773,1.0573065,-0.29606673,0.99826384,0.8,0.0,1.0,0.392256498336792,-0.28205886,1.0078348,1.0010924,4.898587e-17,0.8,1.0,0.35036221146583557,-0.75374496,-0.03650136,0.9974911,-0.8,9.797174e-17,1.0,0.05897604301571846,-0.1312409,-0.79538256,0.9968838,-1.4695762e-16,-0.8,1.0,0.13135908544063568
2747,-0.004963197745382786,0,0.21892781555652618,inf,0.053428765,0.13961178,1.0035772,0.0,0.0,1.0,0.1495288610458374,1.0602651,-0.30049703,0.99826485,0.8,0.0,1.0,0.39754167199134827,-0.2857089,1.0109239,1.001095,4.898587e-17,0.8,1.0,0.3551332652568817,-0.75360274,-0.03695803,0.9974878,-0.8,9.797174e-17,1.0,0.0593709871172905,-0.13295214,-0.7955181,0.99688077,-1.4695762e-16,-0.8,1.0,0.13306422531604767
2748,-0.004999353084713221,0,0.22179079055786133,inf,0.05423347,0.14153251,1.0035856,0.0,0.0,1.0,0.15160995721817017,1.0632318,-0.3049643,0.99826586,0.8,0.0,1.0,0.4028612971305847,-0.28938237,1.014036,1.0010976,4.898587e-17,0.8,1.0,0.35993722081184387,-0.75346464,-0.03741863,0.9974843,-0.8,9.797174e-17,1.0,0.05976640433073044,-0.13467297,-0.7956572,0.996878,-1.4695762e-16,-0.8,1.0,0.13477914035320282
2749,-0.005034931935369968,0,0.22467248141765594,inf,0.05504385,0.14346777,1.0035936,0.0,0.0,1.0,0.15370666980743408,1.0662067,-0.30946875,0.99826705,0.8,0.0,1.0,0.4082155227661133,-0.2930793,1.0171715,1.0011002,4.898587e-17,0.8,1.0,0.36477407813072205,-0.7533307,-0.03788322,0.99748105,-0.8,9.797174e-17,1.0,0.060162343084812164,-0.13640329,-0.79579985,0.99687505,-1.4695762e-16,-0.8,1.0,0.13650371134281158
2750,-0.0050717745907604694,0,0.22757279872894287,inf,0.055859905,0.14541768,1.0036017,0.0,0.0,1.0,0.1558191329240799,1.0691894,-0.3140103,0.99826825,0.8,0.0,1.0,0.41360417008399963,-0.29679942,1.0203302,1.0011026,4.898587e-17,0.8,1.0,0.3696437478065491,-0.7532009,-0.03835175,0.99747765,-0.8,9.797174e-17,1.0,0.06055887043476105,-0.13814317,-0.79594606,0.9968724,-1.4695762e-16,-0.8,1.0,0.13823802769184113
2751,-0.0051078107208013535,0,0.23049168288707733,inf,0.05668153,0.14738217,1.0036094,0.0,0.0,1.0,0.15794722735881805,1.0721798,-0.318589,0.9982696,0.8,0.0,1.0,0.419027179479599,-0.3005428,1.023512,1.0011051,4.898587e-17,0.8,1.0,0.3745461404323578,-0.75307524,-0.03882429,0.9974745,-0.8,9.797174e-17,1.0,0.06095603108406067,-0.13989246,-0.79609597,0.99686956,-1.4695762e-16,-0.8,1.0,0.1399819254875183
2752,-0.005145573522895575,0,0.2334292232990265,inf,0.057508733,0.14936124,1.0036173,0.0,0.0,1.0,0.16009096801280975,1.0751778,-0.32320487,0.998271,0.8,0.0,1.0,0.42448461055755615,-0.30430925,1.0267168,1.0011073,4.898587e-17,0.8,1.0,0.3794810175895691,-0.75295377,-0.039300796,0.99747115,-0.8,9.797174e-17,1.0,0.06135386601090431,-0.14165123,-0.79624945,0.996867,-1.4695762e-16,-0.8,1.0,0.1417355090379715
2753,-0.005182300694286823,0,0.23638522624969482,inf,0.05834141,0.15135488,1.0036248,0.0,0.0,1.0,0.16225029528141022,1.0781829,-0.32785797,0.99827254,0.8,0.0,1.0,0.4299762547016144,-0.30809876,1.0299449,1.0011097,4.898587e-17,0.8,1.0,0.3844486176967621,-0.7528366,-0.03978133,0.99746805,-0.8,9.797174e-17,1.0,0.061752356588840485,-0.14341936,-0.7964067,0.99686426,-1.4695762e-16,-0.8,1.0,0.14349862933158875
2754,-0.005220756866037846,0,0.2393597811460495,inf,0.05917957,0.15336308,1.0036324,0.0,0.0,1.0,0.16442520916461945,1.0811954,-0.3325483,0.99827415,0.8,0.0,1.0,0.43550220131874084,-0.31191114,1.0331961,1.0011119,4.898587e-17,0.8,1.0,0.3894485831260681,-0.75272363,-0.04026585,0.99746484,-0.8,9.797174e-17,1.0,0.062151603400707245,-0.14519688,-0.79656756,0.9968618,-1.4695762e-16,-0.8,1.0,0.14527134597301483
2755,-0.005258179735392332,0,0.24235281348228455,inf,0.060023107,0.15538585,1.0036396,0.0,0.0,1.0,0.16661567986011505,1.0842146,-0.33727592,0.9982759,0.8,0.0,1.0,0.4410622715950012,-0.31574643,1.0364703,1.0011141,4.898587e-17,0.8,1.0,0.39448097348213196,-0.752615,-0.04075442,0.99746174,-0.8,9.797174e-17,1.0,0.06255163997411728,-0.1469837,-0.7967321,0.99685913,-1.4695762e-16,-0.8,1.0,0.1470535695552826
2756,-0.005297338590025902,0,0.24536430835723877,inf,0.060872026,0.15742318,1.003647,0.0,0.0,1.0,0.16882169246673584,1.0872406,-0.34204078,0.9982776,0.8,0.0,1.0,0.4466564655303955,-0.31960446,1.0397675,1.0011162,4.898587e-17,0.8,1.0,0.3995456099510193,-0.7525106,-0.041247,0.9974586,-0.8,9.797174e-17,1.0,0.06295249611139297,-0.14877984,-0.7969005,0.9968568,-1.4695762e-16,-0.8,1.0,0.14884531497955322
2757,-0.0053354366682469845,0,0.24839425086975098,inf,0.06172622,0.15947506,1.0036539,0.0,0.0,1.0,0.17104318737983704,1.0902731,-0.34684297,0.9982795,0.8,0.0,1.0,0.4522847533226013,-0.3234852,1.043088,1.0011183,4.898587e-17,0.8,1.0,0.40464264154434204,-0.7524106,-0.041743647,0.99745554,-0.8,9.797174e-17,1.0,0.06335423141717911,-0.1505852,-0.79707265,0.9968542,-1.4695762e-16,-0.8,1.0,0.15064650774002075
2758,-0.005375085864216089,0,0.2514426112174988,inf,0.062585704,0.1615415,1.003661,0.0,0.0,1.0,0.17328020930290222,1.093312,-0.35168248,0.9982814,0.8,0.0,1.0,0.4579470157623291,-0.3273885,1.0464313,1.0011202,4.898587e-17,0.8,1.0,0.40977171063423157,-0.7523149,-0.042244326,0.99745244,-0.8,9.797174e-17,1.0,0.06375689059495926,-0.15239982,-0.79724854,0.996852,-1.4695762e-16,-0.8,1.0,0.15245716273784637
2759,-0.005413633771240711,0,0.2545093297958374,inf,0.063450366,0.1636225,1.0036678,0.0,0.0,1.0,0.17553268373012543,1.0963571,-0.35655934,0.9982835,0.8,0.0,1.0,0.46364322304725647,-0.33131436,1.0497977,1.0011224,4.898587e-17,0.8,1.0,0.41493290662765503,-0.7522236,-0.042749096,0.99744946,-0.8,9.797174e-17,1.0,0.0641605406999588,-0.15422359,-0.7974283,0.9968495,-1.4695762e-16,-0.8,1.0,0.15427720546722412
2760,-0.005453838966786861,0,0.25759437680244446,inf,0.06432023,0.16571805,1.0036749,0.0,0.0,1.0,0.17780064046382904,1.0994083,-0.3614734,0.99828553,0.8,0.0,1.0,0.46937328577041626,-0.33526263,1.0531869,1.0011241,4.898587e-17,0.8,1.0,0.4201260507106781,-0.75213677,-0.04325792,0.9974464,-0.8,9.797174e-17,1.0,0.06456515192985535,-0.15605655,-0.7976119,0.9968474,-1.4695762e-16,-0.8,1.0,0.15610666573047638
2761,-0.005492943339049816,0,0.26069772243499756,inf,0.06519516,0.16782811,1.0036813,0.0,0.0,1.0,0.1800839602947235,1.1024652,-0.36642486,0.99828774,0.8,0.0,1.0,0.4751371145248413,-0.3392333,1.0565993,1.0011262,4.898587e-17,0.8,1.0,0.42535126209259033,-0.7520543,-0.043770853,0.99744344,-0.8,9.797174e-17,1.0,0.06497089564800262,-0.15789859,-0.7977994,0.996845,-1.4695762e-16,-0.8,1.0,0.1579454392194748
2762,-0.005533706396818161,0,0.2638193666934967,inf,0.06607519,0.16995274,1.0036881,0.0,0.0,1.0,0.182382732629776,1.1055278,-0.3714135,0.9982899,0.8,0.0,1.0,0.48093461990356445,-0.3432262,1.0600345,1.0011278,4.898587e-17,0.8,1.0,0.43060821294784546,-0.7519763,-0.044287864,0.99744046,-0.8,9.797174e-17,1.0,0.06537768989801407,-0.15974976,-0.7979908,0.996843,-1.4695762e-16,-0.8,1.0,0.15979358553886414
2763,-0.00557337049394846,0,0.2669592499732971,inf,0.0669602,0.17209187,1.0036944,0.0,0.0,1.0,0.18469685316085815,1.1085958,-0.37643945,0.99829227,0.8,0.0,1.0,0.4867658317089081,-0.34724134,1.0634927,1.0011297,4.898587e-17,0.8,1.0,0.43589702248573303,-0.7519028,-0.044809006,0.99743754,-0.8,9.797174e-17,1.0,0.06578566133975983,-0.16160993,-0.7981861,0.99684066,-1.4695762e-16,-0.8,1.0,0.16165098547935486
2764,-0.005614623427391052,0,0.2701173722743988,inf,0.06785021,0.17424555,1.0037011,0.0,0.0,1.0,0.18702636659145355,1.1116692,-0.38150254,0.9982946,0.8,0.0,1.0,0.4926304519176483,-0.3512785,1.0669738,1.0011314,4.898587e-17,0.8,1.0,0.4412175118923187,-0.7518338,-0.04533425,0.99743456,-0.8,9.797174e-17,1.0,0.06619486212730408,-0.16347915,-0.7983854,0.99683875,-1.4695762e-16,-0.8,1.0,0.16351768374443054
2765,-0.005654776468873024,0,0.273293673992157,inf,0.0687451,0.17641374,1.0037072,0.0,0.0,1.0,0.18937116861343384,1.1147478,-0.38660294,0.9982971,0.8,0.0,1.0,0.49852871894836426,-0.3553378,1.0704777,1.0011332,4.898587e-17,0.8,1.0,0.44656962156295776,-0.7517693,-0.045863647,0.99743176,-0.8,9.797174e-17,1.0,0.0666053369641304,-0.1653573,-0.7985886,0.99683654,-1.4695762e-16,-0.8,1.0,0.16539359092712402
2766,-0.005696593318134546,0,0.27648812532424927,inf,0.06964489,0.17859647,1.0037136,0.0,0.0,1.0,0.1917313188314438,1.1178312,-0.39174044,0.99829954,0.8,0.0,1.0,0.5044602751731873,-0.35941896,1.0740045,1.0011348,4.898587e-17,0.8,1.0,0.4519532322883606,-0.7517094,-0.046397164,0.99742883,-0.8,9.797174e-17,1.0,0.0670170933008194,-0.16724445,-0.79879576,0.9968347,-1.4695762e-16,-0.8,1.0,0.1672787368297577
2767,-0.005737311206758022,0,0.27970072627067566,inf,0.070549466,0.18079369,1.0037196,0.0,0.0,1.0,0.19410672783851624,1.1209196,-0.39691517,0.99830216,0.8,0.0,1.0,0.5104252696037292,-0.36352202,1.0775542,1.0011365,4.898587e-17,0.8,1.0,0.4573684632778168,-0.7516541,-0.04693486,0.99742603,-0.8,9.797174e-17,1.0,0.06743022054433823,-0.16914044,-0.7990069,0.9968326,-1.4695762e-16,-0.8,1.0,0.16917301714420319
2768,-0.0057796938344836235,0,0.282931387424469,inf,0.07145884,0.18300542,1.0037259,0.0,0.0,1.0,0.19649741053581238,1.1240125,-0.402127,0.9983047,0.8,0.0,1.0,0.5164233446121216,-0.3676468,1.0811268,1.001138,4.898587e-17,0.8,1.0,0.4628150463104248,-0.75160336,-0.0474767,0.9974233,-0.8,9.797174e-17,1.0,0.06784476339817047,-0.17104533,-0.79922193,0.9968309,-1.4695762e-16,-0.8,1.0,0.1710764616727829
2769,-0.005820979364216328,0,0.28618016839027405,inf,0.072372906,0.18523166,1.0037316,0.0,0.0,1.0,0.19890330731868744,1.1271099,-0.407376,0.99830747,0.8,0.0,1.0,0.5224547386169434,-0.37179336,1.084722,1.0011396,4.898587e-17,0.8,1.0,0.46829289197921753,-0.7515573,-0.048022743,0.99742055,-0.8,9.797174e-17,1.0,0.06826078146696091,-0.172959,-0.79944104,0.99682885,-1.4695762e-16,-0.8,1.0,0.17298896610736847
2770,-0.005863931030035019,0,0.2894468903541565,inf,0.07329168,0.18747242,1.0037378,0.0,0.0,1.0,0.2013244926929474,1.1302115,-0.412662,0.99831015,0.8,0.0,1.0,0.5285190343856812,-0.37596145,1.0883402,1.0011411,4.898587e-17,0.8,1.0,0.47380203008651733,-0.75151587,-0.04857295,0.99741787,-0.8,9.797174e-17,1.0,0.06867831945419312,-0.17488149,-0.799664,0.9968272,-1.4695762e-16,-0.8,1.0,0.17491059005260468
2771,-0.0059057860635221004,0,0.29273170232772827,inf,0.07421505,0.18972765,1.0037435,0.0,0.0,1.0,0.20376081764698029,1.1333174,-0.41798514,0.998313,0.8,0.0,1.0,0.5346165299415588,-0.38015115,1.091981,1.0011427,4.898587e-17,0.8,1.0,0.47934240102767944,-0.7514791,-0.04912738,0.9974152,-0.8,9.797174e-17,1.0,0.06909747421741486,-0.17681268,-0.799891,0.9968253,-1.4695762e-16,-0.8,1.0,0.17684121429920197
2772,-0.005949309095740318,0,0.29603442549705505,inf,0.075143024,0.1919974,1.0037497,0.0,0.0,1.0,0.2062123566865921,1.136427,-0.4233453,0.99831575,0.8,0.0,1.0,0.5407469272613525,-0.38436225,1.0956446,1.001144,4.898587e-17,0.8,1.0,0.48491376638412476,-0.7514471,-0.049686003,0.9974126,-0.8,9.797174e-17,1.0,0.06951820105314255,-0.17875262,-0.8001219,0.99682367,-1.4695762e-16,-0.8,1.0,0.17878086864948273
2773,-0.005991736426949501,0,0.2993551194667816,inf,0.07607549,0.19428161,1.0037553,0.0,0.0,1.0,0.20867900550365448,1.1395406,-0.4287425,0.9983187,0.8,0.0,1.0,0.5469101667404175,-0.38859475,1.099331,1.0011457,4.898587e-17,0.8,1.0,0.4905163049697876,-0.7514198,-0.050248876,0.99741006,-0.8,9.797174e-17,1.0,0.06994065642356873,-0.18070118,-0.8003568,0.99682176,-1.4695762e-16,-0.8,1.0,0.18072949349880219
2774,-0.006035832222551107,0,0.3026936948299408,inf,0.07701247,0.19658034,1.0037614,0.0,0.0,1.0,0.2111608386039734,1.1426576,-0.43417665,0.99832153,0.8,0.0,1.0,0.5531061887741089,-0.39284846,1.10304,1.001147,4.898587e-17,0.8,1.0,0.49614962935447693,-0.7513972,-0.05081596,0.99740756,-0.8,9.797174e-17,1.0,0.07036488503217697,-0.1826584,-0.8005957,0.9968203,-1.4695762e-16,-0.8,1.0,0.18268704414367676
2775,-0.006078833248466253,0,0.306050181388855,inf,0.077953845,0.1988935,1.0037669,0.0,0.0,1.0,0.2136577069759369,1.1457781,-0.4396478,0.99832463,0.8,0.0,1.0,0.5593348145484924,-0.39712346,1.1067717,1.0011486,4.898587e-17,0.8,1.0,0.5018139481544495,-0.75137943,-0.051387314,0.99740505,-0.8,9.797174e-17,1.0,0.07079089432954788,-0.18462418,-0.80083853,0.9968185,-1.4695762e-16,-0.8,1.0,0.18465350568294525
2776,-0.006123505532741547,0,0.309424489736557,inf,0.07889963,0.20122117,1.003773,0.0,0.0,1.0,0.21616971492767334,1.1489018,-0.44515583,0.99832755,0.8,0.0,1.0,0.5655961632728577,-0.40141952,1.1105261,1.0011499,4.898587e-17,0.8,1.0,0.5075089931488037,-0.75136644,-0.051962905,0.9974026,-0.8,9.797174e-17,1.0,0.07121878117322922,-0.18659854,-0.80108535,0.99681705,-1.4695762e-16,-0.8,1.0,0.18662884831428528
2777,-0.006167083978652954,0,0.3128166198730469,inf,0.07984972,0.20356327,1.0037783,0.0,0.0,1.0,0.218696728348732,1.1520287,-0.45070082,0.9983307,0.8,0.0,1.0,0.5718900561332703,-0.40573665,1.1143032,1.0011514,4.898587e-17,0.8,1.0,0.5132349133491516,-0.75135833,-0.052542794,0.9974002,-0.8,9.797174e-17,1.0,0.07164856791496277,-0.18858136,-0.80133617,0.9968153,-1.4695762e-16,-0.8,1.0,0.18861298263072968
2778,-0.006212356500327587,0,0.3162265419960022,inf,0.080804124,0.20591986,1.0037843,0.0,0.0,1.0,0.22123882174491882,1.1551584,-0.45628262,0.9983338,0.8,0.0,1.0,0.5782163143157959,-0.41007468,1.1181028,1.0011528,4.898587e-17,0.8,1.0,0.5189912915229797,-0.75135505,-0.053126942,0.9973979,-0.8,9.797174e-17,1.0,0.0720803365111351,-0.19057271,-0.8015909,0.99681395,-1.4695762e-16,-0.8,1.0,0.19060596823692322
2779,-0.00625660689547658,0,0.31965428590774536,inf,0.08176274,0.20829089,1.0037897,0.0,0.0,1.0,0.22379589080810547,1.158291,-0.4619013,0.99833703,0.8,0.0,1.0,0.5845750570297241,-0.41443366,1.1219251,1.0011542,4.898587e-17,0.8,1.0,0.5247783660888672,-0.7513566,-0.053715408,0.9973956,-0.8,9.797174e-17,1.0,0.07251419872045517,-0.19257244,-0.80184966,0.99681234,-1.4695762e-16,-0.8,1.0,0.19260771572589874
2780,-0.006302528083324432,0,0.32309967279434204,inf,0.08272559,0.21067639,1.0037955,0.0,0.0,1.0,0.2263679951429367,1.1614261,-0.46755674,0.99834025,0.8,0.0,1.0,0.5909660458564758,-0.41881335,1.1257699,1.0011554,4.898587e-17,0.8,1.0,0.5305958390235901,-0.7513631,-0.054308165,0.99739337,-0.8,9.797174e-17,1.0,0.07295012474060059,-0.19458061,-0.80211234,0.99681103,-1.4695762e-16,-0.8,1.0,0.19461821019649506
2781,-0.006347360089421272,0,0.326562762260437,inf,0.08369257,0.2130763,1.0038007,0.0,0.0,1.0,0.22895501554012299,1.1645635,-0.473249,0.9983436,0.8,0.0,1.0,0.5973892211914062,-0.4232138,1.1296374,1.0011569,4.898587e-17,0.8,1.0,0.5364438891410828,-0.75137454,-0.054905258,0.9973911,-0.8,9.797174e-17,1.0,0.07338821142911911,-0.19659711,-0.8023791,0.9968095,-1.4695762e-16,-0.8,1.0,0.19663740694522858
2782,-0.006393864750862122,0,0.3300434947013855,inf,0.08466371,0.21549068,1.0038065,0.0,0.0,1.0,0.23155704140663147,1.1677032,-0.47897795,0.99834687,0.8,0.0,1.0,0.6038445234298706,-0.4276348,1.1335274,1.001158,4.898587e-17,0.8,1.0,0.5423222184181213,-0.7513909,-0.055506665,0.99738896,-0.8,9.797174e-17,1.0,0.0738285556435585,-0.19862196,-0.80264974,0.9968083,-1.4695762e-16,-0.8,1.0,0.19866527616977692
2783,-0.006439280230551958,0,0.33354195952415466,inf,0.0856389,0.21791947,1.0038117,0.0,0.0,1.0,0.2341739684343338,1.170845,-0.48474365,0.9983503,0.8,0.0,1.0,0.6103320121765137,-0.43207642,1.1374401,1.0011594,4.898587e-17,0.8,1.0,0.5482309460639954,-0.7514122,-0.056112442,0.9973868,-0.8,9.797174e-17,1.0,0.07427118718624115,-0.20065504,-0.8029244,0.99680686,-1.4695762e-16,-0.8,1.0,0.2007017582654953
2784,-0.006486369296908379,0,0.33705800771713257,inf,0.08661818,0.22036272,1.0038173,0.0,0.0,1.0,0.23680585622787476,1.1739887,-0.49054596,0.9983537,0.8,0.0,1.0,0.6168513298034668,-0.43653846,1.1413753,1.0011605,4.898587e-17,0.8,1.0,0.5541698932647705,-0.75143856,-0.05672255,0.9973848,-0.8,9.797174e-17,1.0,0.07471614331007004,-0.20269641,-0.80320305,0.9968057,-1.4695762e-16,-0.8,1.0,0.20274688303470612
2785,-0.0065323710441589355,0,0.3405917286872864,inf,0.087601416,0.22282037,1.0038224,0.0,0.0,1.0,0.23945258557796478,1.177134,-0.49638495,0.99835736,0.8,0.0,1.0,0.6234025955200195,-0.4410209,1.1453333,1.0011618,4.898587e-17,0.8,1.0,0.5601391196250916,-0.7514699,-0.057337053,0.99738264,-0.8,9.797174e-17,1.0,0.07516354322433472,-0.20474595,-0.80348575,0.99680436,-1.4695762e-16,-0.8,1.0,0.2048005610704422
2786,-0.006580098066478968,0,0.3441428542137146,inf,0.08858866,0.22529247,1.003828,0.0,0.0,1.0,0.24211424589157104,1.1802809,-0.50226045,0.9983609,0.8,0.0,1.0,0.6299855709075928,-0.4455236,1.1493137,1.0011629,4.898587e-17,0.8,1.0,0.5661383867263794,-0.7515063,-0.057955913,0.99738073,-0.8,9.797174e-17,1.0,0.07561339437961578,-0.20680368,-0.80377233,0.99680334,-1.4695762e-16,-0.8,1.0,0.20686279237270355
2787,-0.0066267880611121655,0,0.34771162271499634,inf,0.08957981,0.22777897,1.003833,0.0,0.0,1.0,0.244790717959404,1.1834294,-0.5081726,0.99836457,0.8,0.0,1.0,0.6366004347801208,-0.45004657,1.1533169,1.0011642,4.898587e-17,0.8,1.0,0.5721678137779236,-0.7515478,-0.05857919,0.9973787,-0.8,9.797174e-17,1.0,0.07606581598520279,-0.2088695,-0.80406296,0.99680203,-1.4695762e-16,-0.8,1.0,0.208933487534523
2788,-0.006675397977232933,0,0.35129791498184204,inf,0.09057492,0.23027991,1.0038385,0.0,0.0,1.0,0.2474820911884308,1.1865789,-0.5141212,0.99836814,0.8,0.0,1.0,0.6432467699050903,-0.4545896,1.1573426,1.0011652,4.898587e-17,0.8,1.0,0.5782272815704346,-0.75159436,-0.05920686,0.9973768,-0.8,9.797174e-17,1.0,0.07652084529399872,-0.21094345,-0.8043576,0.9968011,-1.4695762e-16,-0.8,1.0,0.21101269125938416
2789,-0.006722961086779833,0,0.3549017310142517,inf,0.09157389,0.23279522,1.0038434,0.0,0.0,1.0,0.25018826127052307,1.1897296,-0.52010626,0.9983719,0.8,0.0,1.0,0.6499248147010803,-0.45915276,1.161391,1.0011665,4.898587e-17,0.8,1.0,0.5843167304992676,-0.75164604,-0.059838966,0.9973749,-0.8,9.797174e-17,1.0,0.07697856426239014,-0.2130254,-0.8046562,0.9967999,-1.4695762e-16,-0.8,1.0,0.21310031414031982
2790,-0.00677220243960619,0,0.35852301120758057,inf,0.092576765,0.23532498,1.0038489,0.0,0.0,1.0,0.2529093027114868,1.1928811,-0.52612776,0.99837554,0.8,0.0,1.0,0.6566343307495117,-0.46373585,1.1654619,1.0011674,4.898587e-17,0.8,1.0,0.5904360413551331,-0.7517029,-0.060475484,0.9973731,-0.8,9.797174e-17,1.0,0.07743898034095764,-0.21511541,-0.8049588,0.996799,-1.4695762e-16,-0.8,1.0,0.2151963710784912
2791,-0.006820359732955694,0,0.3621617257595062,inf,0.093583465,0.23786911,1.0038538,0.0,0.0,1.0,0.25564512610435486,1.1960334,-0.53218573,0.99837935,0.8,0.0,1.0,0.6633752584457397,-0.46833885,1.1695555,1.0011686,4.898587e-17,0.8,1.0,0.596585214138031,-0.7517649,-0.06111647,0.99737126,-0.8,9.797174e-17,1.0,0.07790224254131317,-0.21721336,-0.8052655,0.9967978,-1.4695762e-16,-0.8,1.0,0.21730077266693115
2792,-0.006870196666568518,0,0.3658178746700287,inf,0.094594024,0.24042767,1.0038593,0.0,0.0,1.0,0.258395791053772,1.1991863,-0.53828007,0.99838305,0.8,0.0,1.0,0.6701475381851196,-0.47296163,1.1736717,1.0011694,4.898587e-17,0.8,1.0,0.6027641296386719,-0.75183207,-0.06176189,0.9973696,-0.8,9.797174e-17,1.0,0.07836836576461792,-0.21931927,-0.8055761,0.996797,-1.4695762e-16,-0.8,1.0,0.21941351890563965
2793,-0.006918952334672213,0,0.36949148774147034,inf,0.09560836,0.24300061,1.0038642,0.0,0.0,1.0,0.2611612379550934,1.2023398,-0.54441077,0.9983869,0.8,0.0,1.0,0.6769512295722961,-0.47760418,1.1778107,1.0011706,4.898587e-17,0.8,1.0,0.6089729070663452,-0.7519044,-0.062411807,0.9973678,-0.8,9.797174e-17,1.0,0.07883747667074203,-0.22143304,-0.80589074,0.9967959,-1.4695762e-16,-0.8,1.0,0.22153455018997192
2794,-0.0069693876430392265,0,0.373182475566864,inf,0.09662652,0.24558797,1.0038695,0.0,0.0,1.0,0.2639414966106415,1.2054935,-0.5505777,0.9983907,0.8,0.0,1.0,0.6837860345840454,-0.4822663,1.1819721,1.0011715,4.898587e-17,0.8,1.0,0.6152112483978271,-0.7519821,-0.063066185,0.99736625,-0.8,9.797174e-17,1.0,0.07930952310562134,-0.22355472,-0.8062094,0.9967952,-1.4695762e-16,-0.8,1.0,0.22366389632225037
2795,-0.007018743082880974,0,0.3768908381462097,inf,0.097648405,0.2481897,1.0038743,0.0,0.0,1.0,0.2667364776134491,1.2086474,-0.55678105,0.9983946,0.8,0.0,1.0,0.6906521320343018,-0.48694807,1.1861563,1.0011727,4.898587e-17,0.8,1.0,0.6214792728424072,-0.75206494,-0.063725084,0.9973646,-0.8,9.797174e-17,1.0,0.07978472858667374,-0.22568418,-0.806532,0.99679416,-1.4695762e-16,-0.8,1.0,0.22580145299434662
2796,-0.007069780025631189,0,0.3806164860725403,inf,0.09867407,0.25080585,1.0038797,0.0,0.0,1.0,0.2695463001728058,1.2118012,-0.5630205,0.9983984,0.8,0.0,1.0,0.6975491642951965,-0.49164927,1.1903629,1.0011734,4.898587e-17,0.8,1.0,0.6277766823768616,-0.7521531,-0.06438847,0.9973631,-0.8,9.797174e-17,1.0,0.08026304095983505,-0.22782145,-0.80685866,0.9967935,-1.4695762e-16,-0.8,1.0,0.22794722020626068
2797,-0.0071197375655174255,0,0.3843595087528229,inf,0.0997034,0.25343636,1.0038844,0.0,0.0,1.0,0.2723707854747772,1.2149549,-0.56929624,0.9984025,0.8,0.0,1.0,0.7044773101806641,-0.4963699,1.1945924,1.0011744,4.898587e-17,0.8,1.0,0.6341037750244141,-0.7522466,-0.065056406,0.99736154,-0.8,9.797174e-17,1.0,0.08074456453323364,-0.22996643,-0.80718935,0.99679255,-1.4695762e-16,-0.8,1.0,0.23010113835334778
2798,-0.0071713789366185665,0,0.3881198763847351,inf,0.10073648,0.25608125,1.0038897,0.0,0.0,1.0,0.27521005272865295,1.2181083,-0.5756081,0.9984064,0.8,0.0,1.0,0.7114364504814148,-0.5011098,1.1988443,1.0011752,4.898587e-17,0.8,1.0,0.6404601335525513,-0.7523454,-0.06572886,0.9973602,-0.8,9.797174e-17,1.0,0.08122939616441727,-0.23211916,-0.807524,0.996792,-1.4695762e-16,-0.8,1.0,0.2322632223367691
2799,-0.00722194230183959,0,0.3918974995613098,inf,0.10177319,0.2587405,1.0038943,0.0,0.0,1.0,0.2780640423297882,1.2212613,-0.58195615,0.9984105,0.8,0.0,1.0,0.7184264063835144,-0.505869,1.203119,1.0011761,4.898587e-17,0.8,1.0,0.6468459963798523,-0.7524496,-0.06640588,0.9973588,-0.8,9.797174e-17,1.0,0.08171756565570831,-0.23427951,-0.80786276,0.9967912,-1.4695762e-16,-0.8,1.0,0.2344333678483963
2800,-0.007274115923792124,0,0.395692378282547,inf,0.10281358,0.26141417,1.0038996,0.0,0.0,1.0,0.280932754278183,1.2244136,-0.5883402,0.9984145,0.8,0.0,1.0,0.7254472374916077,-0.5106473,1.2074163,1.0011767,4.898587e-17,0.8,1.0,0.653261125087738,-0.75255907,-0.06708744,0.99735767,-0.8,9.797174e-17,1.0,0.08220918476581573,-0.23644753,-0.8082055,0.9967907,-1.4695762e-16,-0.8,1.0,0.23661163449287415
2801,-0.007325211074203253,0,0.39950451254844666,inf,0.10385756,0.2641022,1.0039041,0.0,0.0,1.0,0.2838161289691925,1.2275652,-0.5947604,0.99841875,0.8,0.0,1.0,0.7324987053871155,-0.5154447,1.2117362,1.0011777,4.898587e-17,0.8,1.0,0.6597054600715637,-0.752674,-0.0677736,0.99735636,-0.8,9.797174e-17,1.0,0.08270430564880371,-0.23862311,-0.80855227,0.99678993,-1.4695762e-16,-0.8,1.0,0.23879790306091309
2802,-0.007377992384135723,0,0.403333842754364,inf,0.10490519,0.26680458,1.0039092,0.0,0.0,1.0,0.28671425580978394,1.2307159,-0.6012165,0.99842286,0.8,0.0,1.0,0.7395808696746826,-0.52026105,1.2160788,1.0011781,4.898587e-17,0.8,1.0,0.6661790013313293,-0.75279427,-0.06846432,0.9973554,-0.8,9.797174e-17,1.0,0.08320300281047821,-0.24080628,-0.80890304,0.9967896,-1.4695762e-16,-0.8,1.0,0.24099218845367432
2803,-0.0074296980164945126,0,0.40718045830726624,inf,0.10595635,0.26952133,1.0039138,0.0,0.0,1.0,0.2896270155906677,1.2338654,-0.6077087,0.99842715,0.8,0.0,1.0,0.7466937303543091,-0.52509636,1.220444,1.001179,4.898587e-17,0.8,1.0,0.6726817488670349,-0.7529199,-0.06915963,0.9973542,-0.8,9.797174e-17,1.0,0.08370538055896759,-0.24299693,-0.80925786,0.99678886,-1.4695762e-16,-0.8,1.0,0.24319443106651306
2804,-0.007483089808374643,0,0.4110442101955414,inf,0.107011124,0.27225244,1.0039188,0.0,0.0,1.0,0.29255449771881104,1.2370138,-0.61423665,0.9984314,0.8,0.0,1.0,0.7538369297981262,-0.52995044,1.2248317,1.0011795,4.898587e-17,0.8,1.0,0.6792134046554565,-0.7530509,-0.06985952,0.9973534,-0.8,9.797174e-17,1.0,0.08421148359775543,-0.2451951,-0.8096167,0.9967886,-1.4695762e-16,-0.8,1.0,0.24540463089942932
2805,-0.00753540825098753,0,0.41492509841918945,inf,0.10806939,0.27499786,1.0039233,0.0,0.0,1.0,0.29549655318260193,1.2401608,-0.6208006,0.9984358,0.8,0.0,1.0,0.7610107660293579,-0.5348233,1.2292422,1.0011802,4.898587e-17,0.8,1.0,0.6857741475105286,-0.7531873,-0.07056402,0.99735236,-0.8,9.797174e-17,1.0,0.08472143113613129,-0.24740067,-0.8099796,0.996788,-1.4695762e-16,-0.8,1.0,0.24762269854545593
2806,-0.007589413318783045,0,0.4188231825828552,inf,0.1091312,0.2777577,1.0039282,0.0,0.0,1.0,0.29845333099365234,1.2433063,-0.62740034,0.9984401,0.8,0.0,1.0,0.7682148218154907,-0.5397148,1.2336752,1.0011806,4.898587e-17,0.8,1.0,0.6923638582229614,-0.75332904,-0.071273096,0.9973516,-0.8,9.797174e-17,1.0,0.08523525297641754,-0.24961367,-0.8103465,0.9967878,-1.4695762e-16,-0.8,1.0,0.24984866380691528
2807,-0.007642345502972603,0,0.4227384030818939,inf,0.11019647,0.28053182,1.0039325,0.0,0.0,1.0,0.30142468214035034,1.2464501,-0.6340359,0.99844456,0.8,0.0,1.0,0.775449275970459,-0.544625,1.238131,1.0011812,4.898587e-17,0.8,1.0,0.6989825367927551,-0.75347614,-0.0719868,0.99735063,-0.8,9.797174e-17,1.0,0.08575306832790375,-0.251834,-0.81071746,0.9967873,-1.4695762e-16,-0.8,1.0,0.2520824074745178
2808,-0.007697087246924639,0,0.426670640707016,inf,0.11126525,0.28332034,1.0039374,0.0,0.0,1.0,0.3044106960296631,1.2495921,-0.64070714,0.9984489,0.8,0.0,1.0,0.7827138900756836,-0.5495536,1.2426094,1.0011816,4.898587e-17,0.8,1.0,0.7056299448013306,-0.7536286,-0.072705105,0.9973499,-0.8,9.797174e-17,1.0,0.08627492189407349,-0.2540617,-0.81109244,0.99678713,-1.4695762e-16,-0.8,1.0,0.2543240189552307
2809,-0.007750756572932005,0,0.43062010407447815,inf,0.112337455,0.28612316,1.0039415,0.0,0.0,1.0,0.3074112832546234,1.252732,-0.64741415,0.99845344,0.8,0.0,1.0,0.7900087237358093,-0.55450064,1.2471104,1.0011823,4.898587e-17,0.8,1.0,0.7123061418533325,-0.75378644,-0.073428035,0.997349,-0.8,9.797174e-17,1.0,0.08680091053247452,-0.2562967,-0.8114715,0.9967867,-1.4695762e-16,-0.8,1.0,0.2565734088420868
2810,-0.007806115783751011,0,0.4345865249633789,inf,0.11341317,0.28894034,1.0039463,0.0,0.0,1.0,0.3104265332221985,1.2558699,-0.6541567,0.9984579,0.8,0.0,1.0,0.7973334789276123,-0.55946594,1.251634,1.0011826,4.898587e-17,0.8,1.0,0.7190109491348267,-0.75394964,-0.074155584,0.9973484,-0.8,9.797174e-17,1.0,0.08733108639717102,-0.25853896,-0.81185454,0.99678665,-1.4695762e-16,-0.8,1.0,0.25883054733276367
2811,-0.007860401645302773,0,0.4385700821876526,inf,0.11449233,0.29177183,1.0039504,0.0,0.0,1.0,0.31345638632774353,1.2590055,-0.6609349,0.9984625,0.8,0.0,1.0,0.8046884536743164,-0.5644496,1.2561803,1.0011832,4.898587e-17,0.8,1.0,0.7257446050643921,-0.7541182,-0.074887775,0.9973476,-0.8,9.797174e-17,1.0,0.08786554634571075,-0.2607885,-0.8122417,0.99678636,-1.4695762e-16,-0.8,1.0,0.26109543442726135
2812,-0.007916378788650036,0,0.44257062673568726,inf,0.115574986,0.2946177,1.0039549,0.0,0.0,1.0,0.31650087237358093,1.2621387,-0.6677487,0.998467,0.8,0.0,1.0,0.8120731711387634,-0.5694514,1.2607491,1.0011834,4.898587e-17,0.8,1.0,0.7325066924095154,-0.7542921,-0.075624585,0.99734706,-0.8,9.797174e-17,1.0,0.08840436488389969,-0.26304528,-0.81263286,0.9967863,-1.4695762e-16,-0.8,1.0,0.26336807012557983
2813,-0.007971629500389099,0,0.44658827781677246,inf,0.11666109,0.29747787,1.003959,0.0,0.0,1.0,0.3195599615573883,1.2652693,-0.6745979,0.99847174,0.8,0.0,1.0,0.8194877505302429,-0.57447135,1.2653407,1.0011839,4.898587e-17,0.8,1.0,0.7392974495887756,-0.7544713,-0.07636605,0.9973463,-0.8,9.797174e-17,1.0,0.08894762396812439,-0.26530927,-0.81302804,0.99678606,-1.4695762e-16,-0.8,1.0,0.26564839482307434
2814,-0.008027659729123116,0,0.4506228566169739,inf,0.11775069,0.30035236,1.0039632,0.0,0.0,1.0,0.32263365387916565,1.2683973,-0.6814827,0.9984763,0.8,0.0,1.0,0.8269323110580444,-0.57950926,1.2699549,1.0011841,4.898587e-17,0.8,1.0,0.7461166381835938,-0.7546559,-0.07711215,0.9973457,-0.8,9.797174e-17,1.0,0.08949535340070724,-0.2675805,-0.81342727,0.9967861,-1.4695762e-16,-0.8,1.0,0.26793643832206726
2815,-0.008083535358309746,0,0.45467454195022583,inf,0.11884375,0.30324125,1.0039676,0.0,0.0,1.0,0.3257220387458801,1.2715225,-0.6884028,0.998481,0.8,0.0,1.0,0.8344064950942993,-0.58456516,1.2745917,1.0011847,4.898587e-17,0.8,1.0,0.7529642581939697,-0.7548458,-0.077862926,0.997345,-0.8,9.797174e-17,1.0,0.0900476947426796,-0.2698589,-0.8138305,0.99678594,-1.4695762e-16,-0.8,1.0,0.2702321708202362
2816,-0.008140642195940018,0,0.458743155002594,inf,0.1199403,0.30614442,1.0039717,0.0,0.0,1.0,0.3288249671459198,1.2746449,-0.6953581,0.9984857,0.8,0.0,1.0,0.8419102430343628,-0.589639,1.2792512,1.001185,4.898587e-17,0.8,1.0,0.7598403096199036,-0.75504106,-0.07861834,0.99734443,-0.8,9.797174e-17,1.0,0.09060464799404144,-0.27214444,-0.81423783,0.9967858,-1.4695762e-16,-0.8,1.0,0.2725355923175812
2817,-0.00819714181125164,0,0.46282872557640076,inf,0.121040314,0.3090619,1.0039756,0.0,0.0,1.0,0.33194249868392944,1.2777642,-0.7023486,0.9984905,0.8,0.0,1.0,0.8494436144828796,-0.5947308,1.2839333,1.0011853,4.898587e-17,0.8,1.0,0.7667447924613953,-0.7552417,-0.07937845,0.99734396,-0.8,9.797174e-17,1.0,0.09116633236408234,-0.27443713,-0.81464916,0.9967858,-1.4695762e-16,-0.8,1.0,0.2748466432094574
2818,-0.00825442373752594,0,0.4669313430786133,inf,0.12214382,0.31199375,1.0039796,0.0,0.0,1.0,0.33507469296455383,1.2808803,-0.7093742,0.9984953,0.8,0.0,1.0,0.8570063710212708,-0.59984046,1.288638,1.0011855,4.898587e-17,0.8,1.0,0.7736776471138,-0.7554477,-0.0801432,0.99734336,-0.8,9.797174e-17,1.0,0.09173276275396347,-0.27673694,-0.8150645,0.99678594,-1.4695762e-16,-0.8,1.0,0.2771652936935425
2819,-0.00831178855150938,0,0.4710509181022644,inf,0.1232508,0.31493992,1.0039837,0.0,0.0,1.0,0.3382214903831482,1.2839934,-0.71643484,0.99850005,0.8,0.0,1.0,0.8645985722541809,-0.6049679,1.2933654,1.0011859,4.898587e-17,0.8,1.0,0.7806388139724731,-0.755659,-0.08091266,0.9973429,-0.8,9.797174e-17,1.0,0.09230408817529678,-0.27904385,-0.8154839,0.99678594,-1.4695762e-16,-0.8,1.0,0.2794916033744812
2820,-0.008370396681129932,0,0.47518736124038696,inf,0.12436127,0.3179004,1.0039876,0.0,0.0,1.0,0.3413828909397125,1.2871028,-0.72353035,0.99850494,0.8,0.0,1.0,0.8722199201583862,-0.61011314,1.2981153,1.0011863,4.898587e-17,0.8,1.0,0.7876282930374146,-0.7558756,-0.08168677,0.9973424,-0.8,9.797174e-17,1.0,0.09288033843040466,-0.28135785,-0.81590736,0.996786,-1.4695762e-16,-0.8,1.0,0.2818254828453064
2821,-0.008428400382399559,0,0.4793407917022705,inf,0.1254752,0.3208752,1.0039911,0.0,0.0,1.0,0.3445589244365692,1.2902088,-0.73066074,0.9985098,0.8,0.0,1.0,0.8798704743385315,-0.61527616,1.3028879,1.0011864,4.898587e-17,0.8,1.0,0.7946460843086243,-0.75609756,-0.082465604,0.997342,-0.8,9.797174e-17,1.0,0.09346157312393188,-0.28367892,-0.8163348,0.9967861,-1.4695762e-16,-0.8,1.0,0.28416699171066284
2822,-0.008487188257277012,0,0.48351114988327026,inf,0.12659264,0.3238643,1.0039948,0.0,0.0,1.0,0.3477495610713959,1.2933112,-0.7378259,0.9985148,0.8,0.0,1.0,0.8875501155853271,-0.6204569,1.3076831,1.0011865,4.898587e-17,0.8,1.0,0.8016921281814575,-0.7563248,-0.08324911,0.99734163,-0.8,9.797174e-17,1.0,0.09404787421226501,-0.28600702,-0.8167663,0.9967864,-1.4695762e-16,-0.8,1.0,0.28651607036590576
2823,-0.008545552380383015,0,0.48769837617874146,inf,0.12771353,0.3268678,1.0039988,0.0,0.0,1.0,0.3509548306465149,1.2964098,-0.74502563,0.99851966,0.8,0.0,1.0,0.8952586650848389,-0.62565523,1.312501,1.0011867,4.898587e-17,0.8,1.0,0.8087664246559143,-0.75655746,-0.08403734,0.9973412,-0.8,9.797174e-17,1.0,0.09463930875062943,-0.28834212,-0.81720185,0.99678653,-1.4695762e-16,-0.8,1.0,0.288872629404068
2824,-0.008605614304542542,0,0.4919024407863617,inf,0.12883794,0.3298855,1.0040023,0.0,0.0,1.0,0.3541746437549591,1.2995046,-0.75225997,0.9985246,0.8,0.0,1.0,0.9029961824417114,-0.6308711,1.3173413,1.0011868,4.898587e-17,0.8,1.0,0.8158687949180603,-0.7567954,-0.084830254,0.9973409,-0.8,9.797174e-17,1.0,0.0952359214425087,-0.29068422,-0.8176414,0.9967868,-1.4695762e-16,-0.8,1.0,0.2912367880344391
2825,-0.008665076456964016,0,0.49612340331077576,inf,0.1299658,0.3329176,1.0040057,0.0,0.0,1.0,0.35740914940834045,1.3025954,-0.75952876,0.99852973,0.8,0.0,1.0,0.9107624292373657,-0.6361046,1.3222045,1.0011871,4.898587e-17,0.8,1.0,0.8229993581771851,-0.75703865,-0.085627906,0.99734056,-0.8,9.797174e-17,1.0,0.09583783149719238,-0.2930333,-0.81808496,0.99678695,-1.4695762e-16,-0.8,1.0,0.2936084270477295
2826,-0.008725319989025593,0,0.5003612637519836,inf,0.13109717,0.33596396,1.004009,0.0,0.0,1.0,0.360658198595047,1.3056821,-0.766832,0.99853474,0.8,0.0,1.0,0.9185574650764465,-0.6413556,1.32709,1.0011871,4.898587e-17,0.8,1.0,0.830157995223999,-0.75728726,-0.08643026,0.9973403,-0.8,9.797174e-17,1.0,0.09644502401351929,-0.29538935,-0.8185326,0.99678737,-1.4695762e-16,-0.8,1.0,0.2959875762462616
2827,-0.00878495629876852,0,0.5046159029006958,inf,0.13223201,0.3390247,1.0040126,0.0,0.0,1.0,0.3639219105243683,1.3087645,-0.7741695,0.9985398,0.8,0.0,1.0,0.9263810515403748,-0.64662415,1.3319983,1.0011874,4.898587e-17,0.8,1.0,0.8373448848724365,-0.7575412,-0.08723736,0.99733996,-0.8,9.797174e-17,1.0,0.09705764055252075,-0.29775232,-0.8189842,0.9967876,-1.4695762e-16,-0.8,1.0,0.298374205827713
2828,-0.008846286684274673,0,0.5088874697685242,inf,0.13337037,0.3420997,1.0040158,0.0,0.0,1.0,0.36720019578933716,1.3118426,-0.78154117,0.9985449,0.8,0.0,1.0,0.9342331290245056,-0.6519102,1.3369292,1.0011873,4.898587e-17,0.8,1.0,0.8445597887039185,-0.7578004,-0.088049166,0.99733984,-0.8,9.797174e-17,1.0,0.09767568111419678,-0.30012223,-0.8194399,0.99678797,-1.4695762e-16,-0.8,1.0,0.30076831579208374
2829,-0.008907021023333073,0,0.5131757855415344,inf,0.13451217,0.345189,1.0040188,0.0,0.0,1.0,0.370493084192276,1.3149161,-0.788947,0.9985501,0.8,0.0,1.0,0.9421136379241943,-0.6572138,1.3418828,1.0011876,4.898587e-17,0.8,1.0,0.8518030643463135,-0.7580649,-0.088865735,0.9973395,-0.8,9.797174e-17,1.0,0.09829927980899811,-0.30249903,-0.81989956,0.9967883,-1.4695762e-16,-0.8,1.0,0.303169846534729
2830,-0.008968535810709,0,0.5174808502197266,inf,0.1356575,0.3482926,1.0040219,0.0,0.0,1.0,0.3738005757331848,1.317985,-0.79638684,0.99855524,0.8,0.0,1.0,0.9500223994255066,-0.66253483,1.3468589,1.0011874,4.898587e-17,0.8,1.0,0.8590741753578186,-0.7583348,-0.08968703,0.99733937,-0.8,9.797174e-17,1.0,0.09892840683460236,-0.30488268,-0.8203633,0.9967888,-1.4695762e-16,-0.8,1.0,0.3055788278579712
2831,-0.009029447101056576,0,0.5218028426170349,inf,0.1368063,0.35141057,1.0040251,0.0,0.0,1.0,0.377122700214386,1.3210495,-0.80386066,0.99856037,0.8,0.0,1.0,0.9579595923423767,-0.66787344,1.3518575,1.0011877,4.898587e-17,0.8,1.0,0.8663735389709473,-0.75860995,-0.09051309,0.9973391,-0.8,9.797174e-17,1.0,0.09956322610378265,-0.3072732,-0.82083106,0.9967892,-1.4695762e-16,-0.8,1.0,0.3079952299594879
2832,-0.009092050604522228,0,0.5261415839195251,inf,0.1379586,0.3545428,1.0040281,0.0,0.0,1.0,0.3804594576358795,1.3241088,-0.8113682,0.99856555,0.8,0.0,1.0,0.9659246802330017,-0.6732294,1.3568789,1.0011874,4.898587e-17,0.8,1.0,0.8737009763717651,-0.75889045,-0.09134389,0.99733907,-0.8,9.797174e-17,1.0,0.10020370781421661,-0.30967057,-0.8213028,0.9967897,-1.4695762e-16,-0.8,1.0,0.3104190230369568
2833,-0.009154058992862701,0,0.5304970145225525,inf,0.13911438,0.3576893,1.0040307,0.0,0.0,1.0,0.38381075859069824,1.3271633,-0.8189095,0.9985709,0.8,0.0,1.0,0.9739178419113159,-0.6786028,1.3619227,1.0011876,4.898587e-17,0.8,1.0,0.8810563683509827,-0.7591762,-0.09217946,0.99733883,-0.8,9.797174e-17,1.0,0.10084997862577438,-0.31207472,-0.8217786,0.9967902,-1.4695762e-16,-0.8,1.0,0.3128501772880554
2834,-0.009216508828103542,0,0.5348692536354065,inf,0.14027366,0.3608501,1.0040334,0.0,0.0,1.0,0.38717666268348694,1.3302127,-0.82648456,0.99857616,0.8,0.0,1.0,0.9819390177726746,-0.68399364,1.3669893,1.0011874,4.898587e-17,0.8,1.0,0.888439953327179,-0.7594673,-0.09301978,0.9973388,-0.8,9.797174e-17,1.0,0.10150203108787537,-0.3144857,-0.8222584,0.9967908,-1.4695762e-16,-0.8,1.0,0.3152887225151062
2835,-0.009278811514377594,0,0.5392583012580872,inf,0.14143643,0.36402526,1.0040364,0.0,0.0,1.0,0.3905572295188904,1.333257,-0.8340931,0.9985814,0.8,0.0,1.0,0.9899880290031433,-0.6894018,1.3720783,1.0011874,4.898587e-17,0.8,1.0,0.8958514332771301,-0.75976366,-0.0938649,0.99733865,-0.8,9.797174e-17,1.0,0.1021600067615509,-0.3169034,-0.8227423,0.99679136,-1.4695762e-16,-0.8,1.0,0.31773459911346436
2836,-0.009342352859675884,0,0.5436639785766602,inf,0.14260271,0.36721468,1.004039,0.0,0.0,1.0,0.3939523696899414,1.336296,-0.84173506,0.9985868,0.8,0.0,1.0,0.9980647563934326,-0.6948272,1.3771899,1.0011874,4.898587e-17,0.8,1.0,0.903290867805481,-0.7600653,-0.094714776,0.99733853,-0.8,9.797174e-17,1.0,0.1028238907456398,-0.31932792,-0.8232301,0.99679196,-1.4695762e-16,-0.8,1.0,0.32018783688545227
2837,-0.009405754506587982,0,0.5480862855911255,inf,0.14377245,0.37041837,1.0040413,0.0,0.0,1.0,0.39736208319664,1.3393295,-0.8494104,0.99859226,0.8,0.0,1.0,1.006169080734253,-0.7002698,1.3823241,1.0011872,4.898587e-17,0.8,1.0,0.9107582569122314,-0.76037234,-0.09556946,0.99733853,-0.8,9.797174e-17,1.0,0.10349375754594803,-0.32175913,-0.823722,0.9967926,-1.4695762e-16,-0.8,1.0,0.3226483464241028
2838,-0.009469482116401196,0,0.5525254011154175,inf,0.14494571,0.37363636,1.0040436,0.0,0.0,1.0,0.4007863998413086,1.3423574,-0.8571191,0.9985977,0.8,0.0,1.0,1.014301061630249,-0.70572966,1.387481,1.0011872,4.898587e-17,0.8,1.0,0.9182536005973816,-0.76068455,-0.09642891,0.9973384,-0.8,9.797174e-17,1.0,0.10416968911886215,-0.32419708,-0.8242179,0.9967934,-1.4695762e-16,-0.8,1.0,0.32511618733406067
2839,-0.009533037431538105,0,0.556981086730957,inf,0.14612247,0.3768687,1.0040463,0.0,0.0,1.0,0.4042253792285919,1.3453797,-0.8648609,0.998603,0.8,0.0,1.0,1.0224604606628418,-0.71120656,1.3926604,1.0011871,4.898587e-17,0.8,1.0,0.9257767200469971,-0.7610021,-0.09729318,0.9973385,-0.8,9.797174e-17,1.0,0.10485171526670456,-0.32664168,-0.8247178,0.99679404,-1.4695762e-16,-0.8,1.0,0.32759127020835876
2840,-0.009597796015441418,0,0.5614534020423889,inf,0.14730272,0.38011524,1.0040486,0.0,0.0,1.0,0.40767890214920044,1.3483963,-0.8726357,0.9986085,0.8,0.0,1.0,1.0306471586227417,-0.7167005,1.3978623,1.0011871,4.898587e-17,0.8,1.0,0.9333275556564331,-0.761325,-0.09816223,0.9973384,-0.8,9.797174e-17,1.0,0.10553986579179764,-0.329093,-0.8252218,0.9967948,-1.4695762e-16,-0.8,1.0,0.33007365465164185
2841,-0.009662379510700703,0,0.5659424066543579,inf,0.14848645,0.38337612,1.0040505,0.0,0.0,1.0,0.41114702820777893,1.351407,-0.8804435,0.9986141,0.8,0.0,1.0,1.0388611555099487,-0.7222114,1.4030868,1.0011868,4.898587e-17,0.8,1.0,0.9409061670303345,-0.7616531,-0.099036105,0.9973385,-0.8,9.797174e-17,1.0,0.10623425990343094,-0.33155093,-0.8257297,0.9967956,-1.4695762e-16,-0.8,1.0,0.33256322145462036
2842,-0.009727252647280693,0,0.5704478621482849,inf,0.1496737,0.38665122,1.0040525,0.0,0.0,1.0,0.4146296977996826,1.3544117,-0.88828427,0.9986197,0.8,0.0,1.0,1.0471022129058838,-0.72773933,1.4083339,1.0011868,4.898587e-17,0.8,1.0,0.9485125541687012,-0.7619865,-0.09991477,0.99733835,-0.8,9.797174e-17,1.0,0.10693489760160446,-0.33401552,-0.82624173,0.9967964,-1.4695762e-16,-0.8,1.0,0.3350600600242615
2843,-0.00979194138199091,0,0.5749700665473938,inf,0.15086445,0.38994068,1.0040548,0.0,0.0,1.0,0.4181270897388458,1.3574103,-0.89615774,0.9986251,0.8,0.0,1.0,1.0553704500198364,-0.7332841,1.4136035,1.0011867,4.898587e-17,0.8,1.0,0.9561465978622437,-0.7623252,-0.10079829,0.99733853,-0.8,9.797174e-17,1.0,0.10764184594154358,-0.3364867,-0.8267577,0.99679726,-1.4695762e-16,-0.8,1.0,0.3375641107559204
2844,-0.009857832454144955,0,0.5795086622238159,inf,0.1520587,0.3932444,1.0040567,0.0,0.0,1.0,0.42163899540901184,1.3604027,-0.9040639,0.99863076,0.8,0.0,1.0,1.0636656284332275,-0.7388457,1.4188958,1.0011867,4.898587e-17,0.8,1.0,0.9638082981109619,-0.76266915,-0.10168659,0.99733853,-0.8,9.797174e-17,1.0,0.10835515707731247,-0.3389645,-0.8272777,0.9967981,-1.4695762e-16,-0.8,1.0,0.34007537364959717
2845,-0.009923546575009823,0,0.5840638279914856,inf,0.15325643,0.39656237,1.0040584,0.0,0.0,1.0,0.4251655042171478,1.3633888,-0.91200256,0.9986364,0.8,0.0,1.0,1.0719876289367676,-0.74442405,1.4242105,1.0011865,4.898587e-17,0.8,1.0,0.9714974761009216,-0.76301837,-0.10257976,0.99733865,-0.8,9.797174e-17,1.0,0.10907489061355591,-0.34144884,-0.82780176,0.996799,-1.4695762e-16,-0.8,1.0,0.3425937592983246
2846,-0.009989549405872822,0,0.5886355638504028,inf,0.15445767,0.3998946,1.0040599,0.0,0.0,1.0,0.4287065863609314,1.3663683,-0.9199738,0.9986421,0.8,0.0,1.0,1.080336332321167,-0.7500192,1.4295479,1.0011865,4.898587e-17,0.8,1.0,0.9792143702507019,-0.7633729,-0.10347773,0.99733865,-0.8,9.797174e-17,1.0,0.1098010390996933,-0.34393975,-0.8283298,0.9968,-1.4695762e-16,-0.8,1.0,0.3451193571090698
2847,-0.010055366903543472,0,0.5932236909866333,inf,0.15566242,0.40324116,1.0040618,0.0,0.0,1.0,0.4322623312473297,1.3693415,-0.9279774,0.99864763,0.8,0.0,1.0,1.0887118577957153,-0.7556309,1.4349078,1.0011864,4.898587e-17,0.8,1.0,0.9869586229324341,-0.7637327,-0.10438058,0.9973389,-0.8,9.797174e-17,1.0,0.11053373664617538,-0.34643716,-0.8288619,0.9968009,-1.4695762e-16,-0.8,1.0,0.34765204787254333
2848,-0.010122384876012802,0,0.5978283882141113,inf,0.15687068,0.40660194,1.0040634,0.0,0.0,1.0,0.43583258986473083,1.3723079,-0.9360132,0.9986534,0.8,0.0,1.0,1.097113847732544,-0.7612593,1.4402902,1.0011864,4.898587e-17,0.8,1.0,0.9947304725646973,-0.7640977,-0.105288245,0.99733895,-0.8,9.797174e-17,1.0,0.11127296090126038,-0.34894112,-0.829398,0.9968019,-1.4695762e-16,-0.8,1.0,0.3501919209957123
2849,-0.010189223103225231,0,0.6024494171142578,inf,0.15808241,0.40997702,1.0040647,0.0,0.0,1.0,0.4394174814224243,1.3752675,-0.9440812,0.99865925,0.8,0.0,1.0,1.1055423021316528,-0.7669042,1.4456952,1.0011861,4.898587e-17,0.8,1.0,1.0025296211242676,-0.764468,-0.106200784,0.99733907,-0.8,9.797174e-17,1.0,0.11201879382133484,-0.35145152,-0.82993805,0.9968029,-1.4695762e-16,-0.8,1.0,0.3527388274669647
2850,-0.010256350971758366,0,0.6070868968963623,inf,0.15929767,0.41336632,1.0040659,0.0,0.0,1.0,0.443016916513443,1.3782202,-0.95218134,0.99866503,0.8,0.0,1.0,1.113997220993042,-0.7725656,1.4511226,1.0011861,4.898587e-17,0.8,1.0,1.0103561878204346,-0.7648436,-0.10711816,0.9973391,-0.8,9.797174e-17,1.0,0.11277125030755997,-0.3539684,-0.8304821,0.99680406,-1.4695762e-16,-0.8,1.0,0.3552928566932678
2851,-0.010323289781808853,0,0.6117407083511353,inf,0.16051643,0.41676995,1.0040674,0.0,0.0,1.0,0.4466310143470764,1.381166,-0.9603134,0.9986707,0.8,0.0,1.0,1.1224782466888428,-0.7782435,1.4565727,1.001186,4.898587e-17,0.8,1.0,1.0182101726531982,-0.7652244,-0.10804043,0.9973394,-0.8,9.797174e-17,1.0,0.11353041976690292,-0.35649174,-0.8310303,0.9968051,-1.4695762e-16,-0.8,1.0,0.3578539788722992
2852,-0.01039142720401287,0,0.6164109706878662,inf,0.1617387,0.4201878,1.0040686,0.0,0.0,1.0,0.45025965571403503,1.3841046,-0.96847725,0.9986766,0.8,0.0,1.0,1.1309854984283447,-0.78393775,1.4620452,1.001186,4.898587e-17,0.8,1.0,1.026091456413269,-0.76561046,-0.108967535,0.99733955,-0.8,9.797174e-17,1.0,0.11429629474878311,-0.35902154,-0.8315824,0.9968062,-1.4695762e-16,-0.8,1.0,0.36042216420173645
2853,-0.010459383949637413,0,0.6210975050926208,inf,0.16296445,0.4236199,1.0040696,0.0,0.0,1.0,0.45390284061431885,1.387036,-0.9766729,0.9986825,0.8,0.0,1.0,1.1395187377929688,-0.7896483,1.4675403,1.0011859,4.898587e-17,0.8,1.0,1.0339999198913574,-0.7660018,-0.10989955,0.9973397,-0.8,9.797174e-17,1.0,0.1150689572095871,-0.3615577,-0.8321386,0.9968074,-1.4695762e-16,-0.8,1.0,0.3629973232746124
2854,-0.010527626611292362,0,0.6258004903793335,inf,0.16419373,0.42706624,1.0040703,0.0,0.0,1.0,0.45756062865257263,1.38996,-0.98490024,0.99868846,0.8,0.0,1.0,1.1480779647827148,-0.79537517,1.4730579,1.0011859,4.898587e-17,0.8,1.0,1.041935682296753,-0.7663984,-0.11083641,0.9973398,-0.8,9.797174e-17,1.0,0.11584842205047607,-0.36410028,-0.8326987,0.9968086,-1.4695762e-16,-0.8,1.0,0.3655795454978943
2855,-0.010595681145787239,0,0.630519688129425,inf,0.16542651,0.4305269,1.0040715,0.0,0.0,1.0,0.4612330496311188,1.3928769,-0.9931591,0.9986942,0.8,0.0,1.0,1.156663179397583,-0.80111825,1.478598,1.0011858,4.898587e-17,0.8,1.0,1.049898624420166,-0.7668002,-0.11177819,0.99734014,-0.8,9.797174e-17,1.0,0.11663474887609482,-0.3666492,-0.8332629,0.9968098,-1.4695762e-16,-0.8,1.0,0.36816877126693726
2856,-0.010664931498467922,0,0.6352551579475403,inf,0.1666628,0.43400177,1.0040723,0.0,0.0,1.0,0.4649200141429901,1.395786,-1.0014495,0.9987002,0.8,0.0,1.0,1.1652740240097046,-0.8068775,1.4841607,1.0011858,4.898587e-17,0.8,1.0,1.0578886270523071,-0.76720726,-0.11272484,0.9973403,-0.8,9.797174e-17,1.0,0.11742797493934631,-0.3692045,-0.8338311,0.99681103,-1.4695762e-16,-0.8,1.0,0.37076497077941895
2857,-0.010734000243246555,0,0.6400068402290344,inf,0.16790257,0.4374909,1.0040729,0.0,0.0,1.0,0.46862155199050903,1.3986875,-1.0097711,0.9987062,0.8,0.0,1.0,1.1739106178283691,-0.8126528,1.4897457,1.0011857,4.898587e-17,0.8,1.0,1.0659058094024658,-0.7676196,-0.11367641,0.99734056,-0.8,9.797174e-17,1.0,0.11822811514139175,-0.3717661,-0.8344033,0.99681234,-1.4695762e-16,-0.8,1.0,0.37336814403533936
2858,-0.010803180746734142,0,0.6447747945785522,inf,0.16914588,0.44099423,1.0040734,0.0,0.0,1.0,0.47233760356903076,1.4015812,-1.018124,0.9987123,0.8,0.0,1.0,1.182572603225708,-0.81844425,1.4953533,1.0011857,4.898587e-17,0.8,1.0,1.0739500522613525,-0.76803714,-0.11463285,0.9973407,-0.8,9.797174e-17,1.0,0.11903523653745651,-0.374334,-0.8349795,0.9968137,-1.4695762e-16,-0.8,1.0,0.3759782612323761
2859,-0.010872170329093933,0,0.6495589017868042,inf,0.17039269,0.4445119,1.0040741,0.0,0.0,1.0,0.476068377494812,1.4044671,-1.026508,0.99871814,0.8,0.0,1.0,1.1912600994110107,-0.8242517,1.5009835,1.0011857,4.898587e-17,0.8,1.0,1.0820213556289673,-0.7684599,-0.11559423,0.9973411,-0.8,9.797174e-17,1.0,0.11984937638044357,-0.37690818,-0.83555967,0.996815,-1.4695762e-16,-0.8,1.0,0.3785952925682068
2860,-0.01094235572963953,0,0.6543591618537903,inf,0.17164302,0.44804376,1.0040746,0.0,0.0,1.0,0.4798136353492737,1.4073452,-1.034923,0.9987243,0.8,0.0,1.0,1.1999731063842773,-0.8300751,1.506636,1.0011858,4.898587e-17,0.8,1.0,1.090119481086731,-0.76888794,-0.116560504,0.9973414,-0.8,9.797174e-17,1.0,0.12067054212093353,-0.37948862,-0.8361437,0.99681646,-1.4695762e-16,-0.8,1.0,0.3812192678451538
2861,-0.01101235393434763,0,0.6591756343841553,inf,0.17289682,0.45158985,1.0040747,0.0,0.0,1.0,0.48357346653938293,1.410215,-1.0433689,0.9987304,0.8,0.0,1.0,1.2087112665176392,-0.8359143,1.5123112,1.0011857,4.898587e-17,0.8,1.0,1.0982446670532227,-0.76932114,-0.11753172,0.9973417,-0.8,9.797174e-17,1.0,0.12149882316589355,-0.38207525,-0.83673155,0.99681795,-1.4695762e-16,-0.8,1.0,0.38385000824928284
2862,-0.011082635261118412,0,0.6640081405639648,inf,0.17415416,0.45515016,1.0040746,0.0,0.0,1.0,0.48734787106513977,1.4130766,-1.0518458,0.9987366,0.8,0.0,1.0,1.2174744606018066,-0.8417694,1.5180087,1.0011858,4.898587e-17,0.8,1.0,1.1063966751098633,-0.7697596,-0.11850783,0.997342,-0.8,9.797174e-17,1.0,0.12233418971300125,-0.38466808,-0.83732325,0.99681956,-1.4695762e-16,-0.8,1.0,0.38648760318756104
2863,-0.0111527219414711,0,0.6688567996025085,inf,0.17541501,0.45872474,1.004075,0.0,0.0,1.0,0.4911368489265442,1.4159302,-1.0603532,0.99874264,0.8,0.0,1.0,1.2262626886367798,-0.8476403,1.5237288,1.0011859,4.898587e-17,0.8,1.0,1.1145756244659424,-0.7702033,-0.11948891,0.9973425,-0.8,9.797174e-17,1.0,0.12317673116922379,-0.38726702,-0.83791864,0.99682105,-1.4695762e-16,-0.8,1.0,0.38913196325302124
2864,-0.01122400350868702,0,0.673721432685852,inf,0.17667937,0.46231353,1.0040749,0.0,0.0,1.0,0.4949404001235962,1.4187753,-1.0688912,0.99874884,0.8,0.0,1.0,1.2350760698318481,-0.8535269,1.5294714,1.0011861,4.898587e-17,0.8,1.0,1.1227813959121704,-0.77065223,-0.12047489,0.99734294,-0.8,9.797174e-17,1.0,0.12402641773223877,-0.38987213,-0.83851767,0.99682266,-1.4695762e-16,-0.8,1.0,0.39178305864334106
2865,-0.011295097880065441,0,0.6786021590232849,inf,0.17794722,0.46591657,1.0040747,0.0,0.0,1.0,0.4987585246562958,1.4216119,-1.0774597,0.99875516,0.8,0.0,1.0,1.2439141273498535,-0.8594291,1.5352364,1.0011861,4.898587e-17,0.8,1.0,1.1310138702392578,-0.77110636,-0.12146584,0.9973434,-0.8,9.797174e-17,1.0,0.12488334625959396,-0.39248326,-0.8391203,0.9968244,-1.4695762e-16,-0.8,1.0,0.3944408595561981
2866,-0.011366472579538822,0,0.683498740196228,inf,0.1792186,0.4695338,1.0040742,0.0,0.0,1.0,0.5025911927223206,1.4244398,-1.0860586,0.9987614,0.8,0.0,1.0,1.252776861190796,-0.865347,1.5410237,1.0011863,4.898587e-17,0.8,1.0,1.1392730474472046,-0.7715657,-0.122461714,0.99734384,-0.8,9.797174e-17,1.0,0.12574751675128937,-0.3951005,-0.8397265,0.9968262,-1.4695762e-16,-0.8,1.0,0.3971053957939148
2867,-0.011437653563916683,0,0.6884114146232605,inf,0.18049349,0.4731653,1.0040742,0.0,0.0,1.0,0.5064384341239929,1.4272592,-1.0946878,0.99876755,0.8,0.0,1.0,1.2616643905639648,-0.8712805,1.5468338,1.0011865,4.898587e-17,0.8,1.0,1.1475590467453003,-0.77203023,-0.123462565,0.99734455,-0.8,9.797174e-17,1.0,0.12661898136138916,-0.39772373,-0.8403362,0.99682784,-1.4695762e-16,-0.8,1.0,0.39977648854255676
2868,-0.011510017327964306,0,0.693340003490448,inf,0.18177189,0.476811,1.0040737,0.0,0.0,1.0,0.5103002786636353,1.4300698,-1.1033472,0.9987739,0.8,0.0,1.0,1.2705764770507812,-0.87722945,1.5526661,1.0011867,4.898587e-17,0.8,1.0,1.1558715105056763,-0.7725,-0.12446836,0.9973451,-0.8,9.797174e-17,1.0,0.12749773263931274,-0.40035295,-0.8409493,0.9968296,-1.4695762e-16,-0.8,1.0,0.4024542272090912
2869,-0.011582366190850735,0,0.6982845067977905,inf,0.18305379,0.48047093,1.004073,0.0,0.0,1.0,0.514176607131958,1.4328715,-1.1120365,0.99878025,0.8,0.0,1.0,1.2795127630233765,-0.8831938,1.5585209,1.0011868,4.898587e-17,0.8,1.0,1.1642106771469116,-0.7729749,-0.12547913,0.99734575,-0.8,9.797174e-17,1.0,0.1283838450908661,-0.4029881,-0.8415658,0.99683154,-1.4695762e-16,-0.8,1.0,0.40513846278190613
2870,-0.011654967442154884,0,0.7032448053359985,inf,0.18433921,0.48414502,1.004072,0.0,0.0,1.0,0.518067479133606,1.435664,-1.1207558,0.9987866,0.8,0.0,1.0,1.28847336769104,-0.8891736,1.564398,1.0011871,4.898587e-17,0.8,1.0,1.1725764274597168,-0.7734551,-0.12649484,0.9973462,-0.8,9.797174e-17,1.0,0.129277303814888,-0.40562922,-0.84218556,0.9968336,-1.4695762e-16,-0.8,1.0,0.40782925486564636
2871,-0.011727358214557171,0,0.7082209587097168,inf,0.18562815,0.48783338,1.0040712,0.0,0.0,1.0,0.5219729542732239,1.4384476,-1.1295052,0.99879295,0.8,0.0,1.0,1.297458529472351,-0.8951687,1.5702977,1.0011873,4.898587e-17,0.8,1.0,1.1809686422348022,-0.77394044,-0.12751557,0.997347,-0.8,9.797174e-17,1.0,0.13017818331718445,-0.4082762,-0.8428086,0.99683553,-1.4695762e-16,-0.8,1.0,0.4105265438556671
2872,-0.011800915002822876,0,0.7132128477096558,inf,0.18692061,0.49153593,1.0040703,0.0,0.0,1.0,0.5258930325508118,1.4412217,-1.1382842,0.9987994,0.8,0.0,1.0,1.3064676523208618,-0.90117913,1.5762198,1.0011876,4.898587e-17,0.8,1.0,1.1893874406814575,-0.774431,-0.12854123,0.9973478,-0.8,9.797174e-17,1.0,0.13108645379543304,-0.41092905,-0.8434349,0.99683756,-1.4695762e-16,-0.8,1.0,0.413230299949646
2873,-0.011874256655573845,0,0.7182207107543945,inf,0.18821655,0.49525267,1.0040691,0.0,0.0,1.0,0.5298275947570801,1.4439863,-1.147093,0.9988058,0.8,0.0,1.0,1.3155007362365723,-0.90720475,1.5821643,1.0011877,4.898587e-17,0.8,1.0,1.1978325843811035,-0.7749267,-0.12957191,0.9973484,-0.8,9.797174e-17,1.0,0.13200220465660095,-0.41358772,-0.84406424,0.9968397,-1.4695762e-16,-0.8,1.0,0.41594040393829346
2874,-0.011947855353355408,0,0.723244309425354,inf,0.18951604,0.49898362,1.0040678,0.0,0.0,1.0,0.5337766408920288,1.4467413,-1.1559317,0.9988124,0.8,0.0,1.0,1.3245580196380615,-0.91324556,1.5881313,1.0011882,4.898587e-17,0.8,1.0,1.2063041925430298,-0.77542764,-0.13060756,0.997349,-0.8,9.797174e-17,1.0,0.13292540609836578,-0.4162522,-0.8446967,0.99684197,-1.4695762e-16,-0.8,1.0,0.41865697503089905
2875,-0.012021241709589958,0,0.7282835245132446,inf,0.19081903,0.5027288,1.0040668,0.0,0.0,1.0,0.5377403497695923,1.4494866,-1.1648,0.99881876,0.8,0.0,1.0,1.333639144897461,-0.91930145,1.5941206,1.0011885,4.898587e-17,0.8,1.0,1.2148021459579468,-0.77593374,-0.13164823,0.9973499,-0.8,9.797174e-17,1.0,0.1338561326265335,-0.41892242,-0.8453322,0.99684405,-1.4695762e-16,-0.8,1.0,0.42137983441352844
2876,-0.012095794081687927,0,0.733338475227356,inf,0.19212554,0.5064882,1.0040656,0.0,0.0,1.0,0.541718602180481,1.452222,-1.173698,0.99882525,0.8,0.0,1.0,1.3427441120147705,-0.9253725,1.6001323,1.0011889,4.898587e-17,0.8,1.0,1.223326325416565,-0.77644503,-0.13269387,0.99735075,-0.8,9.797174e-17,1.0,0.13479435443878174,-0.4215984,-0.8459707,0.9968463,-1.4695762e-16,-0.8,1.0,0.42410901188850403
2877,-0.012170125730335712,0,0.7384091019630432,inf,0.19343556,0.5102618,1.0040642,0.0,0.0,1.0,0.5457113981246948,1.4549472,-1.1826253,0.99883175,0.8,0.0,1.0,1.3518726825714111,-0.9314584,1.6061665,1.0011892,4.898587e-17,0.8,1.0,1.2318768501281738,-0.7769615,-0.13374455,0.9973516,-0.8,9.797174e-17,1.0,0.13574016094207764,-0.42428005,-0.8466121,0.9968487,-1.4695762e-16,-0.8,1.0,0.42684444785118103
2878,-0.012244711630046368,0,0.7434954047203064,inf,0.1947491,0.51404953,1.0040624,0.0,0.0,1.0,0.5497186779975891,1.4576622,-1.1915822,0.99883837,0.8,0.0,1.0,1.3610249757766724,-0.93755937,1.6122229,1.0011897,4.898587e-17,0.8,1.0,1.2404536008834839,-0.77748317,-0.13480021,0.99735224,-0.8,9.797174e-17,1.0,0.13669350743293762,-0.42696738,-0.8472563,0.9968512,-1.4695762e-16,-0.8,1.0,0.42958611249923706
2879,-0.01231954712420702,0,0.7485973238945007,inf,0.19606616,0.51785153,1.0040613,0.0,0.0,1.0,0.5537405610084534,1.460367,-1.2005686,0.9988448,0.8,0.0,1.0,1.3702009916305542,-0.9436752,1.6183019,1.0011902,4.898587e-17,0.8,1.0,1.2490565776824951,-0.77801,-0.13586092,0.99735326,-0.8,9.797174e-17,1.0,0.13765446841716766,-0.42966035,-0.8479033,0.99685353,-1.4695762e-16,-0.8,1.0,0.43233391642570496
2880,-0.012395085766911507,0,0.7537147998809814,inf,0.19738674,0.5216677,1.0040599,0.0,0.0,1.0,0.5577770471572876,1.4630612,-1.2095841,0.9988513,0.8,0.0,1.0,1.379400372505188,-0.9498059,1.6244031,1.0011908,4.898587e-17,0.8,1.0,1.257685661315918,-0.778542,-0.13692662,0.99735415,-0.8,9.797174e-17,1.0,0.13862302899360657,-0.43235895,-0.84855324,0.99685603,-1.4695762e-16,-0.8,1.0,0.43508800864219666
2881,-0.012471135705709457,0,0.7588478326797485,inf,0.19871083,0.5254981,1.0040581,0.0,0.0,1.0,0.5618280172348022,1.4657447,-1.2186289,0.99885786,0.8,0.0,1.0,1.3886229991912842,-0.95595133,1.6305268,1.0011913,4.898587e-17,0.8,1.0,1.2663408517837524,-0.77907914,-0.13799737,0.99735504,-0.8,9.797174e-17,1.0,0.1395992636680603,-0.43506315,-0.84920603,0.99685866,-1.4695762e-16,-0.8,1.0,0.43784818053245544
2882,-0.012546982616186142,0,0.7639964818954468,inf,0.20003842,0.5293428,1.0040562,0.0,0.0,1.0,0.5658935904502869,1.4684174,-1.2277031,0.9988645,0.8,0.0,1.0,1.3978691101074219,-0.96211153,1.6366727,1.0011919,4.898587e-17,0.8,1.0,1.275022029876709,-0.7796214,-0.13907312,0.9973558,-0.8,9.797174e-17,1.0,0.1405831128358841,-0.43777296,-0.8498616,0.9968614,-1.4695762e-16,-0.8,1.0,0.4406145513057709
2883,-0.012622618116438389,0,0.7691606879234314,inf,0.2013695,0.5332018,1.0040548,0.0,0.0,1.0,0.5699739456176758,1.4710793,-1.2368063,0.99887097,0.8,0.0,1.0,1.407138466835022,-0.9682864,1.6428411,1.0011925,4.898587e-17,0.8,1.0,1.2837294340133667,-0.7801689,-0.14015394,0.9973569,-0.8,9.797174e-17,1.0,0.1415746659040451,-0.4404883,-0.85052013,0.99686396,-1.4695762e-16,-0.8,1.0,0.44338706135749817
2884,-0.012699414975941181,0,0.7743403315544128,inf,0.20270409,0.5370752,1.0040531,0.0,0.0,1.0,0.5740689635276794,1.4737301,-1.2459384,0.9988775,0.8,0.0,1.0,1.4164307117462158,-0.9744759,1.6490319,1.0011932,4.898587e-17,0.8,1.0,1.292462706565857,-0.7807215,-0.14123979,0.9973579,-0.8,9.797174e-17,1.0,0.14257392287254333,-0.44320923,-0.85118157,0.99686664,-1.4695762e-16,-0.8,1.0,0.44616565108299255
2885,-0.012776268646121025,0,0.7795355916023254,inf,0.20404215,0.54096293,1.0040511,0.0,0.0,1.0,0.5781785845756531,1.4763695,-1.2550995,0.9988841,0.8,0.0,1.0,1.4257460832595825,-0.9806799,1.6552448,1.0011938,4.898587e-17,0.8,1.0,1.3012218475341797,-0.78127927,-0.1423307,0.99735886,-0.8,9.797174e-17,1.0,0.14358088374137878,-0.44593573,-0.85184604,0.9968695,-1.4695762e-16,-0.8,1.0,0.4489504396915436
2886,-0.012852797284722328,0,0.7847462296485901,inf,0.20538372,0.544865,1.004049,0.0,0.0,1.0,0.582302987575531,1.4789976,-1.2642897,0.99889064,0.8,0.0,1.0,1.4350844621658325,-0.9868985,1.6614802,1.0011946,4.898587e-17,0.8,1.0,1.310006856918335,-0.7818422,-0.14342664,0.99735963,-0.8,9.797174e-17,1.0,0.14459557831287384,-0.44866773,-0.85251343,0.99687237,-1.4695762e-16,-0.8,1.0,0.4517412483692169
2887,-0.012929658405482769,0,0.7899723649024963,inf,0.20672877,0.5487816,1.0040473,0.0,0.0,1.0,0.5864421725273132,1.4816142,-1.2735087,0.9988972,0.8,0.0,1.0,1.4444457292556763,-0.9931315,1.667738,1.0011955,4.898587e-17,0.8,1.0,1.3188179731369019,-0.7824102,-0.14452766,0.99736077,-0.8,9.797174e-17,1.0,0.1456180363893509,-0.45140526,-0.8531838,0.99687517,-1.4695762e-16,-0.8,1.0,0.4545381963253021
2888,-0.013007218018174171,0,0.7952139377593994,inf,0.20807733,0.5527125,1.0040454,0.0,0.0,1.0,0.5905960202217102,1.4842192,-1.2827563,0.9989037,0.8,0.0,1.0,1.4538297653198242,-0.9993789,1.674018,1.0011964,4.898587e-17,0.8,1.0,1.3276547193527222,-0.7829834,-0.14563373,0.9973618,-0.8,9.797174e-17,1.0,0.14664824306964874,-0.45414826,-0.85385716,0.996878,-1.4695762e-16,-0.8,1.0,0.45734119415283203
2889,-0.013085021637380123,0,0.8004710078239441,inf,0.20942932,0.5566578,1.0040431,0.0,0.0,1.0,0.5947645902633667,1.4868124,-1.2920327,0.99891025,0.8,0.0,1.0,1.4632364511489868,-1.0056406,1.6803204,1.0011972,4.898587e-17,0.8,1.0,1.336517333984375,-0.78356177,-0.14674489,0.9973628,-0.8,9.797174e-17,1.0,0.14768627285957336,-0.45689675,-0.85453343,0.99688107,-1.4695762e-16,-0.8,1.0,0.46015027165412903
2890,-0.013162615709006786,0,0.805743396282196,inf,0.21078484,0.56061757,1.0040407,0.0,0.0,1.0,0.5989479422569275,1.4893935,-1.3013378,0.99891686,0.8,0.0,1.0,1.4726659059524536,-1.0119168,1.686645,1.0011982,4.898587e-17,0.8,1.0,1.3454055786132812,-0.78414524,-0.14786111,0.9973636,-0.8,9.797174e-17,1.0,0.14873208105564117,-0.45965067,-0.8552126,0.99688417,-1.4695762e-16,-0.8,1.0,0.46296530961990356
2891,-0.013240463100373745,0,0.8110310435295105,inf,0.21214381,0.56459177,1.0040387,0.0,0.0,1.0,0.6031460165977478,1.4919627,-1.3106713,0.9989234,0.8,0.0,1.0,1.482117772102356,-1.018207,1.692992,1.0011992,4.898587e-17,0.8,1.0,1.3543195724487305,-0.7847339,-0.14898245,0.9973648,-0.8,9.797174e-17,1.0,0.14978574216365814,-0.46241,-0.85589474,0.99688715,-1.4695762e-16,-0.8,1.0,0.465786337852478
2892,-0.013319008983671665,0,0.8163341283798218,inf,0.21350628,0.56858045,1.0040367,0.0,0.0,1.0,0.607358992099762,1.4945196,-1.3200333,0.9989299,0.8,0.0,1.0,1.4915919303894043,-1.0245115,1.6993612,1.0012003,4.898587e-17,0.8,1.0,1.363259196281433,-0.7853277,-0.15010884,0.9973659,-0.8,9.797174e-17,1.0,0.15084721148014069,-0.46517473,-0.8565797,0.9968902,-1.4695762e-16,-0.8,1.0,0.4686133563518524
2893,-0.013399510644376278,0,0.8216524124145508,inf,0.21487221,0.5725835,1.004034,0.0,0.0,1.0,0.6115866303443909,1.497064,-1.3294237,0.9989365,0.8,0.0,1.0,1.5010885000228882,-1.03083,1.7057526,1.0012012,4.898587e-17,0.8,1.0,1.3722243309020996,-0.78592664,-0.15124038,0.99736696,-0.8,9.797174e-17,1.0,0.15191657841205597,-0.4679448,-0.85726756,0.9968934,-1.4695762e-16,-0.8,1.0,0.4714462459087372
2894,-0.01348605751991272,0,0.8269861340522766,inf,0.21624163,0.576601,1.0040314,0.0,0.0,1.0,0.6158290505409241,1.499596,-1.3388424,0.99894303,0.8,0.0,1.0,1.510607361793518,-1.0371627,1.7121664,1.0012023,4.898587e-17,0.8,1.0,1.381215214729309,-0.78653073,-0.152377,0.9973678,-0.8,9.797174e-17,1.0,0.15299378335475922,-0.47072026,-0.8579582,0.99689674,-1.4695762e-16,-0.8,1.0,0.4742850959300995
2895,-0.013578471727669239,0,0.8323351144790649,inf,0.21761452,0.5806331,1.0040293,0.0,0.0,1.0,0.6200863718986511,1.5021154,-1.3482894,0.9989496,0.8,0.0,1.0,1.520148515701294,-1.0435092,1.7186025,1.0012035,4.898587e-17,0.8,1.0,1.3902314901351929,-0.78714,-0.15351877,0.99736905,-0.8,9.797174e-17,1.0,0.1540789157152176,-0.473501,-0.85865164,0.99689984,-1.4695762e-16,-0.8,1.0,0.4771297574043274
2896,-0.013671623542904854,0,0.8376991152763367,inf,0.21899088,0.58467966,1.0040269,0.0,0.0,1.0,0.6243584752082825,1.504622,-1.3577645,0.998956,0.8,0.0,1.0,1.5297117233276367,-1.0498699,1.7250608,1.0012047,4.898587e-17,0.8,1.0,1.3992732763290405,-0.7877544,-0.15466565,0.9973701,-0.8,9.797174e-17,1.0,0.1551719456911087,-0.47628704,-0.85934794,0.9969031,-1.4695762e-16,-0.8,1.0,0.47998031973838806
2897,-0.013765095733106136,0,0.8430784344673157,inf,0.22037068,0.58874065,1.0040241,0.0,0.0,1.0,0.6286453604698181,1.5071156,-1.3672676,0.9989626,0.8,0.0,1.0,1.5392967462539673,-1.0562444,1.7315413,1.0012058,4.898587e-17,0.8,1.0,1.4083404541015625,-0.788374,-0.15581767,0.99737126,-0.8,9.797174e-17,1.0,0.15627290308475494,-0.47907835,-0.860047,0.9969065,-1.4695762e-16,-0.8,1.0,0.48283669352531433
2898,-0.013858403079211712,0,0.8484729528427124,inf,0.22175398,0.5928162,1.0040213,0.0,0.0,1.0,0.6329470872879028,1.5095961,-1.3767989,0.9989691,0.8,0.0,1.0,1.5489037036895752,-1.0626328,1.7380441,1.0012071,4.898587e-17,0.8,1.0,1.4174331426620483,-0.7889988,-0.15697482,0.99737215,-0.8,9.797174e-17,1.0,0.1573817878961563,-0.4818749,-0.86074877,0.99691,-1.4695762e-16,-0.8,1.0,0.4856988787651062
2899,-0.01395200565457344,0,0.8538826107978821,inf,0.22314073,0.59690624,1.0040189,0.0,0.0,1.0,0.6372637152671814,1.5120635,-1.3863579,0.9989756,0.8,0.0,1.0,1.558532476425171,-1.0690348,1.7445692,1.0012084,4.898587e-17,0.8,1.0,1.4265509843826294,-0.78962874,-0.15813717,0.9973734,-0.8,9.797174e-17,1.0,0.15849867463111877,-0.4846767,-0.8614533,0.9969133,-1.4695762e-16,-0.8,1.0,0.4885667860507965
2900,-0.014046348631381989,0,0.8593072891235352,inf,0.22453097,0.60101086,1.0040164,0.0,0.0,1.0,0.6415951251983643,1.5145175,-1.3959448,0.99898195,0.8,0.0,1.0,1.5681830644607544,-1.0754508,1.7511164,1.0012097,4.898587e-17,0.8,1.0,1.4356943368911743,-0.7902639,-0.15930466,0.9973745,-0.8,9.797174e-17,1.0,0.15962350368499756,-0.48748365,-0.8621605,0.99691665,-1.4695762e-16,-0.8,1.0,0.49144047498703003
2901,-0.014140978455543518,0,0.864747166633606,inf,0.22592463,0.60512996,1.0040133,0.0,0.0,1.0,0.6459413766860962,1.5169581,-1.4055595,0.99898845,0.8,0.0,1.0,1.5778553485870361,-1.0818802,1.7576858,1.0012109,4.898587e-17,0.8,1.0,1.444862723350525,-0.7909042,-0.16047737,0.9973756,-0.8,9.797174e-17,1.0,0.16075636446475983,-0.4902958,-0.8628704,0.9969202,-1.4695762e-16,-0.8,1.0,0.494319885969162
2902,-0.014235441572964191,0,0.8702020645141602,inf,0.22732176,0.60926366,1.0040102,0.0,0.0,1.0,0.6503025889396667,1.519385,-1.4152019,0.9989949,0.8,0.0,1.0,1.587549090385437,-1.0883235,1.7642775,1.0012124,4.898587e-17,0.8,1.0,1.4540565013885498,-0.7915498,-0.16165523,0.9973765,-0.8,9.797174e-17,1.0,0.1618971973657608,-0.4931131,-0.86358297,0.99692386,-1.4695762e-16,-0.8,1.0,0.4972049593925476
2903,-0.01433020830154419,0,0.8756720423698425,inf,0.22872235,0.6134119,1.0040077,0.0,0.0,1.0,0.6546786427497864,1.5217981,-1.4248719,0.9990013,0.8,0.0,1.0,1.5972644090652466,-1.0947802,1.7708913,1.0012138,4.898587e-17,0.8,1.0,1.46327543258667,-0.7922007,-0.16283835,0.9973778,-0.8,9.797174e-17,1.0,0.16304610669612885,-0.49593553,-0.8642982,0.9969273,-1.4695762e-16,-0.8,1.0,0.5000957250595093
2904,-0.014425714500248432,0,0.8811571002006531,inf,0.23012641,0.61757475,1.004005,0.0,0.0,1.0,0.6590696573257446,1.5241975,-1.4345694,0.99900764,0.8,0.0,1.0,1.6070009469985962,-1.1012504,1.7775273,1.0012152,4.898587e-17,0.8,1.0,1.4725193977355957,-0.79285675,-0.16402668,0.99737895,-0.8,9.797174e-17,1.0,0.16420306265354156,-0.49876305,-0.8650161,0.99693084,-1.4695762e-16,-0.8,1.0,0.5029921531677246
2905,-0.014521505683660507,0,0.8866570591926575,inf,0.23153389,0.6217521,1.0040016,0.0,0.0,1.0,0.6634753942489624,1.5265827,-1.4442942,0.999014,0.8,0.0,1.0,1.6167588233947754,-1.1077341,1.7841855,1.0012164,4.898587e-17,0.8,1.0,1.4817885160446167,-0.79351807,-0.16522025,0.9973801,-0.8,9.797174e-17,1.0,0.16536809504032135,-0.5015956,-0.8657366,0.99693453,-1.4695762e-16,-0.8,1.0,0.505894124507904
2906,-0.014617132022976875,0,0.8921718597412109,inf,0.23294485,0.6259441,1.0039984,0.0,0.0,1.0,0.6678961515426636,1.5289537,-1.4540465,0.9990204,0.8,0.0,1.0,1.6265379190444946,-1.1142312,1.7908659,1.001218,4.898587e-17,0.8,1.0,1.491082787513733,-0.7941847,-0.16641904,0.99738103,-0.8,9.797174e-17,1.0,0.1665412038564682,-0.5044333,-0.86645967,0.9969382,-1.4695762e-16,-0.8,1.0,0.5088016986846924
2907,-0.014713057316839695,0,0.8977018594741821,inf,0.23435923,0.6301507,1.0039957,0.0,0.0,1.0,0.6723318099975586,1.5313104,-1.4638261,0.9990267,0.8,0.0,1.0,1.6363381147384644,-1.1207416,1.7975684,1.0012194,4.898587e-17,0.8,1.0,1.5004019737243652,-0.7948566,-0.16762315,0.99738234,-0.8,9.797174e-17,1.0,0.16772247850894928,-0.50727594,-0.8671853,0.99694186,-1.4695762e-16,-0.8,1.0,0.5117148756980896
2908,-0.014809721149504185,0,0.9032467007637024,inf,0.23577708,0.6343719,1.0039927,0.0,0.0,1.0,0.6767824292182922,1.5336528,-1.4736327,0.99903303,0.8,0.0,1.0,1.6461594104766846,-1.1272653,1.8042932,1.001221,4.898587e-17,0.8,1.0,1.5097460746765137,-0.7955338,-0.1688325,0.9973835,-0.8,9.797174e-17,1.0,0.16891182959079742,-0.5101236,-0.8679135,0.9969455,-1.4695762e-16,-0.8,1.0,0.5146335363388062
2909,-0.014906573109328747,0,0.908806324005127,inf,0.23719834,0.6386076,1.0039892,0.0,0.0,1.0,0.681247889995575,1.5359806,-1.4834664,0.9990393,0.8,0.0,1.0,1.6560014486312866,-1.1338023,1.8110399,1.0012223,4.898587e-17,0.8,1.0,1.5191152095794678,-0.79621625,-0.17004715,0.99738467,-0.8,9.797174e-17,1.0,0.1701093465089798,-0.5129763,-0.86864424,0.9969493,-1.4695762e-16,-0.8,1.0,0.5175577402114868
2910,-0.015003255568444729,0,0.9143808484077454,inf,0.23862307,0.6428581,1.0039858,0.0,0.0,1.0,0.6857283711433411,1.5382936,-1.4933273,0.99904555,0.8,0.0,1.0,1.6658645868301392,-1.1403524,1.8178089,1.0012238,4.898587e-17,0.8,1.0,1.5285090208053589,-0.7969041,-0.17126708,0.9973856,-0.8,9.797174e-17,1.0,0.1713150143623352,-0.5158339,-0.86937743,0.99695325,-1.4695762e-16,-0.8,1.0,0.5204874277114868
2911,-0.015100241638720036,0,0.9199703335762024,inf,0.24005122,0.64712316,1.0039828,0.0,0.0,1.0,0.690223753452301,1.5405918,-1.503215,0.99905187,0.8,0.0,1.0,1.675748348236084,-1.1469156,1.8246,1.0012254,4.898587e-17,0.8,1.0,1.5379278659820557,-0.7975972,-0.17249237,0.9973869,-0.8,9.797174e-17,1.0,0.17252889275550842,-0.5186964,-0.87011313,0.996957,-1.4695762e-16,-0.8,1.0,0.5234224796295166
2912,-0.015197835862636566,0,0.9255743026733398,inf,0.24148282,0.6514029,1.0039797,0.0,0.0,1.0,0.6947340965270996,1.542875,-1.5131295,0.99905807,0.8,0.0,1.0,1.685652732849121,-1.1534916,1.8314131,1.0012269,4.898587e-17,0.8,1.0,1.5473710298538208,-0.7982957,-0.17372295,0.99738806,-0.8,9.797174e-17,1.0,0.17375095188617706,-0.5215639,-0.87085134,0.99696076,-1.4695762e-16,-0.8,1.0,0.5263630151748657
2913,-0.015295718796551228,0,0.9311932325363159,inf,0.24291784,0.6556973,1.0039762,0.0,0.0,1.0,0.6992595195770264,1.5451431,-1.5230707,0.99906427,0.8,0.0,1.0,1.695577621459961,-1.1600807,1.8382484,1.0012282,4.898587e-17,0.8,1.0,1.556839108467102,-0.79899955,-0.1749589,0.9973893,-0.8,9.797174e-17,1.0,0.1749812364578247,-0.52443624,-0.871592,0.9969647,-1.4695762e-16,-0.8,1.0,0.5293089747428894
2914,-0.015393436886370182,0,0.9368270039558411,inf,0.24435629,0.66000634,1.0039726,0.0,0.0,1.0,0.703799843788147,1.5473958,-1.5330386,0.99907047,0.8,0.0,1.0,1.7055230140686035,-1.1666824,1.8451058,1.0012299,4.898587e-17,0.8,1.0,1.5663317441940308,-0.7997087,-0.17620017,0.99739033,-0.8,9.797174e-17,1.0,0.17621973156929016,-0.5273134,-0.872335,0.9969687,-1.4695762e-16,-0.8,1.0,0.5322602391242981
2915,-0.015491444617509842,0,0.9424751996994019,inf,0.24579817,0.6643301,1.0039697,0.0,0.0,1.0,0.7083551287651062,1.5496333,-1.543033,0.99907666,0.8,0.0,1.0,1.7154887914657593,-1.1732968,1.8519852,1.0012314,4.898587e-17,0.8,1.0,1.575848937034607,-0.8004233,-0.17744686,0.9973917,-0.8,9.797174e-17,1.0,0.1774665266275406,-0.5301954,-0.8730805,0.9969725,-1.4695762e-16,-0.8,1.0,0.5352168679237366
2916,-0.015590191818773746,0,0.9481381177902222,inf,0.2472435,0.66866857,1.0039665,0.0,0.0,1.0,0.7129254937171936,1.551855,-1.5530536,0.99908286,0.8,0.0,1.0,1.72547447681427,-1.1799239,1.8588867,1.001233,4.898587e-17,0.8,1.0,1.5853904485702515,-0.8011433,-0.17869888,0.9973929,-0.8,9.797174e-17,1.0,0.1787215620279312,-0.53308225,-0.87382835,0.99697644,-1.4695762e-16,-0.8,1.0,0.5381788611412048
2917,-0.01568923518061638,0,0.9538156390190125,inf,0.24869221,0.6730216,1.0039626,0.0,0.0,1.0,0.7175107002258301,1.5540609,-1.5631005,0.99908906,0.8,0.0,1.0,1.7354801893234253,-1.1865635,1.8658103,1.0012343,4.898587e-17,0.8,1.0,1.5949562788009644,-0.8018686,-0.17995633,0.997394,-0.8,9.797174e-17,1.0,0.1799848973751068,-0.53597385,-0.8745786,0.9969805,-1.4695762e-16,-0.8,1.0,0.5411460399627686
2918,-0.015788113698363304,0,0.9595076441764832,inf,0.25014436,0.6773895,1.003959,0.0,0.0,1.0,0.7221111059188843,1.5562509,-1.5731734,0.99909514,0.8,0.0,1.0,1.745505928993225,-1.1932155,1.8727558,1.001236,4.898587e-17,0.8,1.0,1.6045465469360352,-0.8025994,-0.18121916,0.9973951,-0.8,9.797174e-17,1.0,0.1812565177679062,-0.5388703,-0.87533116,0.99698466,-1.4695762e-16,-0.8,1.0,0.5441185832023621
2919,-0.01588728092610836,0,0.9652142524719238,inf,0.25159994,0.68177205,1.0039558,0.0,0.0,1.0,0.7267264723777771,1.5584248,-1.5832723,0.9991013,0.8,0.0,1.0,1.7555512189865112,-1.1998799,1.8797234,1.0012375,4.898587e-17,0.8,1.0,1.6141610145568848,-0.8033356,-0.18248746,0.99739647,-0.8,9.797174e-17,1.0,0.1825365126132965,-0.54177135,-0.87608606,0.99698865,-1.4695762e-16,-0.8,1.0,0.5470962524414062
2920,-0.01598718762397766,0,0.9709353446960449,inf,0.25305894,0.6861694,1.0039524,0.0,0.0,1.0,0.7313568592071533,1.5605825,-1.593397,0.9991074,0.8,0.0,1.0,1.7656161785125732,-1.2065564,1.886713,1.0012391,4.898587e-17,0.8,1.0,1.6237995624542236,-0.8040772,-0.18376115,0.99739766,-0.8,9.797174e-17,1.0,0.1838247925043106,-0.5446772,-0.8768432,0.9969927,-1.4695762e-16,-0.8,1.0,0.5500792264938354
2921,-0.01608739048242569,0,0.9766707420349121,inf,0.2545213,0.6905813,1.0039485,0.0,0.0,1.0,0.7360022068023682,1.5627238,-1.6035475,0.99911356,0.8,0.0,1.0,1.775700569152832,-1.2132452,1.8937247,1.0012405,4.898587e-17,0.8,1.0,1.6334623098373413,-0.80482423,-0.18504031,0.9973988,-0.8,9.797174e-17,1.0,0.18512146174907684,-0.5475877,-0.87760276,0.99699694,-1.4695762e-16,-0.8,1.0,0.5530673265457153
2922,-0.016187429428100586,0,0.9824207425117493,inf,0.2559871,0.6950081,1.0039446,0.0,0.0,1.0,0.740662693977356,1.5648484,-1.6137235,0.9991196,0.8,0.0,1.0,1.7858043909072876,-1.219946,1.9007583,1.001242,4.898587e-17,0.8,1.0,1.6431490182876587,-0.80557674,-0.18632491,0.9973998,-0.8,9.797174e-17,1.0,0.18642647564411163,-0.5505029,-0.8783645,0.99700123,-1.4695762e-16,-0.8,1.0,0.5560606718063354
2923,-0.016287755221128464,0,0.9881848096847534,inf,0.25745633,0.69944966,1.0039413,0.0,0.0,1.0,0.7453382611274719,1.5669564,-1.6239251,0.99912566,0.8,0.0,1.0,1.7959274053573608,-1.2266588,1.9078138,1.0012436,4.898587e-17,0.8,1.0,1.6528595685958862,-0.80633473,-0.187615,0.9974012,-0.8,9.797174e-17,1.0,0.18773990869522095,-0.55342275,-0.8791285,0.9970054,-1.4695762e-16,-0.8,1.0,0.5590590834617615
2924,-0.016388820484280586,0,0.9939634203910828,inf,0.25892895,0.70390594,1.0039377,0.0,0.0,1.0,0.7500288486480713,1.5690475,-1.6341518,0.9991317,0.8,0.0,1.0,1.8060694932937622,-1.2333834,1.9148914,1.0012451,4.898587e-17,0.8,1.0,1.662593960762024,-0.8070982,-0.18891057,0.99740237,-0.8,9.797174e-17,1.0,0.1890617311000824,-0.5563472,-0.87989473,0.9970096,-1.4695762e-16,-0.8,1.0,0.5620625615119934
2925,-0.016490180045366287,0,0.9997560381889343,inf,0.26040494,0.70837694,1.0039337,0.0,0.0,1.0,0.754734456539154,1.5711216,-1.6444038,0.9991377,0.8,0.0,1.0,1.8162305355072021,-1.2401199,1.9219909,1.0012466,4.898587e-17,0.8,1.0,1.6723524332046509,-0.8078671,-0.19021167,0.9974035,-0.8,9.797174e-17,1.0,0.19039200246334076,-0.5592762,-0.8806632,0.997014,-1.4695762e-16,-0.8,1.0,0.5650711059570312
2926,-0.016591373831033707,0,1.0055630207061768,inf,0.26188436,0.7128628,1.0039296,0.0,0.0,1.0,0.7594552040100098,1.5731784,-1.6546808,0.99914366,0.8,0.0,1.0,1.826410174369812,-1.2468681,1.9291123,1.0012481,4.898587e-17,0.8,1.0,1.6821343898773193,-0.8086415,-0.19151825,0.99740446,-0.8,9.797174e-17,1.0,0.19173067808151245,-0.56220984,-0.88143384,0.99701846,-1.4695762e-16,-0.8,1.0,0.568084716796875
2927,-0.016692856326699257,0,1.01138436794281,inf,0.26336718,0.7173635,1.003926,0.0,0.0,1.0,0.7641911506652832,1.575218,-1.6649829,0.9991497,0.8,0.0,1.0,1.8366087675094604,-1.2536279,1.9362557,1.0012497,4.898587e-17,0.8,1.0,1.691940188407898,-0.8094215,-0.1928304,0.9974058,-0.8,9.797174e-17,1.0,0.19307784736156464,-0.565148,-0.8822067,0.9970228,-1.4695762e-16,-0.8,1.0,0.5711033940315247
2928,-0.016795074567198753,0,1.0172195434570312,inf,0.2648534,0.72187895,1.0039223,0.0,0.0,1.0,0.76894211769104,1.57724,-1.6753097,0.9991557,0.8,0.0,1.0,1.8468257188796997,-1.2603992,1.943421,1.0012511,4.898587e-17,0.8,1.0,1.701769471168518,-0.8102069,-0.19414805,0.99740696,-0.8,9.797174e-17,1.0,0.19443345069885254,-0.5680907,-0.8829816,0.9970272,-1.4695762e-16,-0.8,1.0,0.5741270184516907
2929,-0.016897374764084816,0,1.023068904876709,inf,0.26634297,0.72640914,1.0039182,0.0,0.0,1.0,0.7737080454826355,1.5792444,-1.6856611,0.99916166,0.8,0.0,1.0,1.8570610284805298,-1.267182,1.9506081,1.0012525,4.898587e-17,0.8,1.0,1.7116222381591797,-0.81099784,-0.19547129,0.99740803,-0.8,9.797174e-17,1.0,0.19579757750034332,-0.5710379,-0.88375866,0.99703175,-1.4695762e-16,-0.8,1.0,0.577155590057373
2930,-0.016999628394842148,0,1.0289324522018433,inf,0.26783586,0.7309542,1.003914,0.0,0.0,1.0,0.7784891724586487,1.581231,-1.696037,0.9991675,0.8,0.0,1.0,1.8673146963119507,-1.2739762,1.9578173,1.0012541,4.898587e-17,0.8,1.0,1.7214988470077515,-0.81179434,-0.19680005,0.997409,-0.8,9.797174e-17,1.0,0.1971701830625534,-0.5739895,-0.8845379,0.9970364,-1.4695762e-16,-0.8,1.0,0.5801891088485718
2931,-0.01710178516805172,0,1.0348098278045654,inf,0.26933217,0.7355141,1.0039103,0.0,0.0,1.0,0.7832854390144348,1.5831997,-1.7064375,0.9991735,0.8,0.0,1.0,1.8775866031646729,-1.2807815,1.9650482,1.0012555,4.898587e-17,0.8,1.0,1.731398344039917,-0.81259644,-0.19813435,0.99741024,-0.8,9.797174e-17,1.0,0.1985512375831604,-0.57694566,-0.8853192,0.997041,-1.4695762e-16,-0.8,1.0,0.5832276344299316
2932,-0.017204681411385536,0,1.040701150894165,inf,0.2708318,0.7400888,1.0039064,0.0,0.0,1.0,0.7880968451499939,1.5851504,-1.7168621,0.9991794,0.8,0.0,1.0,1.8878763914108276,-1.2875981,1.972301,1.001257,4.898587e-17,0.8,1.0,1.7413214445114136,-0.8134042,-0.19947404,0.9974113,-0.8,9.797174e-17,1.0,0.19994065165519714,-0.57990617,-0.8861025,0.9970456,-1.4695762e-16,-0.8,1.0,0.5862708687782288
2933,-0.017308326438069344,0,1.046606421470642,inf,0.2723348,0.7446784,1.003902,0.0,0.0,1.0,0.7929232716560364,1.5870827,-1.7273108,0.9991853,0.8,0.0,1.0,1.8981839418411255,-1.2944257,1.9795756,1.0012583,4.898587e-17,0.8,1.0,1.751267671585083,-0.8142175,-0.200819,0.99741226,-0.8,9.797174e-17,1.0,0.2013382911682129,-0.5828711,-0.8868879,0.9970504,-1.4695762e-16,-0.8,1.0,0.5893189907073975
2934,-0.01741136610507965,0,1.052525520324707,inf,0.27384117,0.7492828,1.0038977,0.0,0.0,1.0,0.7977649569511414,1.5889966,-1.7377836,0.9991911,0.8,0.0,1.0,1.908509373664856,-1.3012644,1.9868722,1.0012597,4.898587e-17,0.8,1.0,1.7612371444702148,-0.8150364,-0.20216931,0.9974132,-0.8,9.797174e-17,1.0,0.20274421572685242,-0.5858404,-0.88767534,0.99705523,-1.4695762e-16,-0.8,1.0,0.5923720002174377
2935,-0.017514681443572044,0,1.0584584474563599,inf,0.2753508,0.7539021,1.0038937,0.0,0.0,1.0,0.8026216626167297,1.5908921,-1.7482803,0.999197,0.8,0.0,1.0,1.91885244846344,-1.3081139,1.9941905,1.0012611,4.898587e-17,0.8,1.0,1.7712297439575195,-0.81586087,-0.20352493,0.9974144,-0.8,9.797174e-17,1.0,0.20415839552879333,-0.5888141,-0.88846475,0.99706,-1.4695762e-16,-0.8,1.0,0.5954297780990601
2936,-0.0176188126206398,0,1.064405083656311,inf,0.2768636,0.7585362,1.0038898,0.0,0.0,1.0,0.8074935078620911,1.5927688,-1.7588006,0.9992029,0.8,0.0,1.0,1.929213047027588,-1.3149744,2.0015306,1.0012625,4.898587e-17,0.8,1.0,1.781245470046997,-0.816691,-0.20488575,0.9974155,-0.8,9.797174e-17,1.0,0.2055807262659073,-0.5917921,-0.8892562,0.9970648,-1.4695762e-16,-0.8,1.0,0.598492443561554
2937,-0.01772410236299038,0,1.0703651905059814,inf,0.27837968,0.76318514,1.0038851,0.0,0.0,1.0,0.8123803734779358,1.5946268,-1.7693446,0.99920875,0.8,0.0,1.0,1.9395908117294312,-1.3218455,2.0088925,1.0012637,4.898587e-17,0.8,1.0,1.7912840843200684,-0.8175267,-0.20625167,0.9974164,-0.8,9.797174e-17,1.0,0.2070111334323883,-0.59477437,-0.8900496,0.99706984,-1.4695762e-16,-0.8,1.0,0.6015596985816956
2938,-0.017828768119215965,0,1.0763390064239502,inf,0.27989897,0.76784897,1.0038806,0.0,0.0,1.0,0.8172824382781982,1.5964656,-1.7799119,0.99921453,0.8,0.0,1.0,1.9499857425689697,-1.3287272,2.0162761,1.0012652,4.898587e-17,0.8,1.0,1.8013454675674438,-0.8183679,-0.2076227,0.9974173,-0.8,9.797174e-17,1.0,0.2084496021270752,-0.597761,-0.89084494,0.99707496,-1.4695762e-16,-0.8,1.0,0.6046317219734192
2939,-0.017933707684278488,0,1.0823264122009277,inf,0.2814214,0.77252775,1.0038766,0.0,0.0,1.0,0.8221995830535889,1.5982854,-1.7905027,0.9992204,0.8,0.0,1.0,1.9603979587554932,-1.3356196,2.0236816,1.0012665,4.898587e-17,0.8,1.0,1.8114298582077026,-0.81921476,-0.20899887,0.9974185,-0.8,9.797174e-17,1.0,0.20989616215229034,-0.6007518,-0.8916422,0.99707997,-1.4695762e-16,-0.8,1.0,0.6077084541320801
2940,-0.018039340153336525,0,1.0883272886276245,inf,0.28294688,0.7772213,1.0038724,0.0,0.0,1.0,0.8271317481994629,1.600086,-1.8011166,0.99922615,0.8,0.0,1.0,1.9708271026611328,-1.3425224,2.0311089,1.0012679,4.898587e-17,0.8,1.0,1.8215370178222656,-0.8200672,-0.21038005,0.99741954,-0.8,9.797174e-17,1.0,0.2113506942987442,-0.60374695,-0.8924414,0.997085,-1.4695762e-16,-0.8,1.0,0.6107898950576782
2941,-0.018145713955163956,0,1.094341516494751,inf,0.28447548,0.78192973,1.0038676,0.0,0.0,1.0,0.8320789337158203,1.6018671,-1.8117535,0.99923193,0.8,0.0,1.0,1.98127281665802,-1.3494356,2.0385578,1.001269,4.898587e-17,0.8,1.0,1.8316669464111328,-0.82092535,-0.21176612,0.99742043,-0.8,9.797174e-17,1.0,0.2128130942583084,-0.6067462,-0.89324254,0.9970902,-1.4695762e-16,-0.8,1.0,0.6138758659362793
2942,-0.018251916393637657,0,1.1003692150115967,inf,0.28600717,0.78665304,1.003863,0.0,0.0,1.0,0.8370411992073059,1.6036286,-1.8224133,0.99923766,0.8,0.0,1.0,1.9917353391647339,-1.356359,2.0460286,1.0012704,4.898587e-17,0.8,1.0,1.841819405555725,-0.82178897,-0.21315713,0.9974213,-0.8,9.797174e-17,1.0,0.21428339183330536,-0.60974973,-0.8940455,0.9970956,-1.4695762e-16,-0.8,1.0,0.6169665455818176
2943,-0.018357476219534874,0,1.106410264968872,inf,0.28754196,0.7913913,1.0038587,0.0,0.0,1.0,0.8420186638832092,1.6053705,-1.833096,0.99924344,0.8,0.0,1.0,2.0022144317626953,-1.3632927,2.053521,1.0012717,4.898587e-17,0.8,1.0,1.851994514465332,-0.8226582,-0.21455307,0.9974225,-0.8,9.797174e-17,1.0,0.21576157212257385,-0.6127573,-0.89485025,0.99710083,-1.4695762e-16,-0.8,1.0,0.6200616955757141
2944,-0.018463769927620888,0,1.112464427947998,inf,0.28907982,0.79614455,1.0038549,0.0,0.0,1.0,0.8470113277435303,1.6070927,-1.8438011,0.99924916,0.8,0.0,1.0,2.0127100944519043,-1.3702365,2.061035,1.0012732,4.898587e-17,0.8,1.0,1.862191915512085,-0.8235331,-0.21595383,0.99742365,-0.8,9.797174e-17,1.0,0.21724756062030792,-0.61576915,-0.8956569,0.99710596,-1.4695762e-16,-0.8,1.0,0.6231614947319031
2945,-0.01857016235589981,0,1.1185319423675537,inf,0.29062077,0.8009126,1.0038509,0.0,0.0,1.0,0.8520189523696899,1.608795,-1.8545285,0.99925506,0.8,0.0,1.0,2.023221731185913,-1.3771904,2.0685706,1.0012743,4.898587e-17,0.8,1.0,1.8724119663238525,-0.8244137,-0.21735938,0.997425,-0.8,9.797174e-17,1.0,0.218741312623024,-0.618785,-0.89646536,0.99711114,-1.4695762e-16,-0.8,1.0,0.6262657642364502
2946,-0.018677279353141785,0,1.1246123313903809,inf,0.29216474,0.80569565,1.0038469,0.0,0.0,1.0,0.8570417165756226,1.6104773,-1.8652776,0.99926084,0.8,0.0,1.0,2.0337488651275635,-1.3841541,2.076128,1.0012757,4.898587e-17,0.8,1.0,1.8826541900634766,-0.8253001,-0.21876961,0.99742633,-0.8,9.797174e-17,1.0,0.2202427238225937,-0.6218051,-0.8972757,0.99711645,-1.4695762e-16,-0.8,1.0,0.629374623298645
2947,-0.01878519542515278,0,1.1307059526443481,inf,0.2937118,0.8104935,1.0038425,0.0,0.0,1.0,0.8620795607566833,1.612139,-1.8760484,0.99926674,0.8,0.0,1.0,2.0442914962768555,-1.3911277,2.083707,1.0012769,4.898587e-17,0.8,1.0,1.8929189443588257,-0.8261924,-0.2201845,0.9974276,-0.8,9.797174e-17,1.0,0.22175182402133942,-0.6248292,-0.89808786,0.9971219,-1.4695762e-16,-0.8,1.0,0.632487952709198
2948,-0.018893472850322723,0,1.136812448501587,inf,0.2952619,0.8153063,1.0038373,0.0,0.0,1.0,0.8671324253082275,1.61378,-1.8868406,0.9992724,0.8,0.0,1.0,2.05484938621521,-1.3981111,2.0913079,1.0012779,4.898587e-17,0.8,1.0,1.9032058715820312,-0.82709044,-0.22160396,0.99742854,-0.8,9.797174e-17,1.0,0.22326849400997162,-0.6278573,-0.8989019,0.99712765,-1.4695762e-16,-0.8,1.0,0.6356057524681091
2949,-0.019002031534910202,0,1.1429316997528076,inf,0.296815,0.82013404,1.0038323,0.0,0.0,1.0,0.8722004890441895,1.6154001,-1.8976543,0.9992782,0.8,0.0,1.0,2.065422296524048,-1.4051042,2.0989301,1.0012791,4.898587e-17,0.8,1.0,1.9135147333145142,-0.8279945,-0.22302797,0.9974297,-0.8,9.797174e-17,1.0,0.2247927337884903,-0.63088953,-0.89971775,0.9971335,-1.4695762e-16,-0.8,1.0,0.6387280225753784
2950,-0.01911020278930664,0,1.1490638256072998,inf,0.29837117,0.8249767,1.0038272,0.0,0.0,1.0,0.8772836327552795,1.616999,-1.9084891,0.9992838,0.8,0.0,1.0,2.076010227203369,-1.4121068,2.106574,1.0012804,4.898587e-17,0.8,1.0,1.923845887184143,-0.82890457,-0.22445641,0.9974307,-0.8,9.797174e-17,1.0,0.22632445394992828,-0.6339258,-0.9005354,0.9971394,-1.4695762e-16,-0.8,1.0,0.6418547034263611
2951,-0.019218184053897858,0,1.155208706855774,inf,0.2999303,0.82983434,1.0038226,0.0,0.0,1.0,0.8823819160461426,1.6185769,-1.9193453,0.9992895,0.8,0.0,1.0,2.086613178253174,-1.419119,2.1142395,1.0012816,4.898587e-17,0.8,1.0,1.9341990947723389,-0.8298207,-0.22588928,0.9974321,-0.8,9.797174e-17,1.0,0.2278636246919632,-0.636966,-0.90135497,0.99714524,-1.4695762e-16,-0.8,1.0,0.6449857354164124
2952,-0.019326433539390564,0,1.16136634349823,inf,0.3014923,0.834707,1.0038183,0.0,0.0,1.0,0.8874953389167786,1.6201336,-1.930222,0.9992952,0.8,0.0,1.0,2.0972306728363037,-1.4261405,2.1219265,1.001283,4.898587e-17,0.8,1.0,1.9445741176605225,-0.8307429,-0.22732647,0.99743354,-0.8,9.797174e-17,1.0,0.22941018640995026,-0.64001024,-0.9021764,0.99715096,-1.4695762e-16,-0.8,1.0,0.6481212973594666
2953,-0.019434945657849312,0,1.1675366163253784,inf,0.30305713,0.83959454,1.003814,0.0,0.0,1.0,0.892623782157898,1.621669,-1.9411196,0.99930096,0.8,0.0,1.0,2.107862710952759,-1.4331715,2.129635,1.0012842,4.898587e-17,0.8,1.0,1.9549710750579834,-0.8316713,-0.22876796,0.99743515,-0.8,9.797174e-17,1.0,0.23096412420272827,-0.6430584,-0.9029996,0.9971566,-1.4695762e-16,-0.8,1.0,0.6512611508369446
2954,-0.019544178619980812,0,1.1737192869186401,inf,0.30462468,0.8444971,1.0038097,0.0,0.0,1.0,0.8977672457695007,1.6231828,-1.9520371,0.9993067,0.8,0.0,1.0,2.1185085773468018,-1.4402117,2.1373653,1.0012854,4.898587e-17,0.8,1.0,1.9653898477554321,-0.8326059,-0.23021366,0.9974368,-0.8,9.797174e-17,1.0,0.23252536356449127,-0.6461106,-0.9038246,0.99716246,-1.4695762e-16,-0.8,1.0,0.6544054746627808
2955,-0.01965438202023506,0,1.1799143552780151,inf,0.30619487,0.8494144,1.0038048,0.0,0.0,1.0,0.9029255509376526,1.6246747,-1.9629745,0.9993125,0.8,0.0,1.0,2.1291682720184326,-1.4472609,2.145117,1.0012865,4.898587e-17,0.8,1.0,1.975830316543579,-0.8335468,-0.23166351,0.9974383,-0.8,9.797174e-17,1.0,0.23409385979175568,-0.64916664,-0.9046515,0.9971685,-1.4695762e-16,-0.8,1.0,0.657554030418396
2956,-0.019765302538871765,0,1.186121940612793,inf,0.3077676,0.8543467,1.0037993,0.0,0.0,1.0,0.9080988764762878,1.6261445,-1.9739319,0.9993181,0.8,0.0,1.0,2.1398415565490723,-1.4543192,2.1528902,1.0012878,4.898587e-17,0.8,1.0,1.9862924814224243,-0.834494,-0.23311752,0.9974397,-0.8,9.797174e-17,1.0,0.23566962778568268,-0.6522266,-0.9054802,0.99717474,-1.4695762e-16,-0.8,1.0,0.6607069373130798
2957,-0.019876953214406967,0,1.1923418045043945,inf,0.3093428,0.85929394,1.0037938,0.0,0.0,1.0,0.9132871627807617,1.6275918,-1.9849089,0.9993238,0.8,0.0,1.0,2.1505284309387207,-1.4613867,2.1606848,1.001289,4.898587e-17,0.8,1.0,1.9967764616012573,-0.8354475,-0.23457573,0.9974411,-0.8,9.797174e-17,1.0,0.23725269734859467,-0.6552905,-0.9063108,0.9971811,-1.4695762e-16,-0.8,1.0,0.6638641357421875
2958,-0.019987046718597412,0,1.1985738277435303,inf,0.31092054,0.8642564,1.0037884,0.0,0.0,1.0,0.9184906482696533,1.6290168,-1.9959056,0.9993293,0.8,0.0,1.0,2.1612284183502197,-1.468463,2.168501,1.0012906,4.898587e-17,0.8,1.0,2.007281541824341,-0.8364074,-0.23603818,0.99744236,-0.8,9.797174e-17,1.0,0.23884317278862,-0.6583582,-0.9071432,0.99718755,-1.4695762e-16,-0.8,1.0,0.6670255661010742
2959,-0.02009740099310875,0,1.2048183679580688,inf,0.31250075,0.8692339,1.0037832,0.0,0.0,1.0,0.9237091541290283,1.630419,-2.0069218,0.99933505,0.8,0.0,1.0,2.1719417572021484,-1.475548,2.1763387,1.0012919,4.898587e-17,0.8,1.0,2.017808675765991,-0.837374,-0.23750481,0.99744415,-0.8,9.797174e-17,1.0,0.24044100940227509,-0.6614298,-0.9079774,0.997194,-1.4695762e-16,-0.8,1.0,0.6701913475990295
2960,-0.020208027213811874,0,1.2110750675201416,inf,0.31408334,0.8742265,1.0037786,0.0,0.0,1.0,0.9289427399635315,1.6317987,-2.0179572,0.99934065,0.8,0.0,1.0,2.1826682090759277,-1.4826418,2.1841977,1.0012934,4.898587e-17,0.8,1.0,2.0283570289611816,-0.8383471,-0.23897558,0.9974461,-0.8,9.797174e-17,1.0,0.24204617738723755,-0.66450524,-0.9088134,0.9972003,-1.4695762e-16,-0.8,1.0,0.6733612418174744
2961,-0.020319366827607155,0,1.2173439264297485,inf,0.31566826,0.87923425,1.0037737,0.0,0.0,1.0,0.9341914057731628,1.6331558,-2.0290112,0.99934644,0.8,0.0,1.0,2.1934072971343994,-1.4897442,2.192078,1.0012947,4.898587e-17,0.8,1.0,2.038926601409912,-0.83932674,-0.24045056,0.9974484,-0.8,9.797174e-17,1.0,0.24365872144699097,-0.6675844,-0.9096513,0.9972067,-1.4695762e-16,-0.8,1.0,0.676535427570343
2962,-0.0204305499792099,0,1.2236248254776,inf,0.31725538,0.884257,1.0037688,0.0,0.0,1.0,0.939454972743988,1.6344899,-2.040084,0.9993521,0.8,0.0,1.0,2.2041587829589844,-1.4968553,2.19998,1.0012962,4.898587e-17,0.8,1.0,2.0495173931121826,-0.8403132,-0.24192978,0.9974507,-0.8,9.797174e-17,1.0,0.2452787607908249,-0.67066747,-0.91049093,0.9972132,-1.4695762e-16,-0.8,1.0,0.6797138452529907
2963,-0.020542524755001068,0,1.2299176454544067,inf,0.31884468,0.8892948,1.0037634,0.0,0.0,1.0,0.9447335004806519,1.6358006,-2.0511749,0.9993579,0.8,0.0,1.0,2.2149224281311035,-1.5039747,2.2079034,1.0012975,4.898587e-17,0.8,1.0,2.0601296424865723,-0.8413064,-0.24341317,0.99745286,-0.8,9.797174e-17,1.0,0.24690620601177216,-0.6737542,-0.9113324,0.9972199,-1.4695762e-16,-0.8,1.0,0.6828963160514832
2964,-0.02065521664917469,0,1.2362221479415894,inf,0.32043606,0.8943476,1.0037576,0.0,0.0,1.0,0.9500268697738647,1.6370878,-2.0622838,0.9993635,0.8,0.0,1.0,2.2256977558135986,-1.5111026,2.215848,1.001299,4.898587e-17,0.8,1.0,2.070762872695923,-0.8423065,-0.24490067,0.9974547,-0.8,9.797174e-17,1.0,0.24854105710983276,-0.6768446,-0.91217583,0.9972268,-1.4695762e-16,-0.8,1.0,0.6860828995704651
2965,-0.0207681804895401,0,1.2425389289855957,inf,0.3220295,0.89941543,1.0037515,0.0,0.0,1.0,0.9553351402282715,1.6383513,-2.073411,0.99936914,0.8,0.0,1.0,2.236485242843628,-1.5182387,2.223814,1.0013008,4.898587e-17,0.8,1.0,2.0814170837402344,-0.8433134,-0.24639238,0.9974569,-0.8,9.797174e-17,1.0,0.2501833736896515,-0.67993855,-0.913021,0.99723387,-1.4695762e-16,-0.8,1.0,0.6892734169960022
2966,-0.020880838856101036,0,1.2488672733306885,inf,0.3236249,0.90449834,1.0037454,0.0,0.0,1.0,0.9606582522392273,1.639591,-2.0845559,0.9993747,0.8,0.0,1.0,2.247284412384033,-1.525383,2.2318015,1.0013027,4.898587e-17,0.8,1.0,2.092092514038086,-0.84432733,-0.24788831,0.9974589,-0.8,9.797174e-17,1.0,0.2518332302570343,-0.6830359,-0.9138681,0.99724096,-1.4695762e-16,-0.8,1.0,0.6924677491188049
2967,-0.020993303507566452,0,1.2552073001861572,inf,0.3252223,0.9095963,1.0037396,0.0,0.0,1.0,0.9659963846206665,1.6408067,-2.0957186,0.9993804,0.8,0.0,1.0,2.2580950260162354,-1.5325354,2.2398102,1.0013045,4.898587e-17,0.8,1.0,2.1027886867523193,-0.8453484,-0.24938844,0.9974615,-0.8,9.797174e-17,1.0,0.2534906566143036,-0.68613666,-0.9147171,0.99724823,-1.4695762e-16,-0.8,1.0,0.6956659555435181
2968,-0.021106017753481865,0,1.261559247970581,inf,0.32682163,0.91470945,1.0037342,0.0,0.0,1.0,0.9713494181632996,1.6419984,-2.106899,0.99938613,0.8,0.0,1.0,2.2689173221588135,-1.5396959,2.2478402,1.0013063,4.898587e-17,0.8,1.0,2.1135058403015137,-0.8463766,-0.2508927,0.9974644,-0.8,9.797174e-17,1.0,0.2551555633544922,-0.68924075,-0.91556793,0.9972554,-1.4695762e-16,-0.8,1.0,0.6988678574562073
2969,-0.021219201385974884,0,1.2679225206375122,inf,0.32842278,0.9198376,1.0037286,0.0,0.0,1.0,0.9767172932624817,1.6431661,-2.1180964,0.999392,0.8,0.0,1.0,2.279750347137451,-1.546864,2.2558916,1.0013082,4.898587e-17,0.8,1.0,2.1242434978485107,-0.8474119,-0.25240117,0.9974676,-0.8,9.797174e-17,1.0,0.25682806968688965,-0.69234824,-0.9164207,0.9972626,-1.4695762e-16,-0.8,1.0,0.7020736336708069
2970,-0.02133307419717312,0,1.2742974758148193,inf,0.33002573,0.9249808,1.003723,0.0,0.0,1.0,0.9821000099182129,1.6443095,-2.1293106,0.9993978,0.8,0.0,1.0,2.2905943393707275,-1.5540398,2.2639642,1.0013101,4.898587e-17,0.8,1.0,2.1350018978118896,-0.8484545,-0.25391388,0.99747086,-0.8,9.797174e-17,1.0,0.25850820541381836,-0.69545895,-0.9172753,0.99726987,-1.4695762e-16,-0.8,1.0,0.705282986164093
2971,-0.021447211503982544,0,1.2806837558746338,inf,0.33163047,0.93013895,1.003717,0.0,0.0,1.0,0.9874973893165588,1.6454283,-2.1405413,0.99940366,0.8,0.0,1.0,2.3014488220214844,-1.5612231,2.2720578,1.0013121,4.898587e-17,0.8,1.0,2.145780563354492,-0.8495044,-0.25543073,0.99747396,-0.8,9.797174e-17,1.0,0.26019594073295593,-0.6985728,-0.9181318,0.9972774,-1.4695762e-16,-0.8,1.0,0.7084959149360657
2972,-0.02156158909201622,0,1.287081241607666,inf,0.33323684,0.93531215,1.0037102,0.0,0.0,1.0,0.9929095506668091,1.6465222,-2.1517885,0.9994094,0.8,0.0,1.0,2.3123135566711426,-1.5684137,2.2801728,1.0013143,4.898587e-17,0.8,1.0,2.1565794944763184,-0.85056174,-0.25695175,0.997477,-0.8,9.797174e-17,1.0,0.26189130544662476,-0.7016897,-0.9189903,0.9972851,-1.4695762e-16,-0.8,1.0,0.7117123603820801
2973,-0.0216766856610775,0,1.2934900522232056,inf,0.33484492,0.9405004,1.0037034,0.0,0.0,1.0,0.9983364939689636,1.647591,-2.163052,0.9994151,0.8,0.0,1.0,2.323188543319702,-1.5756116,2.288309,1.0013167,4.898587e-17,0.8,1.0,2.1673989295959473,-0.85162646,-0.25847694,0.9974803,-0.8,9.797174e-17,1.0,0.2635943293571472,-0.70480955,-0.9198507,0.9972932,-1.4695762e-16,-0.8,1.0,0.7149321436882019
2974,-0.021791571751236916,0,1.2999101877212524,inf,0.3364546,0.9457037,1.0036964,0.0,0.0,1.0,1.003778338432312,1.6486347,-2.174332,0.99942076,0.8,0.0,1.0,2.334073781967163,-1.5828165,2.2964666,1.0013192,4.898587e-17,0.8,1.0,2.1782383918762207,-0.85269874,-0.2600064,0.9974835,-0.8,9.797174e-17,1.0,0.26530513167381287,-0.7079323,-0.92071307,0.99730116,-1.4695762e-16,-0.8,1.0,0.7181553244590759
2975,-0.021905789151787758,0,1.3063414096832275,inf,0.33806583,0.950922,1.0036898,0.0,0.0,1.0,1.0092347860336304,1.6496531,-2.1856277,0.9994266,0.8,0.0,1.0,2.3449690341949463,-1.5900284,2.304645,1.0013216,4.898587e-17,0.8,1.0,2.1890978813171387,-0.85377866,-0.26154006,0.9974872,-0.8,9.797174e-17,1.0,0.2670236825942993,-0.7110578,-0.9215774,0.9973093,-1.4695762e-16,-0.8,1.0,0.721381664276123
2976,-0.02202022820711136,0,1.3127835988998413,inf,0.33967856,0.9561554,1.0036834,0.0,0.0,1.0,1.014706015586853,1.6506463,-2.1969392,0.99943244,0.8,0.0,1.0,2.3558738231658936,-1.597247,2.3128448,1.001324,4.898587e-17,0.8,1.0,2.199977159500122,-0.8548662,-0.26307783,0.99749124,-0.8,9.797174e-17,1.0,0.2687499523162842,-0.7141859,-0.9224437,0.9973174,-1.4695762e-16,-0.8,1.0,0.7246110439300537
2977,-0.022135375067591667,0,1.3192367553710938,inf,0.3412928,0.9614039,1.0036769,0.0,0.0,1.0,1.02019202709198,1.6516142,-2.2082663,0.99943835,0.8,0.0,1.0,2.366788387298584,-1.6044722,2.3210654,1.0013267,4.898587e-17,0.8,1.0,2.210875988006592,-0.8559615,-0.26461983,0.9974954,-0.8,9.797174e-17,1.0,0.2704840302467346,-0.71731657,-0.923312,0.99732554,-1.4695762e-16,-0.8,1.0,0.7278434634208679
2978,-0.022251194342970848,0,1.3257007598876953,inf,0.34290838,0.9666674,1.0036703,0.0,0.0,1.0,1.0256927013397217,1.6525564,-2.2196083,0.99944425,0.8,0.0,1.0,2.3777120113372803,-1.6117039,2.3293073,1.0013293,4.898587e-17,0.8,1.0,2.221794843673706,-0.85706455,-0.26616612,0.99749976,-0.8,9.797174e-17,1.0,0.2722260355949402,-0.7204497,-0.92418236,0.99733377,-1.4695762e-16,-0.8,1.0,0.7310787439346313
2979,-0.022366808727383614,0,1.3321754932403564,inf,0.34452537,0.9719459,1.0036632,0.0,0.0,1.0,1.0312080383300781,1.6534728,-2.2309651,0.99945015,0.8,0.0,1.0,2.388644218444824,-1.6189418,2.3375702,1.001332,4.898587e-17,0.8,1.0,2.2327330112457275,-0.8581755,-0.26771656,0.997504,-0.8,9.797174e-17,1.0,0.2739758789539337,-0.7235852,-0.9250547,0.9973422,-1.4695762e-16,-0.8,1.0,0.7343169450759888
2980,-0.022482654079794884,0,1.3386611938476562,inf,0.34614363,0.9772394,1.0036559,0.0,0.0,1.0,1.0367379188537598,1.6543632,-2.2423368,0.999456,0.8,0.0,1.0,2.399585485458374,-1.626186,2.345854,1.0013349,4.898587e-17,0.8,1.0,2.2436907291412354,-0.8592944,-0.26927117,0.99750835,-0.8,9.797174e-17,1.0,0.2757335603237152,-0.72672296,-0.9259292,0.9973508,-1.4695762e-16,-0.8,1.0,0.7375577688217163
2981,-0.022598756477236748,0,1.3451571464538574,inf,0.34776318,0.98254794,1.0036486,0.0,0.0,1.0,1.0422825813293457,1.6552274,-2.2537227,0.9994619,0.8,0.0,1.0,2.4105353355407715,-1.6334363,2.3541589,1.001338,4.898587e-17,0.8,1.0,2.2546675205230713,-0.86042124,-0.27083,0.9975127,-0.8,9.797174e-17,1.0,0.2774991989135742,-0.72986287,-0.9268057,0.9973595,-1.4695762e-16,-0.8,1.0,0.740801215171814
2982,-0.022715400904417038,0,1.3516638278961182,inf,0.34938392,0.9878715,1.0036416,0.0,0.0,1.0,1.0478417873382568,1.6560656,-2.265123,0.9994678,0.8,0.0,1.0,2.4214932918548584,-1.6406924,2.362485,1.001341,4.898587e-17,0.8,1.0,2.2656638622283936,-0.8615561,-0.2723931,0.9975174,-0.8,9.797174e-17,1.0,0.27927282452583313,-0.73300487,-0.92768425,0.99736816,-1.4695762e-16,-0.8,1.0,0.744047224521637
2983,-0.02283136174082756,0,1.3581808805465698,inf,0.35100585,0.99321014,1.0036343,0.0,0.0,1.0,1.0534157752990723,1.6568776,-2.2765367,0.9994737,0.8,0.0,1.0,2.432459592819214,-1.6479542,2.3708317,1.001344,4.898587e-17,0.8,1.0,2.276679039001465,-0.8626992,-0.27396044,0.99752223,-0.8,9.797174e-17,1.0,0.2810545265674591,-0.73614883,-0.928565,0.9973769,-1.4695762e-16,-0.8,1.0,0.7472957372665405
2984,-0.02294844388961792,0,1.3647081851959229,inf,0.35262886,0.9985638,1.0036272,0.0,0.0,1.0,1.0590041875839233,1.6576632,-2.287964,0.9994796,0.8,0.0,1.0,2.4434332847595215,-1.6552217,2.3791993,1.0013471,4.898587e-17,0.8,1.0,2.287713050842285,-0.86385053,-0.27553192,0.99752724,-0.8,9.797174e-17,1.0,0.282844215631485,-0.7392947,-0.92944795,0.9973857,-1.4695762e-16,-0.8,1.0,0.7505466341972351
2985,-0.02306577004492283,0,1.3712459802627563,inf,0.35425296,1.0039325,1.0036194,0.0,0.0,1.0,1.0646072626113892,1.658422,-2.2994046,0.99948543,0.8,0.0,1.0,2.4544143676757812,-1.6624947,2.387588,1.0013503,4.898587e-17,0.8,1.0,2.2987663745880127,-0.86500996,-0.27710766,0.99753207,-0.8,9.797174e-17,1.0,0.28464195132255554,-0.7424424,-0.9303331,0.9973946,-1.4695762e-16,-0.8,1.0,0.7537999153137207
2986,-0.02318386547267437,0,1.377793788909912,inf,0.35587806,1.0093161,1.0036118,0.0,0.0,1.0,1.0702247619628906,1.659154,-2.3108582,0.9994913,0.8,0.0,1.0,2.4654030799865723,-1.6697729,2.3959975,1.0013536,4.898587e-17,0.8,1.0,2.309838056564331,-0.8661778,-0.27868766,0.997537,-0.8,9.797174e-17,1.0,0.2864478528499603,-0.7455919,-0.9312205,0.9974036,-1.4695762e-16,-0.8,1.0,0.7570553421974182
2987,-0.023300811648368835,0,1.3843518495559692,inf,0.35750413,1.0147148,1.0036039,0.0,0.0,1.0,1.0758570432662964,1.6598591,-2.3223245,0.99949706,0.8,0.0,1.0,2.476398468017578,-1.6770563,2.404428,1.001357,4.898587e-17,0.8,1.0,2.3209285736083984,-0.86735404,-0.28027192,0.9975419,-0.8,9.797174e-17,1.0,0.28826195001602173,-0.74874306,-0.9321102,0.99741274,-1.4695762e-16,-0.8,1.0,0.7603130340576172
2988,-0.02341843955218792,0,1.3909199237823486,inf,0.35913113,1.0201286,1.0035965,0.0,0.0,1.0,1.0815038681030273,1.6605372,-2.3338034,0.99950296,0.8,0.0,1.0,2.487401008605957,-1.6843448,2.412879,1.0013603,4.898587e-17,0.8,1.0,2.3320372104644775,-0.86853874,-0.28186035,0.9975471,-0.8,9.797174e-17,1.0,0.29008418321609497,-0.7518959,-0.9330021,0.99742174,-1.4695762e-16,-0.8,1.0,0.7635729908943176
2989,-0.023536846041679382,0,1.3974977731704712,inf,0.360759,1.0255573,1.003589,0.0,0.0,1.0,1.0871649980545044,1.6611885,-2.3452945,0.9995088,0.8,0.0,1.0,2.4984099864959717,-1.6916381,2.421351,1.0013635,4.898587e-17,0.8,1.0,2.3431646823883057,-0.86973196,-0.28345305,0.99755234,-0.8,9.797174e-17,1.0,0.2919146716594696,-0.7550503,-0.9338964,0.99743074,-1.4695762e-16,-0.8,1.0,0.7668349146842957
2990,-0.023655908182263374,0,1.4040858745574951,inf,0.3623877,1.0310011,1.0035813,0.0,0.0,1.0,1.0928407907485962,1.6618125,-2.3567975,0.9995145,0.8,0.0,1.0,2.509425163269043,-1.6989361,2.4298437,1.001367,4.898587e-17,0.8,1.0,2.3543100357055664,-0.8709337,-0.28505006,0.9975574,-0.8,9.797174e-17,1.0,0.2937534749507904,-0.75820625,-0.93479306,0.99743974,-1.4695762e-16,-0.8,1.0,0.7700989842414856
2991,-0.023773839697241783,0,1.410683512687683,inf,0.36401725,1.0364598,1.0035734,0.0,0.0,1.0,1.098530888557434,1.6624093,-2.3683124,0.9995203,0.8,0.0,1.0,2.520447015762329,-1.7062387,2.438357,1.0013704,4.898587e-17,0.8,1.0,2.365473985671997,-0.87214416,-0.2866513,0.9975624,-0.8,9.797174e-17,1.0,0.295600563287735,-0.7613637,-0.9356921,0.9974489,-1.4695762e-16,-0.8,1.0,0.7733650803565979
2992,-0.02389242686331272,0,1.4172910451889038,inf,0.3656476,1.0419337,1.0035659,0.0,0.0,1.0,1.1042357683181763,1.6629789,-2.3798387,0.9995261,0.8,0.0,1.0,2.5314748287200928,-1.7135458,2.4468913,1.0013738,4.898587e-17,0.8,1.0,2.3766558170318604,-0.8733634,-0.2882568,0.9975678,-0.8,9.797174e-17,1.0,0.2974559962749481,-0.7645226,-0.9365935,0.9974579,-1.4695762e-16,-0.8,1.0,0.7766331434249878
2993,-0.024011682718992233,0,1.4239082336425781,inf,0.3672788,1.0474226,1.0035583,0.0,0.0,1.0,1.1099551916122437,1.6635212,-2.391376,0.99953175,0.8,0.0,1.0,2.542508125305176,-1.7208573,2.455446,1.0013771,4.898587e-17,0.8,1.0,2.387855291366577,-0.8745913,-0.28986657,0.99757314,-0.8,9.797174e-17,1.0,0.299319863319397,-0.76768285,-0.9374973,0.9974669,-1.4695762e-16,-0.8,1.0,0.7799031138420105
2994,-0.02413160353899002,0,1.4305354356765747,inf,0.3689108,1.0529265,1.0035505,0.0,0.0,1.0,1.1156890392303467,1.6640359,-2.4029245,0.9995374,0.8,0.0,1.0,2.5535473823547363,-1.7281729,2.4640214,1.0013806,4.898587e-17,0.8,1.0,2.3990728855133057,-0.8758281,-0.29148063,0.9975783,-0.8,9.797174e-17,1.0,0.30119216442108154,-0.7708445,-0.93840355,0.9974759,-1.4695762e-16,-0.8,1.0,0.7831750512123108
2995,-0.024250632151961327,0,1.4371718168258667,inf,0.37054354,1.0584455,1.0035427,0.0,0.0,1.0,1.1214373111724854,1.6645232,-2.4144835,0.9995431,0.8,0.0,1.0,2.564591884613037,-1.7354925,2.4726176,1.0013841,4.898587e-17,0.8,1.0,2.410308361053467,-0.8770739,-0.29309902,0.99758345,-0.8,9.797174e-17,1.0,0.3030730187892914,-0.77400744,-0.93931234,0.997485,-1.4695762e-16,-0.8,1.0,0.7864488363265991
2996,-0.024369852617383003,0,1.4438178539276123,inf,0.37217706,1.0639795,1.0035352,0.0,0.0,1.0,1.1272003650665283,1.664983,-2.426053,0.99954873,0.8,0.0,1.0,2.575641632080078,-1.742816,2.4812343,1.0013875,4.898587e-17,0.8,1.0,2.4215612411499023,-0.8783286,-0.29472163,0.9975888,-0.8,9.797174e-17,1.0,0.3049623370170593,-0.7771716,-0.9402236,0.997494,-1.4695762e-16,-0.8,1.0,0.7897244095802307
2997,-0.02449018508195877,0,1.4504735469818115,inf,0.37381133,1.0695286,1.0035276,0.0,0.0,1.0,1.132977843284607,1.6654152,-2.4376328,0.99955434,0.8,0.0,1.0,2.586696147918701,-1.7501433,2.4898715,1.0013908,4.898587e-17,0.8,1.0,2.4328315258026123,-0.87959236,-0.29634857,0.99759424,-0.8,9.797174e-17,1.0,0.3068602383136749,-0.780337,-0.9411373,0.9975028,-1.4695762e-16,-0.8,1.0,0.7930017709732056
2998,-0.024610726162791252,0,1.4571385383605957,inf,0.37544635,1.0750927,1.0035198,0.0,0.0,1.0,1.1387697458267212,1.6658196,-2.4492223,0.9995598,0.8,0.0,1.0,2.5977554321289062,-1.7574743,2.4985292,1.0013943,4.898587e-17,0.8,1.0,2.444119453430176,-0.88086516,-0.29797986,0.9975995,-0.8,9.797174e-17,1.0,0.30876678228378296,-0.78350353,-0.9420536,0.99751174,-1.4695762e-16,-0.8,1.0,0.7962808609008789
2999,-0.02473057247698307,0,1.4638127088546753,inf,0.37708208,1.0806719,1.003512,0.0,0.0,1.0,1.1445763111114502,1.6661962,-2.4608216,0.99956536,0.8,0.0,1.0,2.6088194847106934,-1.7648088,2.5072076,1.0013976,4.898587e-17,0.8,1.0,2.4554245471954346,-0.88214725,-0.29961544,0.9976047,-0.8,9.797174e-17,1.0,0.3106820285320282,-0.7866711,-0.9429725,0.9975207,-1.4695762e-16,-0.8,1.0,0.7995615601539612
